# Created from matlab git hash 23af7851e533319da145d69e7a2a2424ff5e2acc
# name: foo
# type: matrix
# rows: 72
# columns: 1
0
0
0
0
0
1e-07
1e-07
1e-07
6.666666666666667e-06
6.666666666666667e-06
6.666666666666667e-06
1e-07
1e-07
1e-07
0
0
0
6.666666666666667e-06
6.666666666666667e-06
6.666666666666667e-06
0
0
0
1e-07
1e-07
1e-07
6.666666666666667e-06
6.666666666666667e-06
6.666666666666667e-06
1e-07
1e-07
1e-07
0
0
0
6.666666666666667e-06
6.666666666666667e-06
6.666666666666667e-06
0
0
0
1e-07
1e-07
1e-07
6.666666666666667e-06
1
1
1
1e-15
1e-15
1e-15
1e-15
1e-15
1e-15
1e-15
1e-15
1e-15
1e-15
1e-15
1e-15
1e-15
1e-15
1e-15
1e-15
1e-15
1e-15
1e-15
1e-15
1e-15
1e-15
1e-15
1e-15
