# Created from matlab git hash 23af7851e533319da145d69e7a2a2424ff5e2acc
# name: foo
# type: matrix
# rows: 1
# columns: 2
0 0
