# Created from matlab git hash 23af7851e533319da145d69e7a2a2424ff5e2acc
# name: foo
# type: matrix
# rows: 24
# columns: 2
4 0
4 1
4 2
4 3
4 4
4 5
4 6
4 7
3 0
3 1
3 2
3 3
2 0
2 1
1 0
0 0
5 4
5 5
5 6
5 7
5 10
5 11
5 12
5 13
