# Created from matlab git hash 23af7851e533319da145d69e7a2a2424ff5e2acc
# name: foo
# type: matrix
# rows: 10
# columns: 2
4 2
4 3
4 5
4 6
3 0
3 1
3 3
2 0
1 0
0 0
