# Created from matlab git hash dd3799aac8189c005bbd86bf2670c8c5f1198e09
# name: foo
# type: matrix
# rows: 1024
# columns: 1
372.3797753098377
119.3880809241217
-330.4818173288702
-410.985632247422
1899.103353715396
-1254.462205253398
-187.6135346004274
-356.6544488663408
2254.740879420617
-16.18320346218471
-1277.368894207757
-1072.993556352143
1684.923305247485
-1019.6159529257
441.6909173967159
-370.0947455693575
2170.798591501331
1037.592603739147
-202.4046244292178
-617.9434309573689
1855.421942588616
-1747.027029557972
-502.9567433629837
-573.4995507919638
2310.361036266851
26.86192310464709
-1168.580257320641
-891.6338126679311
2147.566604156652
-989.2978539693581
227.796752555877
-1184.777771852232
146.1226671360988
58.71705258978337
-117.6838098788396
-159.485969827445
712.0282970804296
-498.5512589847036
-98.62978465126275
-154.916764880728
1226.214498288299
29.39937113755786
-609.0974383712874
-516.341473123932
564.3141049418406
-387.4808620636294
201.6603269193895
-203.1712152238134
1173.27479286816
572.3675240339583
-63.65937797454254
-306.1098823525899
599.9368364645668
-796.6932648299792
-317.622470808079
-302.7371224566159
1229.394338224392
56.02065241920162
-499.5991234333456
-331.9323727608979
874.5828879809482
-205.8065534951517
292.5830561396582
-378.0705446160507
-124.6685102314837
-29.77079556966505
91.40706866084344
107.381665577481
-443.4076402276433
295.298959731453
44.21415742417325
102.2011989196109
107.8008406965523
112.789935833204
155.1942887633649
127.1794953558707
-477.7941200409916
278.5074783546703
-26.55885854622574
-0.6779763244054191
-255.711353591661
-122.7553937034607
30.75296567251068
52.91741533235633
-567.8768092541122
266.5261656050543
-12.59736594573521
64.16841168188847
72.31697267315886
114.4191930589575
229.3077692348017
270.7278631999224
-358.8105554027204
600.8606370083953
453.0279196664028
674.7658528231378
-251.2801860277512
-76.4177289926765
194.0554522234829
237.402588271377
-1098.00594651135
715.6506930600005
107.5535120267495
228.2709432677318
-646.6223759568458
131.8903939631535
607.4616018228994
513.6753170313166
-1028.282211205067
650.5788464530174
-153.5729066626964
142.1670588376112
-1293.654219416528
-628.1022137148948
79.06655015540721
303.9606469325463
-1139.013283479562
942.2451202694654
234.3521675443331
314.5891961196889
-670.0456826452642
113.3781175449938
590.0459417722268
509.4144188913438
-1167.069337981125
853.512676936678
306.0966567215497
1047.319208469069
362.5301987183403
154.4534257461885
74.21706727346373
-96.82526376170961
-1843.143785584029
285.2245121052195
-544.6250759541692
-402.7860396252669
-1671.836656049624
-479.7108480058686
306.8657262228261
294.2336682688193
-1569.938033109791
599.1059011400378
-251.8717769671399
279.0664365687676
-1662.757308851273
-662.4366574291595
367.6679183667232
697.950641828874
-1088.617113628823
1439.691031365541
382.2676926441447
247.5712908333706
-1341.290123790207
-544.6770739278544
-466.6126534034121
-1142.58895366511
-3580.421319762791
-1838.7040152243
-3634.028120730992
-3631.564710778283
-545.0997196531865
-194.4934085911834
325.9471689423204
459.5783125313902
-1598.739542175571
1281.551969090177
355.7894546780359
533.4520458279153
-1410.611441924142
286.4362717773861
1239.873122099876
1047.118013316234
-1426.441451830551
1060.485046728648
-281.9652456466803
297.7719805819362
-2555.08823108014
-1286.049152412755
44.49131882992918
517.2563607306352
-1688.279682217968
1622.420532557743
543.080562637119
652.9467928328264
-1500.238058506641
248.0483177020761
1265.12471767846
1163.59954769216
-1465.49921135879
1683.369546364898
1006.898876005218
2572.74851716151
-334.5031697849072
-119.1541720704712
300.8596496247241
366.0785892514313
-1990.936089220339
1216.751387158927
139.9187568315817
326.7429825414089
-2254.183697135921
15.92327911162338
1295.798361583867
1107.174894582581
-1692.800313149049
1092.018510718649
-387.2523736215322
416.1031391557058
-2942.263362652299
-1419.195208988926
172.2358429641478
745.2581553851387
-1735.483311591778
1989.336615653835
693.9968267912453
704.0424266202488
-2215.25318567436
-45.1944880828488
1004.722664371561
622.0749865893731
-2531.955195159553
627.0624149169894
-646.5398328991154
811.7537728527074
-370.3455060181249
-131.6706765657116
319.7202604338232
404.5204132273468
-1957.446574743215
1278.11358649821
194.0685056877032
366.9785407060175
-2546.924777561325
-6.703886670028695
1393.241590356135
1180.654049026444
-1667.2231006459
1066.034705800526
-452.7349257813834
435.6666133313742
-2738.156287890612
-1321.870792302908
185.4296397374485
725.3276657759623
-1778.892031388299
1961.866266639328
669.4699203999646
690.816243123249
-2566.459643362603
-65.92682402167907
1172.298695053361
809.0001849286882
-2374.704092504343
765.1957450106948
-522.6825474414679
1029.414825726429
532.3207544055913
492.3905859184752
550.8328160247559
331.3048249028024
-2140.219399994287
729.6850141330244
-690.7450605204183
-766.5409146344844
-3908.857452741941
-1437.990597325852
-121.6809473172807
-348.435999002298
-3121.921257263311
-357.1130342668779
-1538.060881469752
-243.85016545428
11143.50332150238
5939.235124113512
1499.807032003106
-758.1094721610028
-4168.1227722307
-1483.744042004032
-2747.33804997747
-2060.322125914582
-4938.47261459711
-1270.502362546971
1277.482449986916
1478.803233876058
-1587.327132613609
972.340772992264
-2442.664316632067
-3985.90206554878
-223.4586752581894
-38.77545801100485
334.0851212814854
385.704171386458
-1750.2451132402
1125.083835438013
97.42363551940042
196.8813148415395
-2969.609042566443
-271.3289969566533
1169.509905110651
947.4527713894645
-1656.622051726171
712.1102343944666
-651.0823869041674
340.0342469436412
-322.1558885256581
-75.06211462323569
375.2701356897445
445.0073873375546
-1944.774858027141
1278.905128045939
121.9618604163768
229.8166549087908
-3184.508996377142
-292.7530935675342
1244.193206260754
984.5127624928616
-1913.689602511618
731.7455464203912
-794.0513666078621
272.7897919103347
-619.6743108078331
-312.8988783560933
206.3195406194747
411.3400912316506
-1247.390667218207
1239.318903008651
549.5460690471552
704.4291717778796
-2363.573163942311
333.9953783832205
1746.88330860468
1530.175956306187
-660.4255370697326
1105.949641377907
-192.3243947217818
592.3852795367015
-5621.425030891877
-2883.941948080052
-220.625638513938
932.3335182136516
-634.1763995516264
2394.796986641355
1470.414049786315
1301.563948530379
-2225.293728579894
229.4683310907147
1271.982592934199
868.092260208296
-1540.516030593822
762.3009880642552
403.6488410809727
2716.207081625385
-550.7926568515107
-283.9836249538603
165.9851220943563
360.9923743825926
-917.4325006296148
1050.384267293449
526.6646480637266
638.5213471592308
-2234.038881890362
276.2935210808992
1564.623999428558
1367.132826476198
-391.6691581734882
886.3419754264944
-185.0299833829215
534.4982808872832
-4852.811525555381
-2501.213672231066
-213.5695782047465
795.0379903910458
-389.028402584281
2024.953339063133
1308.930470454543
1144.177398686664
-2134.967615470323
186.4400858908255
1174.794579507091
830.4766890209743
-1092.500009720112
643.5727824461648
418.2093966555556
2483.508932236864
350.9958836650936
76.09335963573075
-38.85979374749695
-145.535306606993
-1326.348172607612
169.4031865241069
-374.8468283733944
-306.1284514161678
-3008.886399451284
-589.5399053333658
738.2033187330269
686.0993443583548
-739.2881349901439
422.4411525887285
-298.4438012507572
532.3790123070364
-3377.853545840048
-1570.083882430013
198.3994456263167
951.0062308998586
-91.49436226737248
1821.06686239807
1014.891015517905
643.1923066553259
-2582.840015396308
-707.5770633450419
-362.600597303973
-1282.114018785871
-3310.513067599447
-2767.006496174418
-4356.809955644178
-3821.686366553473
-440.9258668303468
-175.4769614631598
191.8540857754417
366.3775966348906
-270.4558338035185
777.785907988145
486.415160964987
483.3916513638883
-1858.175402074057
93.06376607090762
1021.072249671064
832.4471027244156
-179.2246815370076
