# Created from matlab git hash f8dbff68b5aa3e1b45b78bfb9fb64817525f0419
# name: foo
# type: matrix
# rows: 64
# columns: 1
1.04636054940259e-17
-1.244216079623453
3.104202963227682e-16
0.1506602350663762
-3.785124735718362e-11
-0.003799915220017874
-1.651977831341078e-11
0.002747321191165162
0.0005130977831816362
-6.373974657890365e-05
-0.0009035338137935237
4.575206235959115e-05
-0.0005130978275296282
-6.377146262998588e-05
0.0009035337068327337
4.572384760923099e-05
3.041144689408998e-05
-7.355175558896746e-07
-5.319892026671166e-05
5.780197142596868e-07
1.258352177172868e-05
-1.850430703184038e-06
-2.202701480958243e-05
1.350286124196305e-06
-1.260348076190058e-05
-1.891635852995703e-06
2.203956325372101e-05
1.336205772908463e-06
-3.039154262510126e-05
-8.110878757173408e-07
5.31857497307143e-05
5.334809778225624e-07
1.448727507020253e-06
5.998156339836501e-08
-2.526785232170261e-06
3.944762025371132e-08
1.213031074614871e-06
4.313902693793618e-08
-2.130979943658022e-06
4.017721337602949e-08
8.068530541927647e-07
1.005302052081456e-08
-1.42183147150357e-06
4.285242296248431e-08
2.778856779932169e-07
-2.459812657775859e-08
-4.962550334266245e-07
3.902622651074516e-08
-2.933872260836068e-07
-5.550446884272606e-08
5.048717027528469e-07
2.9258661686027e-08
-8.199945838718631e-07
-7.796075936824177e-08
1.429136298336595e-06
1.503673122965581e-08
-1.221765199851677e-06
-8.854823075324637e-08
2.135827847908311e-06
-1.474405425120578e-09
-1.411915263963505e-06
-6.357836073339649e-08
2.50225881111566e-06
-2.703969659305798e-08
