# Created from matlab git hash f8dbff68b5aa3e1b45b78bfb9fb64817525f0419
# name: foo
# type: matrix
# rows: 64
# columns: 1
5.231802747012948e-18
-1.244216079623453
1.552101481613841e-16
0.1506602350663762
-1.094720921553599e-11
-0.003799915658321285
-4.778006785670393e-12
0.002747320799405245
0.0005130982089390981
-6.37466754737211e-05
-0.0009035332964942319
4.574623517892543e-05
-0.0005130982217648328
-6.376587828448921e-05
0.0009035332655583787
4.572909945663234e-05
3.040879764730546e-05
-7.518987095785413e-07
-5.319464461991016e-05
5.694332028716977e-07
1.258743817338438e-05
-1.859086417844156e-06
-2.202851134961731e-05
1.346751658082988e-06
-1.25994936900267e-05
-1.883977431972696e-06
2.203626058234255e-05
1.338186759880379e-06
-3.039675955124041e-05
-7.975694027542362e-07
5.318671476381908e-05
5.423438093652983e-07
1.445453439528222e-06
3.030554591645395e-08
-2.516965964241102e-06
2.642357520697165e-08
1.214704607654503e-06
1.616560056649767e-08
-2.126451548826293e-06
3.141054473134019e-08
8.094564782256589e-07
-8.383587689184233e-09
-1.419519308982384e-06
3.646926127495362e-08
2.809915172691274e-07
-3.166961785379937e-08
-4.964883215394706e-07
3.598175190332687e-08
-2.902518552029401e-07
-5.013423561600479e-08
5.021285123327637e-07
3.001634687582583e-08
-8.173070134676092e-07
-6.09663707968169e-08
1.42430083172639e-06
1.948122532553996e-08
-1.219934588012933e-06
-6.251692852152161e-08
2.129636260945829e-06
5.980263732310672e-09
-1.42323046037986e-06
-4.293554216219629e-08
2.502289022199571e-06
-1.346937732565268e-08
