# Created from matlab git hash f8dbff68b5aa3e1b45b78bfb9fb64817525f0419
# name: foo
# type: matrix
# rows: 64
# columns: 1
1.569540824103884e-17
-1.244216079623453
4.656304444841523e-16
0.1506602350663762
-7.377562525051088e-11
-0.003799914969567405
-3.219727780299089e-11
0.0027473214145456
0.0005130969725837992
-6.373553629233664e-05
-0.000903534381159027
4.575555605436377e-05
-0.0005130970590231699
-6.377489936756395e-05
0.0009035341726932247
4.572068114061132e-05
3.041189892317503e-05
-7.2467341662148e-07
-5.32026988866094e-05
5.82881132051644e-07
1.25810114238422e-05
-1.845747785330231e-06
-2.202685941845698e-05
1.352612588395159e-06
-1.260590636375444e-05
-1.8971369410221e-06
2.2042095172617e-05
1.335255379679524e-06
-3.038710231478033e-05
-8.188705974563715e-07
5.318625433503896e-05
5.27927013312742e-07
1.447606322403956e-06
8.255927225731369e-08
-2.536695430400123e-06
4.649880271629227e-08
1.211808243797718e-06
6.086691626541268e-08
-2.13797743510313e-06
4.541548729939964e-08
8.050232103790371e-07
2.169926409276701e-08
-1.426218532292494e-06
4.681477346388423e-08
2.757548383785942e-07
-2.082236002426485e-08
-4.973882060576396e-07
4.11288198035845e-08
-2.954944934496419e-07
-6.017412798709034e-08
5.071648134679253e-07
2.918147980123544e-08
-8.217574661856806e-07
-9.036493123151681e-08
1.434506586684759e-06
1.279152469200376e-08
-1.222915314348222e-06
-1.067984925789336e-07
2.143457736272535e-06
-5.54582435265697e-09
-1.401388555633473e-06
-7.522121171759185e-08
2.505734084802226e-06
-3.596109284941926e-08
