# Created from matlab git hash f8dbff68b5aa3e1b45b78bfb9fb64817525f0419
# name: foo
# type: matrix
# rows: 64
# columns: 1
2.092721098805179e-17
-1.244216079623453
6.208405926455364e-16
0.1506602350663762
-1.149015375867139e-10
-0.003799914822948538
-5.014287888306155e-11
0.002747321544618049
0.0005130959456589744
-6.373327847781274e-05
-0.0009035349781326245
4.57573427158301e-05
-0.0005130960802847019
-6.377669647242808e-05
0.0009035346534828483
4.571908389691638e-05
3.041087779141466e-05
-7.177965377844105e-07
-5.320602596703946e-05
5.850503737670102e-07
1.257953058451404e-05
-1.843773774410663e-06
-2.202763602100242e-05
1.35405383457078e-06
-1.260721768167763e-05
-1.900918040139106e-06
2.204401968685214e-05
1.335092124839728e-06
-3.038333443669865e-05
-8.225089895690311e-07
5.318776395595223e-05
5.248680891229966e-07
1.443788376043808e-06
9.988777283583135e-08
-2.546394702358067e-06
4.863741739109062e-08
1.210867790686075e-06
7.269753658739673e-08
-2.1464249678315e-06
4.794980111763712e-08
8.037093990958848e-07
2.908587862655769e-08
-1.431882495995667e-06
4.894124161872996e-08
2.742639978383193e-07
-1.899601181731093e-08
-4.994136747349986e-07
4.253127804387551e-08
-2.969352194683344e-07
-6.418620290954109e-08
5.090860516603198e-07
2.964652850370722e-08
-8.22928739338605e-07
-9.960462783868384e-08
1.440082039901529e-06
1.224836492642073e-08
-1.223638818953526e-06
-1.198591508159949e-07
2.15183859238902e-06
-7.014501494780628e-09
-1.391493592650677e-06
-8.100856797789489e-08
2.511477852794091e-06
-4.130587864590307e-08
