# Created from matlab git hash f8dbff68b5aa3e1b45b78bfb9fb64817525f0419
# name: foo
# type: matrix
# rows: 64
# columns: 1
2.615901373506474e-17
-1.244216079623453
7.760507408069205e-16
0.1506602350663762
-1.590594002369299e-10
-0.003799914737716235
-6.940858543561744e-11
0.002747321619300363
0.0005130948150484903
-6.37324579515986e-05
-0.0009035355820298023
4.575785372963159e-05
-0.0005130950014240662
-6.377723845227954e-05
0.0009035351326546391
4.571868036704701e-05
3.040888631237305e-05
-7.138140125465348e-07
-5.320891968372989e-05
5.852515907471961e-07
1.257881163433538e-05
-1.843668827417447e-06
-2.202905051436118e-05
1.354818074983243e-06
-1.2607724236741e-05
-1.903331100602131e-06
2.204544016192321e-05
1.335523409131639e-06
-3.038016718319797e-05
-8.231463983017574e-07
5.318993254762017e-05
5.237236052488091e-07
1.438564378837235e-06
1.13424043435624e-07
-2.555591506771348e-06
4.683535036217193e-08
1.210096728724594e-06
8.087306984156028e-08
-2.155570977777856e-06
4.835321965847611e-08
8.027320226074703e-07
3.388683570962872e-08
-1.438241960126064e-06
4.962539167273475e-08
2.731831022449477e-07
-1.826390674336424e-08
-5.019979271912046e-07
4.337724024837064e-08
-2.979550913010846e-07
-6.763436342940934e-08
5.106703976009373e-07
3.052555771108311e-08
-8.237323202099881e-07
-1.067081033674763e-07
1.445593780996869e-06
1.302663757491715e-08
-1.224103770957252e-06
-1.295365016136886e-07
2.160438616091317e-06
-6.455470394692259e-09
-1.382148849384428e-06
-8.313135864034626e-08
2.51858046158571e-06
-4.383385398435541e-08
