# Created from matlab git hash 15d6ecd77b971f955de2852a201e878a95b43822
# name: foo
# type: matrix
# rows: 432
# columns: 1
0
-2.925877143940681e-24
1.557556976854344e-22
-1.372140998963161e-23
-4.095082778856707e-10
-6.11139867219516e-13
-2.364359794714955e-25
0.001324859432068773
-2.137261929935352e-12
-9.119499008133865e-23
-9.642571659537424e-10
-1.51006798632926e-12
-8.780043195620277e-27
-0.0003420777549101049
6.111588128118921e-16
-7.923671308032682e-24
-2.156137359011546e-10
-3.401490530896362e-13
1.146202468153329e-24
8.573881822821841e-05
2.440136675076025e-14
2.450835849153284e-25
5.004408603563113e-10
8.09055322544156e-13
-7.524657414989134e-25
-7.909515924001885e-05
6.26625036423505e-15
-1.144153295639793e-24
-8.573881822733678e-05
-2.440136693428405e-14
-3.191439766094085e-25
-5.004954953934922e-10
-8.090967959532624e-13
7.514576786352544e-25
7.909515923958514e-05
-6.266250327530292e-15
-1.891265501863474e-24
5.996487969320754e-06
3.289875760800241e-13
-4.781286384140477e-24
7.029465146737978e-07
5.210306479484875e-13
-1.01200921477524e-24
-5.402484530830132e-06
1.27494055590776e-12
4.184649295739371e-24
5.996108040242807e-06
-2.83726228849878e-13
-3.59660913676203e-24
-7.022361997940622e-07
6.246859474821065e-13
4.355632075534506e-26
-5.404054966676542e-06
-1.258246565838521e-12
1.960027876765399e-24
-5.996487918947273e-06
-3.289497161804416e-13
4.728097922196829e-24
-7.029465536607471e-07
-5.21059974103226e-13
9.811247055407799e-25
5.402484508246627e-06
-1.274957487362104e-12
-4.251093263063619e-24
-5.996108089618802e-06
2.836883689458839e-13
3.545066842218854e-24
7.022361615154105e-07
-6.24715273644455e-13
-1.396780326966752e-26
5.404054988702393e-06
1.258263497246278e-12
3.100973209201006e-24
2.949835019636682e-07
1.639157862914768e-13
2.749158462104978e-25
4.141659122572693e-08
4.134370684375351e-14
-1.315377561484111e-24
-2.626682718598403e-07
2.534674418843005e-12
-5.698885802960198e-24
7.119703268600026e-07
1.012828136680805e-13
-1.602838127434962e-24
1.744945272820375e-08
4.913867423179209e-13
2.489805649938617e-24
-6.372714767909408e-07
1.063783861530058e-12
5.629014651166649e-24
7.118947977880233e-07
-2.051602335123115e-14
-1.772159427399865e-24
-1.673949998898241e-08
6.534548715548602e-13
-2.614236205905658e-24
-6.385697881857045e-07
-1.030330302295035e-12
-3.775512792926401e-25
2.948010885676532e-07
-1.301861561321575e-13
2.315083181475847e-24
-4.112257475754848e-08
4.328237424892753e-13
2.198015216803865e-25
-2.658026384089424e-07
-2.520940453614755e-12
-3.005374369600042e-24
-2.949834314301433e-07
-1.638622443351909e-13
-3.493785475130127e-25
-4.141664604288544e-08
-4.13851802526811e-14
1.271153283283255e-24
2.626682396854146e-07
-2.534698363551801e-12
5.698886820170514e-24
-7.119703268600006e-07
-1.01282813666382e-13
1.602837339507242e-24
-1.744945272819983e-08
-4.91386742306993e-13
-2.489806104848898e-24
6.372714767909413e-07
-1.063783861561137e-12
-5.629015683194996e-24
-7.118947977880493e-07
2.051602334922386e-14
1.772158627994176e-24
1.673949998895983e-08
-6.534548715508436e-13
2.614236667442744e-24
6.385697881856932e-07
1.03033030231224e-12
2.81952454509699e-25
-2.948011591011811e-07
1.301326141756511e-13
-2.388699331504475e-24
4.112252030462115e-08
-4.32865215914155e-13
-1.785098295024107e-25
2.658026693216238e-07
2.520964398308695e-12
-1.622976165682372e-29
6.032378526159067e-22
5.067752055488594e-24
-1.519238704210547e-13
-2.844271146187175e-11
9.742783558926013e-09
-6.305053163777342e-16
-8.38807221290935e-12
-0.002294723820069101
-1.78304277152716e-13
-7.317654508640933e-11
2.499484300664571e-08
-1.480001469323812e-17
3.089620067310103e-14
0.0005924960441139346
-3.987034799717328e-14
-1.637230139901613e-11
5.588986590433699e-09
1.422357455231933e-15
1.158705031879467e-12
-0.0001485042702952296
3.899814999238148e-14
4.000874992494269e-11
-1.364179947856079e-08
2.795796010198926e-18
2.77297676578796e-13
0.0001369967675856058
-1.421546878600994e-15
-1.158705032624856e-12
0.0001485042702946196
-3.912372962696541e-14
-4.000891038864298e-11
1.364189399689908e-08
-3.248947335225137e-18
-2.772976763868018e-13
-0.0001369967675852647
5.717361117432303e-16
1.622835433007952e-11
-1.039131914557087e-05
-4.458572075782676e-16
2.575767267579775e-11
-1.225956055022946e-06
-2.582515447102529e-16
6.290952037736074e-11
9.337321782755573e-06
4.600058755993239e-16
-1.402791456214869e-11
-1.038100098168356e-05
3.534746883258032e-16
3.082000937442121e-11
1.206661607248992e-06
-2.036701800154187e-16
-6.217684522003422e-11
9.379977183649573e-06
-4.570981137739502e-16
-1.622820784731659e-11
1.039131905928783e-05
3.569109994350565e-16
-2.575778614086921e-11
1.225956121968912e-06
2.064711966131644e-16
-6.29095858864089e-11
-9.337321743782691e-06
-5.746438735685868e-16
1.402776807935611e-11
1.038100106796661e-05
-4.421249023549361e-16
-3.08201228395247e-11
-1.206661540525858e-06
2.544251744238404e-16
6.217691072892285e-11
-9.379977221850653e-06
-9.336218215951624e-28
1.706156975325701e-21
7.166364765219919e-24
-1.175429595077588e-11
-1.171549147970493e-09
2.003814778390393e-07
-4.929606741827269e-14
-2.834731829298431e-11
-0.003245228945965999
-3.08095559233993e-28
1.706156959666862e-21
7.166085005476232e-24
1.49479390779809e-13
-1.171695401444298e-09
2.003761542090284e-07
1.137110700636876e-15
-2.834792525971813e-11
-0.003245228945988554
-2.136099297265671e-11
-3.024342079562851e-09
5.171657884493855e-07
5.267655592502334e-15
1.28096523685954e-12
0.0008379157857246393
-4.77644131152009e-12
-6.762859682785521e-10
1.156411535966506e-07
9.37517936861786e-12
-3.024485320264474e-09
5.171520425574506e-07
-7.754570233555238e-15
1.28092740805189e-12
0.0008379157857304632
2.096327425372126e-12
-6.763179979474706e-10
1.156380799433891e-07
2.500283689867778e-13
4.214052090952605e-11
-0.0002100218121753832
8.414544295550055e-12
1.656295894401778e-09
-2.831923603114437e-07
3.520226954356362e-14
6.309082531604331e-12
0.0001937419710185801
-2.500283689838462e-13
-4.214052091131048e-11
0.0002100218121753832
-8.419819584534728e-12
-1.656296265886114e-09
2.831924893016614e-07
-3.521749873972377e-14
-6.309082332427358e-12
-0.0001937419710182077
-2.068939157068206e-13
4.214133612687679e-11
-0.0002100218119710396
-8.41984768662544e-12
1.656310089197832e-09
-2.831848317072772e-07
-5.450781267362624e-14
6.308951064253039e-12
0.0001937419710586994
2.068939156940032e-13
-4.214133612893225e-11
0.0002100218119710397
8.414571879650891e-12
-1.656310598247763e-09
2.831849606975279e-07
5.449258347137895e-14
-6.308951262345812e-12
-0.000193741971058327
1.50982951849441e-24
-3.211219190736831e-22
-3.354067122897522e-24
1.015039607443156e-06
1.152698537523598e-08
-1.051647390977296e-06
-0.001476785561510214
5.323940748897188e-11
0.001529812507097386
1.536116921564388e-24
-3.211227636271319e-22
-3.365827065448683e-24
1.015539857507523e-06
1.151580408744778e-08
-1.051871138737375e-06
-0.001476785559391037
5.319244104194624e-11
0.001529812506149556
1.5102837295681e-24
-3.211222700890519e-22
-3.354271476912967e-24
1.01504813533835e-06
1.152038681459811e-08
-1.051651217403285e-06
-0.001476785561474094
5.321145913480127e-11
0.00152981250708118
1.536547204843684e-24
-3.211224295099291e-22
-3.366018359517324e-24
1.015548164417224e-06
1.152224574117763e-08
-1.051874841629801e-06
-0.001476785559355835
5.321973821272724e-11
0.001529812506133863
2.621117432624584e-06
2.975843645901172e-08
-2.715418204667492e-06
0.0003813017047748576
-1.260425613634648e-11
-0.00039499649171088
5.86096470460366e-07
6.654147039945873e-09
-6.071826487894472e-07
2.622408866148594e-06
2.973941274044586e-08
-2.715995889716617e-06
0.0003813017042278662
-1.26003019284634e-11
-0.0003949964914661816
5.863852417447876e-07
6.649893230353971e-09
-6.073118221851629e-07
2.621139167666817e-06
2.97415642114952e-08
-2.715428052646016e-06
0.0003813017047657675
-1.259717709878598e-11
-0.0003949964917067224
5.861013305295516e-07
6.650374317127144e-09
-6.071848508489705e-07
2.622430601187948e-06
2.975621132615745e-08
