# Created from matlab git hash 15d6ecd77b971f955de2852a201e878a95b43822
# name: foo
# type: matrix
# rows: 64
# columns: 1
0
4.717650661300114e-38
0
-4.273978171094106e-05
0
0.01094247448294559
0
2.467582447591784e-05
0
6.041142567738877e-05
0
0.0006358534252091452
0
-6.041142567738879e-05
0
-0.0006358534252091455
-4.678316426635664e-37
2.208362053744804e-37
1.672082295183009e-20
-7.402747342775387e-05
-3.080296080510475e-19
0.01895292176498768
-9.870834027424664e-21
4.273978171094189e-05
9.937929355595404e-22
0.000104635658630908
-1.814820135857193e-20
0.001101330438628934
-1.01958313381636e-21
-0.000104635658630908
1.927975058125367e-20
-0.001101330438628934
-3.577734606162714e-36
1.160855591165189e-37
1.035192525324173e-19
-0.0001046906569097475
-4.276918646031811e-36
-3.139710018545641e-37
1.153527803213643e-19
-0.0001046906569097476
-2.422833773560065e-18
0.02680347900664179
-5.899524095113646e-20
6.044317894848185e-05
-2.852177833864325e-18
0.0268034790066418
-6.516104367384859e-20
6.044317894848195e-05
5.107608671943431e-21
0.0001479771675436709
-1.465028185571038e-19
0.001557516442963348
-5.18807680193259e-21
-0.0001479771675436709
1.441085387595316e-19
-0.001557516442963348
4.369735024389419e-21
0.000147977167543671
-1.645824770330178e-19
0.001557516442963348
-4.229517849956473e-21
-0.000147977167543671
1.637145280453112e-19
-0.001557516442963349
