# Created from matlab git hash 5b38211c334069c71fc8167ebc7aa62a68dae577
# name: foo
# type: matrix
# rows: 8
# columns: 1
0
-6.607071006982555e-06
6.355080393155863e-22
-1.144378267330901e-05
0.003509659946208345
5.394650887147975e-06
0.003509659946208345
5.394650887147996e-06
