# Created from matlab git hash 15d6ecd77b971f955de2852a201e878a95b43822
# name: foo
# type: matrix
# rows: 32
# columns: 1
0
-1.78023835527716e-25
0
-2.675079632443096e-06
0
0.002736569999365066
0
1.544457945894715e-06
0
3.783133897051455e-06
0
0.0001582393117211111
0
-3.783133897051457e-06
0
-0.0001582393117211112
2.910638321280035e-26
-3.083463280922921e-25
2.421794945388876e-09
-6.311228611844168e-06
-1.879283765641541e-20
0.004739867091577303
-1.398223963642355e-09
3.64378953796552e-06
4.995970154467546e-23
1.334732218438088e-25
-1.434194373208825e-07
4.134833388372445e-05
4.995970154467546e-23
1.572384842202343e-25
-1.434194373208826e-07
4.13503112710171e-05
