# Created from matlab git hash 85a8ed2c2a63311b81b4bd4ee8154db314cb195d
# name: foo
# type: matrix
# rows: 8
# columns: 1
0
-1.320179875178646e-05
2.474916240229009e-21
-2.286618618939351e-05
0.003509078079249115
1.077922354292964e-05
0.003509078079249116
1.077922354292966e-05
