# Created from matlab git hash 15d6ecd77b971f955de2852a201e878a95b43822
# name: foo
# type: matrix
# rows: 432
# columns: 1
0
-2.346762033072187e-23
6.229735616184134e-22
-5.441492557727725e-23
-2.388125000023846e-09
-6.208410004228952e-12
-2.79248364386764e-24
0.002649673647076104
-3.846593571272125e-11
-3.636885035506025e-22
-4.491413767169014e-09
-1.325161584805879e-11
-5.344349117431982e-25
-0.0006841469569887834
8.033198977167781e-15
-3.149401012218377e-23
-1.004362628636597e-09
-2.975746474933446e-12
1.09641378385685e-23
0.0001714755678161016
4.56107619115674e-13
-4.575639161197529e-26
1.960684705458423e-09
6.340315015941965e-12
-6.83207051614862e-24
-0.0001581883275742381
1.004913006140992e-13
-1.086595603530034e-23
-0.0001714755676628364
-4.555914994070121e-13
-1.285344797596036e-24
-1.96330511062737e-09
-6.347525759143641e-12
6.783767007959653e-24
0.0001581883274988393
-1.007452103415667e-13
-8.126554668332863e-25
1.199327116074833e-05
2.845132390930612e-12
-2.309162148446724e-23
1.406424777917414e-06
3.582706464967457e-12
-6.957903463847057e-24
-1.080326282456071e-05
1.015924295682114e-11
2.165809614631417e-23
1.199175921434329e-05
-2.004304079866053e-12
-1.166934765490139e-23
-1.403605355459634e-06
5.462093053533843e-12
-1.924681215665653e-24
-1.08095040413908e-05
-9.875446242026795e-12
2.082554281400297e-24
-1.199326868282342e-05
-2.838261319687651e-12
2.21115290305927e-23
-1.406426691740586e-06
-3.58801002744866e-12
6.383188171904081e-24
1.080326170596489e-05
-1.016235110973467e-11
-2.281691336558006e-23
-1.199176151887115e-05
1.998016918766274e-12
1.076810001757149e-23
1.403603564729996e-06
-5.466982105730691e-12
2.437320971269148e-24
1.080950506307016e-05
9.878228031131224e-12
2.022598241628144e-23
5.901955929733404e-07
1.486209467294755e-12
-5.007253981626377e-24
8.256218895558511e-08
-1.660632707320684e-12
-9.047013856993148e-24
-5.222184877541324e-07
2.010844174683736e-11
-2.284627092812893e-23
1.424110923038147e-06
1.202983425135874e-12
-6.01191728988116e-24
3.536736187584557e-08
3.052655340753339e-12
9.709766324809657e-24
-1.273197446106612e-06
8.581944280677826e-12
2.229375642539669e-23
1.423811306105925e-06
2.434937653351982e-13
-7.356339154267872e-24
-3.255298831634786e-08
5.955336714614543e-12
-1.070068794447789e-23
-1.278359369355526e-06
-7.985581359770685e-12
5.01458733933083e-24
5.894689512441129e-07
-8.393030494696326e-13
1.397567697290265e-23
-8.139921815647211e-08
5.384106719436571e-12
-1.339904673740321e-24
-5.346784589734011e-07
-1.988316645247281e-11
-1.85097338578217e-23
-5.90192212628591e-07
-1.476910187103786e-12
3.659548021190331e-24
-8.25648365670695e-08
1.653331745866459e-12
8.208449598825715e-24
5.222168653610506e-07
-2.011297338843386e-11
2.284643411821706e-23
-1.424110922829769e-06
-1.202982672300247e-12
6.011789734934307e-24
-3.536736203845387e-08
-3.052655928149283e-12
-9.709843638538003e-24
1.273197446009044e-06
-8.581944633063142e-12
-2.229394968112035e-23
-1.423811306341816e-06
-2.434946150749671e-13
7.356190985992062e-24
3.255298813506156e-08
-5.955337367725401e-12
1.070076947576331e-23
1.278359369456202e-06
7.985581723017676e-12
-6.730805832155054e-24
-5.89472331561403e-07
8.300038661833796e-13
-1.528288963583139e-23
8.139663379508429e-08
-5.391194699151697e-12
2.03808348075556e-24
5.346798621573947e-07
1.988695993511962e-11
-2.928328262330202e-28
2.412755231345604e-21
4.064682538010458e-23
-2.731553814161298e-12
-2.32223134680062e-10
4.022662217522292e-08
-3.023850803292439e-14
-1.509649071964016e-10
-0.004589369147114802
-3.206126252487045e-12
-5.888700297055126e-10
1.009696525803099e-07
-7.081295953621479e-16
5.441783361997218e-13
0.001184977229155543
-7.16963242724343e-13
-1.3171851225083e-10
2.257700183802614e-08
6.827487683163797e-14
2.090099007805826e-11
-0.000297006641228639
6.987953639435826e-13
3.188954126383803e-10
-5.443026572498653e-08
9.973170352804477e-17
4.936753919591306e-12
0.0002739896863664314
-6.813423859848577e-14
-2.090010761331625e-11
0.0002970066411225231
-7.048170230103156e-13
-3.189233190823472e-10
5.443480005643271e-08
-1.783797967391631e-16
-4.937237909553039e-12
-0.0002739896863071157
2.723594211605477e-14
1.404349513724486e-10
-2.079437964989559e-05
-2.161076603866303e-14
1.798756965998059e-10
-2.467146722050571e-06
-1.26314038529212e-14
5.055511197368262e-10
1.863131391327576e-05
2.224509231866083e-14
-1.007609553504585e-10
-2.075318443950848e-05
1.673085102142766e-14
2.709724829729543e-10
2.390134000803557e-06
-9.596743657736363e-15
-4.924466692539082e-10
1.880168620249365e-05
-2.173945745206186e-14
-1.404094028573018e-10
2.07943755110022e-05
1.732831781831916e-14
-1.798956126681529e-10
2.467149946762893e-06
1.008373945654034e-14
-5.055630280579848e-10
-1.863131199487786e-05
-2.774157698265344e-14
1.00735563846428e-10
2.075318857840217e-05
-2.096184139806264e-14
-2.709920160869837e-10
-2.390130814832262e-06
1.196614542801914e-14
4.92457549251216e-10
-1.880168798668281e-05
-1.371060678696966e-26
6.823842802526838e-21
5.747252599279561e-23
-1.519357268734306e-10
-9.380973618760545e-09
8.030712459411357e-07
-1.608664978705839e-12
-5.101631050908553e-10
-0.006490343273898326
-8.693769475023103e-27
6.823842520011718e-21
5.747028163166294e-23
-5.682664517483374e-11
-9.383603508753385e-09
8.030287070813299e-07
-7.016403925925731e-13
-5.101922143788968e-10
-0.006490343274304016
-2.306435165617472e-10
-2.419523671108491e-08
2.069617575471568e-06
5.75502478201437e-14
2.30209814797018e-11
0.001675809624594462
-5.157265134934265e-11
-5.410128042484567e-09
4.627691943975722e-07
1.496325272329692e-11
-2.419781300136507e-08
2.069507724423951e-06
-1.767176666050568e-13
2.301916850022967e-11
0.001675809624699244
3.344300065963939e-12
-5.410704131085214e-09
4.627446320262177e-07
5.144192791621003e-12
7.585196508320488e-10
-0.0004200712869421396
6.712118546754766e-11
1.324093187393485e-08
-1.132296490822275e-06
3.424962536356558e-13
1.133987499014828e-10
0.0003874742050513404
-5.144269148860287e-12
-7.585194349918585e-10
0.0004200712869421747
-6.737420172267791e-11
-1.324100515131176e-08
1.132302679352604e-06
-3.45110388566103e-13
-1.133997406581222e-10
-0.0003874742049865878
-3.074311845302839e-12
7.585587568682567e-10
-0.0004200712832664188
-6.737908961951843e-11
1.324118493278849e-08
-1.132236338796383e-06
-1.270864435302015e-12
1.133924172047325e-10
0.0003874742057728018
3.074388202568921e-12
-7.58558541141727e-10
0.0004200712832663856
6.712598488565891e-11
-1.324126480711305e-08
1.13224252733176e-06
1.268181015669751e-12
-1.133934769658257e-10
-0.0003874742057080188
1.19416388909127e-23
-1.281954388836609e-21
-2.671693089933449e-23
4.057509818831999e-06
9.220560075581237e-08
-4.204473152456438e-06
-0.002953576955549733
9.581555980025408e-10
0.003059552481719427
1.215226648196367e-23
-1.281966189724394e-21
-2.681127667275295e-23
4.061510501609969e-06
9.206965665604597e-08
-4.206263338957858e-06
-0.002953576917416973
9.567310792923554e-10
0.003059552464654066
1.194539898947784e-23
-1.281957286738807e-21
-2.671863588269106e-23
4.057579065941231e-06
9.215208998165759e-08
-4.204504356310977e-06
-0.002953576954886529
9.576432962112016e-10
0.003059552481420218
1.215559483901367e-23
-1.281963596633213e-21
-2.681274608530753e-23
4.061575774624889e-06
9.212034618743578e-08
-4.206292321413987e-06
-0.002953576916797753
9.572121553733811e-10
0.003059552464379442
1.048177947587801e-05
2.380276883730784e-07
-1.085727446336175e-05
0.0007625887991375869
-2.268126672143373e-10
-0.0007899778543368626
2.343739455464827e-06
5.322238965709943e-08
-2.427700656586287e-06
1.049210783909613e-05
2.378537610189538e-07
-1.086189626263637e-05
0.0007625887892928299
-2.268367902059913e-10
-0.000789977849932519
2.346048850084992e-06
5.318349905869859e-08
-2.428734078651328e-06
1.048195320798247e-05
2.378924766323121e-07
-1.085735446257287e-05
0.0007625887989775223
-2.266869247093692e-10
-0.0007899778542608813
2.343778301482499e-06
5.319215669291381e-08
-2.427718544173954e-06
1.049228157069968e-05
