# Created from matlab git hash 5b38211c334069c71fc8167ebc7aa62a68dae577
# name: foo
# type: matrix
# rows: 432
# columns: 1
0
3.08560298119187e-25
-2.207300160899959e-23
-9.756310205922521e-23
-9.990933134540298e-11
-1.188251518917063e-13
-2.675631752313915e-25
0.0006624320714370773
-8.755200699076497e-13
3.866746074209111e-23
-2.397474303376093e-10
-2.89707719037056e-13
5.412786674164338e-26
-0.000171039322964851
1.079275972189977e-13
-5.632873574345065e-23
-5.322366639278707e-11
-6.38477840405035e-14
7.841903901805182e-26
4.286951715442222e-05
-2.169485029445952e-14
3.372772236610046e-24
1.251964323710181e-10
1.510361985417673e-13
-1.306682080510365e-25
-3.95476835341797e-05
2.619945690631397e-14
-7.765164787922704e-26
-4.286951715343164e-05
2.169830279732992e-14
-3.388632887716147e-24
-1.25216906593057e-10
-1.510828070100462e-13
1.302906652343433e-25
3.954768353369237e-05
-2.620115552083339e-14
-2.072369389867425e-24
2.9982009812828e-06
6.037084868873721e-14
-1.839262933156343e-24
3.513930544924664e-07
9.575616258533262e-14
8.562112069545457e-25
-2.70144679136056e-06
2.403768772191352e-13
2.484583983677352e-24
2.998105957558849e-06
-5.429912697590778e-14
-1.722721745178648e-24
-3.512154314075173e-07
1.184904044127103e-13
-1.050110116406004e-24
-2.701839492213651e-06
-2.334911686738949e-13
2.087277262168575e-24
-2.998200962037908e-06
-6.032637747019015e-14
1.827743247049501e-24
-3.513930693634865e-07
-9.579048435494952e-14
-8.629305672400076e-25
2.701446782686366e-06
-2.403970067880574e-13
-2.498623669616753e-24
-2.998105975683021e-06
5.425856164565973e-14
1.711818331726803e-24
3.512154173320326e-07
-1.185219541686407e-13
1.056344254636617e-24
2.701839500261451e-06
2.33509115546548e-13
3.105127918896326e-25
1.474668556408571e-07
3.115067124623746e-14
-6.297159690029867e-26
2.070049602417885e-08
2.334126555076632e-15
-1.211438015307616e-25
-1.317271952404434e-07
4.743884520323163e-13
-3.14114593479629e-24
3.559706929081825e-07
1.979223970917102e-14
-2.203772753832698e-24
8.647996752116661e-09
8.964879886876147e-14
1.336737125991143e-24
-3.188012869423944e-07
1.996571833435632e-13
3.137718430773138e-24
3.559518036268368e-07
-2.976546169786341e-15
-2.254346163935259e-24
-8.470442573407772e-09
1.243036573631517e-13
-1.489467357513863e-24
-3.191259452443658e-07
-1.921202614859752e-13
8.086687186371477e-26
1.474212269675349e-07
-2.38767994896515e-14
2.380099323646785e-25
-2.062697218523749e-08
8.623764812021126e-14
-4.77523089519559e-26
-1.325109746568801e-07
-4.71407201486336e-13
-2.900509742572306e-25
-1.474668292260132e-07
-3.109058455956435e-14
4.697619726622037e-26
-2.070051667317628e-08
-2.381304856663392e-15
1.114388817469874e-25
1.317271827120653e-07
-4.744178236728997e-13
3.141146992450904e-24
-3.559706929068142e-07
-1.979223342801141e-14
2.203771927135609e-24
-8.647996753184226e-09
-8.964880379117595e-14
-1.336737627627317e-24
3.188012869417481e-07
-1.996571863738635e-13
-3.137719677136781e-24
-3.559518036284558e-07
2.976538484043818e-15
2.254345209027675e-24
8.470442572166049e-09
-1.243036632357655e-13
1.489467881824459e-24
3.191259452450338e-07
1.921202646715949e-13
-1.013285007870793e-25
-1.474212533821419e-07
2.381671420809569e-14
-2.5368876009583e-25
2.062695194490106e-08
-8.628340356173386e-14
5.635987760792407e-26
1.325109857687088e-07
4.71431638859337e-13
2.144815858808811e-30
-8.548819710223592e-23
-5.344400105000977e-25
-3.253717552452089e-14
-5.347408763025035e-12
2.431535672302098e-09
-2.362665705955934e-16
-3.414540582790117e-12
-0.001147365998825341
-3.818851604206438e-14
-1.374099267298452e-11
6.246712318752819e-09
-5.53483780307749e-18
4.241124938606913e-13
0.0002962487960557324
-8.539544540520239e-15
-3.068923295603882e-12
1.396133051285209e-09
5.333574085275455e-16
1.438951938828635e-13
-7.425223447464419e-05
8.339145551275025e-15
7.495969664439841e-12
-3.410770168609937e-09
8.391438583963729e-19
1.556499544324095e-13
6.84985846713415e-05
-5.324491247214249e-16
-1.438892877768739e-13
7.425223447395825e-05
-8.386196715929559e-15
-7.496150061726352e-12
3.410805595893952e-09
-1.347300485286006e-18
-1.556531938263534e-13
-6.849858467095813e-05
2.131490443415924e-16
3.06321085042649e-12
-5.19429412732641e-06
-1.684248550671529e-16
4.756807843487801e-12
-6.107734933281226e-07
-9.824035400488584e-17
1.180533460107639e-11
4.674034408350698e-06
1.734693300643158e-16
-2.60594155924463e-12
-5.191714356057785e-06
1.311347299402275e-16
5.84316192443431e-12
6.059494751572513e-07
-7.530652225006745e-17
-1.163563053232059e-11
4.684698877786466e-06
-1.702008454176406e-16
-3.063045688933518e-12
5.194294094988337e-06
1.349966473106114e-16
-4.756936613032377e-12
6.107735184980952e-07
7.845434200202835e-17
-1.180541170099447e-11
-4.674034393452677e-06
-2.16417528957388e-16
2.605777448400989e-12
5.191714388395873e-06
-1.642303369472495e-16
-5.843288131499742e-12
-6.059494502377064e-07
9.394030794917041e-17
1.163570075041946e-11
-4.684698891816894e-06
1.203777694412423e-28
-2.417899972404445e-22
-7.557420550044175e-25
-2.358706164574263e-12
-2.196856701249556e-10
5.008994793938011e-08
-1.442666878782959e-14
-1.064808858055208e-11
-0.001622620443625085
4.25561694828057e-29
-2.417899951927207e-22
-7.557072483315457e-25
-1.27315061861048e-13
-2.197169945689472e-10
5.008894999354666e-08
-3.624073256570868e-15
-1.064831603433665e-11
-0.001622620443629914
-4.164861585852474e-12
-5.670793653353491e-10
1.292894336489286e-07
9.292385686146433e-16
1.455322472241359e-12
0.0004189590360605599
-9.312845722387427e-13
-1.267907932496525e-10
2.890891605190867e-08
1.596848250726362e-12
-5.671100478616264e-10
1.292868568373692e-07
-1.860464544301225e-15
1.455308304198205e-12
0.0004189590360618076
3.570543086676992e-13
-1.267976541517249e-10
2.890833986764783e-08
5.702393992532399e-14
8.734040984328585e-12
-0.0001050094655746433
1.576810803886389e-12
3.105107171866589e-10
-7.079907795953054e-08
5.98288628385488e-15
1.624060460837575e-12
9.687149325310271e-05
-5.702445075023925e-14
-8.734039539883918e-12
0.0001050094655746437
-1.578787740599648e-12
-3.105111864466108e-10
7.079912631073677e-08
-5.999777718979304e-15
-1.624067102214729e-12
-9.687149325268415e-05
-4.085235172462869e-14
8.734346527169022e-12
-0.0001050094655308698
-1.578819339163072e-12
3.105137456367976e-10
-7.079766670572211e-08
-1.323243478618312e-14
1.624011029910522e-12
9.687149326169577e-05
4.085286255649417e-14
-8.734345084278713e-12
0.0001050094655308696
1.576841834095097e-12
-3.105142664423878e-10
7.079771505695993e-08
1.321507977830433e-14
-1.624018116836966e-12
-9.687149326127709e-05
-1.732144909806264e-25
4.551839033299004e-23
3.530511555076864e-25
2.537794217897276e-07
2.161209896134081e-09
-2.629226401139201e-07
-0.0007383924745482825
1.226992140365559e-11
0.000764910033604756
-1.764869900065812e-25
4.551849681558343e-23
3.545155329659198e-25
2.538732102986891e-07
2.158989169908822e-09
-2.629645925430523e-07
-0.0007383924740942524
1.225675585513177e-11
0.0007649100334016283
-1.732709866140169e-25
4.551843402040677e-23
3.530766733930301e-25
2.537810233487229e-07
2.159970857585574e-09
-2.62923359104059e-07
-0.000738392474540473
1.22638832813918e-11
0.0007649100336012438
-1.765405205055844e-25
4.551845527707663e-23
3.545392414527541e-25
2.538747645249028e-07
2.160194603520862e-09
-2.629652850745766e-07
-0.0007383924740867861
1.226254998463204e-11
0.0007649100333983077
6.55321085028418e-07
5.579500070105287e-09
-6.788816700978429e-07
0.0001906516132419102
-2.923261863316148e-12
-0.0001974990340642957
1.465331325436115e-07
1.247594673547277e-09
-1.518013996701278e-07
6.555632143076144e-07
5.575875201166401e-09
-6.789899849956537e-07
0.0001906516131247027
-2.922924927944981e-12
-0.0001974990340118624
1.465872735339828e-07
1.246784134720083e-09
-1.518256192764971e-07
6.553251596557498e-07
5.576336167342299e-09
-6.788835197267837e-07
0.0001906516132399816
-2.921753960644043e-12
-0.0001974990340633988
1.465340436450154e-07
1.246887213509049e-09
-1.518018132536971e-07
6.555672889317076e-07
