# Created from matlab git hash 5b38211c334069c71fc8167ebc7aa62a68dae577
# name: foo
# type: matrix
# rows: 48
# columns: 1
0
-2.26227645725715e-08
0.000901138729785657
-2.108758085952798e-21
0.00349009529308235
3.918377764797061e-08
-8.262230384394116e-08
-0.0006580986796602484
-1.847140992623496e-08
-8.262230384393308e-08
-0.0006580986796602484
-1.847140992622984e-08
0.0001649498768199782
4.523033419471648e-08
-0.0001521647329239717
-0.0001649498768199782
-4.523033419469467e-08
0.0001521647329239718
0.0001649498768199783
4.523033419470854e-08
-0.0001521647329239717
-0.0001649498768199781
-4.523033419468843e-08
0.0001521647329239719
1.155590903780559e-05
1.376728150484428e-06
-1.032323839519202e-05
1.152174750708095e-05
-1.312874748785575e-06
-1.046470683519287e-05
-1.15559090378056e-05
-1.376728150484495e-06
1.032323839519208e-05
-1.152174750708103e-05
1.312874748785629e-06
1.046470683519283e-05
1.15559090378056e-05
1.376728150484406e-06
-1.0323238395192e-05
1.152174750708111e-05
-1.312874748785521e-06
-1.046470683519295e-05
-1.155590903780565e-05
-1.376728150484435e-06
1.032323839519196e-05
-1.152174750708103e-05
1.312874748785558e-06
1.046470683519285e-05
