# Created from matlab git hash 15d6ecd77b971f955de2852a201e878a95b43822
# name: foo
# type: matrix
# rows: 2808
# columns: 1
0
-1.543949251123657e-38
-2.268269819313317e-40
-1.934236240493145e-38
-4.546892990740956e-22
-1.074574629506664e-23
1.00315995207339e-37
-2.933266425429665e-24
2.592865930710962e-22
1.015331556397702e-37
1.017796496724293e-23
-2.260298835573925e-23
-2.750557499675055e-21
-4.388682731126464e-09
-1.004373300502188e-09
-1.78229272219253e-23
-2.09836612027228e-11
-2.64185557795808e-12
6.724998951850588e-40
-1.7006640141427e-22
-2.515350672945527e-24
-1.82867509507138e-22
-1.358903449597483e-08
0.001102845103948306
2.076226847085045e-21
-4.224365763691921e-11
-1.614616092338791e-11
-5.928658299100331e-38
6.656149625105753e-24
-1.513530372060744e-22
1.473464403778428e-21
-1.003894376433695e-08
-1.893673449193202e-09
9.350373477579708e-24
-4.782303578451801e-11
-5.649772605144604e-12
-3.002532747621912e-39
-5.867944739057347e-23
-5.492632523223258e-25
4.230686948596996e-23
4.656118966599571e-08
-0.0002847550224773479
-5.360871505184017e-22
1.506667456860357e-10
4.816699929659937e-13
1.078260623570804e-37
-9.413489059330811e-25
-1.31142802187599e-23
-1.587923178154459e-21
-1.709852371118102e-09
-4.217645114110906e-10
-1.028976754392312e-23
-8.128453494156896e-12
-1.259108990319185e-12
1.311700816127763e-39
5.925326894894123e-23
4.76983828359882e-24
-5.228863025639922e-24
-1.307876105064894e-07
7.13711480651197e-05
1.343618974605682e-22
-4.218776482512875e-10
-1.150638327803975e-12
-7.756716956746777e-39
6.805840054536696e-25
-1.656629593942365e-26
8.00230980739862e-23
3.201391212021518e-10
8.167009568977762e-10
6.044323461215588e-25
1.517862374576308e-12
2.642417241770656e-12
1.067353614720787e-40
-5.478000954730955e-23
-3.034440942856694e-24
1.304047166031451e-25
1.206751485878844e-07
-6.584076488813252e-05
-1.239813390336311e-22
3.893086895588393e-10
1.278599652294995e-12
-9.861256241669798e-40
-5.926190667997678e-23
-4.729006485375965e-24
5.228944392147348e-24
1.307881681644528e-07
-7.137114799928963e-05
-1.343618970842889e-22
4.218809268434906e-10
1.150865116910076e-12
4.759001262374872e-39
-5.57512434599293e-25
-5.369897933504965e-25
-8.002270498171041e-23
-3.27644811091266e-10
-8.178169436037734e-10
-6.044354631015944e-25
-1.559787413503675e-12
-2.645568229057395e-12
-2.827726868753244e-40
5.478417277907816e-23
3.014352220632617e-24
-1.3040891661888e-25
-1.206754227093399e-07
6.584076485574811e-05
1.2398133888483e-22
-3.893103021726608e-10
-1.278711222389193e-12
5.556910362658746e-39
-5.203695164571522e-26
-3.445309352607819e-25
-3.253957563860038e-23
-2.226185112442713e-08
4.991782070015944e-06
6.21111000297896e-24
-7.210682467446978e-11
9.547762417536995e-13
2.04651437628825e-39
-8.133792065616017e-26
-9.612296517782944e-24
-1.736384960131767e-23
-3.047937837899377e-09
5.853741016862164e-07
6.466305005127705e-25
-1.058339726989814e-11
1.457007120750217e-12
-2.007173494739639e-39
-2.009844474013438e-25
-2.891303224926647e-24
2.45481897117027e-23
1.962131513982902e-08
-4.496483582508495e-06
-5.605174411775323e-24
6.292628525605829e-11
4.429084829849814e-12
-5.995283197909524e-39
7.80383721769008e-25
9.011408838134599e-24
3.981988002408311e-23
-2.162136011471983e-08
4.991154696025361e-06
6.669429965485686e-24
-6.906961986204728e-11
-1.053008086000081e-12
2.913373122136845e-39
-3.857924380268688e-25
-4.857766637520188e-24
-1.749771780022522e-23
2.185096720511313e-09
-5.842031533474107e-07
-8.558001606490118e-25
6.462716468569837e-12
2.293495425411974e-12
2.908934013588418e-39
-5.640710434510726e-25
-7.976700468760121e-25
-2.92690271581079e-23
2.002090769115749e-08
-4.499080454574992e-06
-5.987501921082425e-24
6.483561213208776e-11
-3.905070279472659e-12
-2.65983451100172e-39
-6.840423081038632e-26
8.726283321396105e-25
3.254070841917777e-23
2.226902442539232e-08
-4.99178101436627e-06
-6.211105166973818e-24
7.214694009973847e-11
-9.517729560998089e-13
-4.285955818501272e-39
1.745682307412689e-25
9.20471799630371e-24
1.736297369504049e-23
3.042401722320956e-09
-5.853749169968362e-07
-6.466342386582904e-25
1.055244318708367e-11
-1.459325218389668e-12
6.675722422855765e-40
2.561226514176793e-25
2.652304671037576e-24
-2.454870522185905e-23
-1.962456165932747e-08
4.496483105923537e-06
5.605172207883048e-24
-6.294445221868562e-11
-4.430443466065617e-12
3.426185548895564e-39
-6.683800407816658e-25
-9.493306787434867e-24
-3.982092727257219e-23
2.161481796248181e-08
-4.99115567719754e-06
-6.669434405685358e-24
6.903321435312543e-11
1.050261378291675e-12
-4.907088941177938e-39
4.726035393373152e-25
4.482979177346488e-24
1.749690470788175e-23
-2.190184922461043e-09
5.842023909075942e-07
8.557967131527094e-25
-6.491037419691592e-12
-2.295631382555059e-12
-1.797656661777509e-39
5.151403940412649e-25
1.01085427464018e-24
2.926948756213037e-23
-2.001801363329414e-08
4.499080889532979e-06
5.987503870160481e-24
-6.481951778855563e-11
3.906285508388338e-12
1.703984899901296e-39
-2.076775251520008e-25
8.417760255284286e-24
-6.905205879088228e-24
1.613117652711269e-09
2.456545469439723e-07
-4.291727084304312e-26
5.787548208831014e-12
6.375357346273606e-13
-1.780789583198015e-39
1.631601503379761e-25
-2.083475899724175e-24
-9.095236709842471e-24
2.687237915902774e-10
3.436464337448064e-08
-6.013294277854458e-26
9.359992091286461e-13
-6.878518187849377e-13
-9.102173401608826e-40
1.060409309134347e-25
-3.765208178846923e-24
2.297743503372764e-24
-1.283476832378274e-09
-2.173602502101571e-07
1.345463516964187e-26
-4.370110429121522e-12
8.355503538759541e-12
6.512006730457495e-39
-3.695698109416549e-25
-9.510481832635431e-24
-4.174220088038681e-23
2.663558610552175e-09
5.927476203743028e-07
-2.687148698716282e-25
7.888815133933817e-12
5.246673462160466e-13
4.46582687432268e-39
-2.504477508000731e-25
-2.50328745179661e-24
-4.588478447109707e-23
8.66538297342725e-11
1.472077973012455e-08
-2.954353849970446e-25
3.071059898934431e-13
1.271589070129147e-12
-2.550544527308155e-39
1.603108176586555e-25
4.041938005396546e-24
1.440013064537346e-23
-2.587130536528389e-09
-5.299346132785235e-07
8.954299980094341e-26
-8.025024501742033e-12
3.54700164837683e-12
-6.207717915931578e-39
3.113810883102629e-25
9.280564520593277e-24
4.248884246457025e-23
3.565437853025966e-09
5.926257766829084e-07
2.746573323153532e-25
1.218413276122423e-11
1.411451835524145e-13
4.939586205343493e-39
-2.630940382638089e-25
-3.062926818876853e-24
-4.704665148326723e-23
-8.755469116417556e-11
-1.354938160244417e-08
-3.037542338619084e-25
-3.103951192329774e-13
2.477720770896115e-12
3.169070209648484e-39
-1.448148917408923e-25
-4.454585847197851e-24
-2.334903821137434e-23
-3.000849965611177e-09
-5.320844264214271e-07
-1.540504087335948e-25
-9.99684727538222e-12
-3.35603258409036e-12
-1.893715259223433e-39
-7.330727416752025e-26
2.086976940856165e-24
1.124359631182809e-23
1.19439692835758e-09
2.453507722396545e-07
7.422245670668363e-26
3.785040513466519e-12
-3.377706982948275e-13
-1.409840915374196e-39
-4.346450814409382e-26
5.816845585368066e-24
-4.964182887128735e-24
6.351522494014806e-11
-3.387953872818065e-08
-3.060645369186157e-26
6.367639378801064e-13
2.243449930905883e-12
7.513710129656211e-40
3.503593449695541e-26
-5.57621986573098e-25
-5.537181690585089e-24
-1.109911427392556e-09
-2.225457935208038e-07
-3.685468308640104e-26
-3.530835239666518e-12
-8.286791436654487e-12
2.149301724527469e-39
6.52470041200661e-26
-7.704010986223197e-24
6.906745651365573e-24
-1.603418450101843e-09
-2.456531072712263e-07
4.292335561193288e-26
-5.733456316746613e-12
-6.334720622691515e-13
-1.269223456625335e-39
-5.117892843202492e-26
1.522995472783409e-24
9.094027565544708e-24
-2.763407040075989e-10
-3.436577107639449e-08
6.012815610041778e-26
-9.785099435485415e-13
6.846611777681935e-13
-1.023631284372114e-39
-3.694768347132123e-26
3.41646612448746e-24
-2.298486762730551e-24
1.278735595013282e-09
2.173595588362223e-07
-1.345760936347686e-26
4.343547260189349e-12
-8.357484725534908e-12
