# Created from matlab git hash 23998a2ad3b03124e7bddb615f9834a5ccd2ca3a
# name: foo
# type: matrix
# rows: 8
# columns: 1
0
-0.008965535700078459
-2.662618528824335e-19
-0.01552876334960842
0.1321904193060226
0.007320329245299557
0.1321904193060226
0.007320329245299557
