# Created from matlab git hash 85a8ed2c2a63311b81b4bd4ee8154db314cb195d
# name: foo
# type: matrix
# rows: 8
# columns: 1
0
-0.0001971282346216544
5.899001965157718e-20
-0.0003414361179710634
0.01752087683569525
0.0001609545295729003
0.01752087683569526
0.0001609545295729007
