# Created from matlab git hash 5b38211c334069c71fc8167ebc7aa62a68dae577
# name: foo
# type: matrix
# rows: 432
# columns: 1
0
2.633728795523514e-23
-5.517401769171445e-22
-2.437660574266587e-21
-4.791898095349891e-09
-1.527810781448605e-11
-2.542947080909752e-23
0.003312047325608026
-1.134498246786963e-10
9.69507690553438e-22
-7.933615133012302e-09
-2.915667499863852e-11
3.207817844770036e-24
-0.0008551752343653169
2.703739571738181e-12
-1.407697099965746e-21
-1.76477931993426e-09
-6.442892945545645e-12
1.200117611717867e-23
0.000214342423673248
6.170959356359631e-13
8.144630553551074e-23
3.002332074562203e-09
1.231135693050471e-11
-1.355264413106606e-23
-0.0001977334473999752
8.41040977079965e-13
-1.16181186759222e-23
-0.0002143424226999684
-6.110216185573055e-13
-8.500483625148374e-23
-3.012572121006343e-09
-1.235717042058284e-11
1.336414959001976e-23
0.0001977334469211274
-8.44029960792034e-13
-3.304761848758185e-23
1.499175116305805e-05
5.91762769396618e-12
-5.404064137282875e-23
1.758282517937275e-06
6.311414965953634e-12
1.272655190716508e-23
-1.350298385862449e-05
2.007428157711505e-11
7.542944823146767e-23
1.498939563332567e-05
-3.651514069470381e-12
-3.837519879980202e-23
-1.753911112496116e-06
1.141336714379125e-11
-3.254247022644382e-23
-1.351267600973779e-05
-1.929825378440316e-11
3.650791404561076e-23
-1.499174127486563e-05
-5.872456038826217e-12
5.137424883816653e-23
-1.758290141892246e-06
-6.346183533789961e-12
-1.430197774092262e-23
1.350297936633418e-05
-2.009493420222276e-11
-7.845640372737478e-23
-1.498940442045029e-05
3.613213791173253e-12
3.601618394542902e-23
1.753904269672655e-06
-1.144326296480536e-11
3.387583309142637e-23
1.351267988690749e-05
1.931506867082189e-11
2.65499885409864e-23
7.379184361935078e-07
3.240816034728459e-12
-1.650521504479387e-23
1.028157138800065e-07
-5.811396458186281e-12
-1.270316495805664e-23
-6.50867810372352e-07
3.956496240307518e-11
-7.806445390270779e-23
1.780277545480899e-06
2.855882990485027e-12
-5.284671239444467e-23
4.440691953408923e-08
4.943801602894889e-12
2.880956581327682e-23
-1.590651298332163e-06
1.708322704953056e-11
7.779620951520929e-23
1.779812823921877e-06
9.77579070818534e-13
-5.709118913598909e-23
-4.004546988775412e-08
1.265983468079063e-11
-4.169293082432716e-23
-1.598672180160373e-06
-1.549933584835955e-11
1.6833273009198e-23
7.36783802159065e-07
-1.350379973960593e-12
1.687613281060909e-23
-1.010203745284658e-07
1.305105750705195e-11
-6.464402488537095e-24
-6.70222844779974e-07
-3.904904703358843e-11
-2.196980832224573e-23
-7.379052465938217e-07
-3.181918291031321e-12
1.289104151804894e-23
-1.028261021211618e-07
5.764751595848054e-12
1.037620848892021e-23
6.508612047147329e-07
-3.959572932813553e-11
7.806542288049669e-23
-1.78027754321065e-06
-2.855865701958382e-12
5.284595005335239e-23
-4.440692131954962e-08
-4.943815234181635e-12
-2.881004698243815e-23
1.590651297212887e-06
-1.708323573158314e-11
-7.779750633511367e-23
-1.779812826893545e-06
-9.776028580539545e-13
5.709020483750052e-23
4.004546762774388e-08
-1.265985270240234e-11
4.169345009209909e-23
1.598672181359314e-06
1.5499345259369e-11
-2.14131253858228e-23
-7.367969910573969e-07
1.291488728989365e-12
-2.033285166411881e-23
1.010103866668424e-07
-1.309520885458787e-11
8.244678044188131e-24
6.702280608214813e-07
3.907115150483809e-11
4.821398420556711e-28
-2.136866091394371e-21
-4.561704830531531e-23
-7.304073061478891e-12
-4.729267966036994e-10
6.462900257278411e-08
-1.181514913914755e-13
-4.447038716969972e-10
-0.005736633781084575
-8.574115583128818e-12
-1.181357904183717e-09
1.591974010371873e-07
-2.754080298909631e-15
1.184389285145651e-11
0.001481206835481475
-1.917551172011745e-12
-2.638363693112172e-10
3.557977927465611e-08
2.670137801583172e-13
5.355366377717754e-11
-0.0003712564366633918
1.86278653099761e-12
6.325475117385772e-10
-8.484786418017273e-08
2.480453283009509e-16
1.541057317399185e-11
0.0003424833145495934
-2.661259720442998e-13
-5.354325318894993e-11
0.000371256435988432
-1.886307431299176e-12
-6.327249602255196e-10
8.486559169835478e-08
-7.450896733392863e-16
-1.541628216616404e-11
-0.000342483314172405
1.057939784262497e-13
2.923923184766076e-10
-2.600081764789082e-05
-8.517856884477548e-14
3.250507054751692e-10
-3.091907890021308e-06
-5.020845214224738e-14
1.00851975962695e-09
2.326192192141611e-05
8.754266010406442e-14
-1.862171032149654e-10
-2.593655628395671e-05
6.460175543896791e-14
5.689992408272941e-10
2.971815291899709e-06
-3.69434663497657e-14
-9.73435210389652e-10
2.352776831099679e-05
-8.43285638833736e-14
-2.922295330718438e-10
2.600080146927679e-05
6.839804435596401e-14
-3.251782253566136e-10
3.091920537616073e-06
4.003754718146735e-14
-1.008598300517401e-09
-2.32619142556534e-05
-1.090080746445485e-13
1.860561683154771e-10
2.593657246257753e-05
-8.105543524248015e-14
-5.691222484839225e-10
-2.971802890581845e-06
4.598196012766602e-14
9.735016272452785e-10
-2.352777512347473e-05
2.16534223014088e-26
-6.043362003066654e-21
-6.44939553400841e-23
-3.739360345228297e-10
-1.870782294158688e-08
1.256973209247868e-06
-5.729301010878031e-12
-1.480481174197094e-09
-0.008112815703455838
1.507652600168999e-26
-6.043361542814301e-21
-6.449101214897171e-23
-1.847381113748645e-10
-1.87148563549895e-08
1.256888578688731e-06
-3.302930686955234e-12
-1.480594911739872e-09
-0.008112815704541282
-5.330489055621619e-10
-4.820406986277938e-08
3.235148371332144e-06
8.1068167470361e-14
9.102820309530671e-11
0.002094740317505633
-1.191908494911327e-10
-1.077700133891856e-08
7.233471924207572e-07
-4.440146608055841e-11
-4.821096228192325e-08
3.234929793270956e-06
-5.458833325994154e-13
9.102112876759961e-11
0.002094740317786108
-9.935884856208122e-12
-1.077854260478751e-08
7.232983213188859e-07
1.504279806815885e-11
2.024336711642316e-09
-0.0005251164910766838
1.332645684482781e-10
2.635662189735708e-08
-1.768522532753266e-06
3.386716677967076e-13
3.098861520160894e-10
0.0004843331431436546
-1.504369709441914e-11
-2.024334164738354e-09
0.0005251164910771063
-1.342534887510481e-10
-2.635709609598434e-08
1.768546731347356e-06
-3.551115324961943e-13
-3.09898036060554e-10
-0.0004843331427318092
-6.945677191190303e-12
2.024489582220988e-09
-0.000525116481241271
-1.342845812943062e-10
2.635729409592674e-08
-1.768402874647266e-06
-3.977140194194766e-12
3.098613028858468e-10
0.0004843331450733912
6.946576217530639e-12
-2.024487038209316e-09
0.000525116481240889
1.332951292438879e-10
-2.635779406674783e-08
1.768427073259857e-06
3.959884930915835e-12
-3.098736245793184e-10
-0.000484333144661187
-1.448468752230204e-23
1.133248854919504e-21
2.978478440120757e-23
6.336630973604821e-06
1.836415245438023e-07
-6.566702762486174e-06
-0.003691976867763073
2.586781531849446e-09
0.003824368904760809
-1.476311453164589e-23
1.13326684273201e-21
2.990967099272299e-23
6.344596869830812e-06
1.833135234960215e-07
-6.570268958161617e-06
-0.00369197676570213
2.581826922513768e-09
0.003824368859048329
-1.448966377074302e-23
1.133252692754028e-21
2.978706939141675e-23
6.336770102212111e-06
1.835340979594645e-07
-6.566765629221378e-06
-0.003691976865962408
2.585392259051244e-09
0.003824368903944934
-1.476742426155153e-23
1.133263487655234e-21
2.991154943506234e-23
6.344725368449878e-06
1.834134057903312e-07
-6.570325883745058e-06
-0.003691976764073325
2.583094221179942e-09
0.003824368858328502
1.637544252159822e-05
4.740922293796887e-07
-1.695886782892125e-05
0.0009532215341447877
-6.129397945050962e-10
-0.0009874573538231058
3.661494950417541e-06
1.060012963330343e-07
-3.79194722085754e-06
1.639601140990889e-05
4.73719058806831e-07
-1.69680746902128e-05
0.0009532215077718221
-6.131920442007257e-10
-0.0009874573420292402
3.666093910384163e-06
1.059178546766159e-07
-3.794005766174853e-06
1.637578829011667e-05
4.738227166704052e-07
-1.695902863692152e-05
0.0009532215337230824
-6.126064581545969e-10
-0.0009874573536174281
3.661572259775708e-06
1.059410368322033e-07
-3.791983175327644e-06
1.639635717524092e-05
4.739850282229771e-07
