# Created from matlab git hash 15d6ecd77b971f955de2852a201e878a95b43822
# name: foo
# type: matrix
# rows: 64
# columns: 1
0
-6.112570624275895e-39
0
-1.069693027655008e-05
0
0.005472759355400048
0
6.175875574668888e-06
0
1.512597855864079e-05
0
0.0003167685188166156
0
-1.51259785586408e-05
0
-0.0003167685188166157
-1.281289726041839e-37
3.918314502740959e-38
2.569117842291364e-21
-1.852762672400675e-05
-7.842981541045403e-20
0.009479097261150756
-1.478479308429833e-21
1.069693027655027e-05
1.975522238624346e-22
2.61989633777632e-05
-4.803801373300176e-21
0.0005486591688287146
-2.045500256697488e-22
-2.619896337776321e-05
4.758596264092801e-21
-0.000548659168828715
-9.650024957350432e-37
4.074827379985804e-38
1.293622087872031e-20
-2.620202099167755e-05
-1.156059510888692e-36
-6.995838321633011e-38
1.433265657106966e-20
-2.620202099167759e-05
-6.088982919222442e-19
0.01340546790577306
-7.429731995301379e-21
1.512774387285735e-05
-7.10090494687558e-19
0.01340546790577306
-8.230210602150954e-21
1.512774387285737e-05
6.013933925505532e-22
3.70509293289486e-05
-3.573349660150142e-20
0.0007759212376779179
-5.971582278142817e-22
-3.705092932894861e-05
3.686287386450715e-20
-0.0007759212376779183
5.355865417895489e-22
3.705092932894862e-05
-4.137857348813968e-20
0.0007759212376779181
-4.912791094074942e-22
-3.705092932894863e-05
4.083828183028734e-20
-0.0007759212376779185
