# Created from matlab git hash 15d6ecd77b971f955de2852a201e878a95b43822
# name: foo
# type: matrix
# rows: 48
# columns: 1
0
-6.243186248441272e-08
0.001501891507320436
8.92490382090281e-21
0.005816800795662408
1.081351578350381e-07
-2.280045304526492e-07
-0.001096826476646481
-5.097540226150855e-08
-2.280045304526229e-07
-0.001096826476646481
-5.097540226148795e-08
0.000274923892037341
1.247411729704436e-07
-0.0002536048313162637
-0.0002749238920373409
-1.247411729704109e-07
0.0002536048313162639
0.0002749238920373411
1.247411729704487e-07
-0.0002536048313162638
-0.0002749238920373411
-1.247411729703933e-07
0.0002536048313162638
1.928645678367435e-05
2.310486537466102e-06
-1.712531071176511e-05
1.919239564883566e-05
-2.134775828042614e-06
-1.751575668964977e-05
-1.928645678367439e-05
-2.310486537466196e-06
1.712531071176522e-05
-1.919239564883574e-05
2.134775828042697e-06
1.75157566896497e-05
1.928645678367439e-05
2.31048653746606e-06
-1.712531071176509e-05
1.919239564883592e-05
-2.13477582804256e-06
-1.751575668964971e-05
-1.928645678367447e-05
-2.310486537466079e-06
1.712531071176502e-05
-1.91923956488358e-05
2.13477582804258e-06
1.751575668964972e-05
