# Created from matlab git hash 4284e9d6e699002e822fb6963cd26e597ecaa80f
# name: foo
# type: matrix
# rows: 8
# columns: 1
0
-2.642716030505182e-05
4.356941191060414e-21
-4.577318434811709e-05
0.007018623683793702
2.157768603270387e-05
0.007018623683793702
2.157768603270387e-05
