# Created from matlab git hash 15d6ecd77b971f955de2852a201e878a95b43822
# name: foo
# type: matrix
# rows: 2808
# columns: 1
0
-2.581665425341433e-38
-5.071142494856143e-40
-3.772519237904329e-38
-7.10610715609952e-22
-2.101121955330934e-23
1.564890477831206e-37
-5.730034506007366e-24
4.051053016384567e-22
1.989671911265797e-37
2.106391408083145e-23
-3.500469175402532e-23
-4.296251573985959e-21
-8.535761525349035e-09
-1.938507845654187e-09
-3.480443498967417e-23
-5.150370978271841e-11
-6.016989439195992e-12
1.808276120985127e-39
-2.654957469423429e-22
-5.524227307330766e-24
-3.570352810121938e-22
-2.232447897803072e-08
0.001378538711672705
3.243621013258651e-21
-8.524977285075797e-11
-3.973580203816774e-11
-9.273945074181659e-38
1.301826295653904e-23
-2.358860953194725e-22
2.30244111724768e-21
-1.959830087487518e-08
-3.285019032328653e-09
1.826407565080124e-23
-1.175701828214374e-10
-1.188825035383526e-11
-5.895783274725457e-39
-9.156836615967709e-23
-1.296702987471036e-24
8.26151628809603e-23
7.248282619951361e-08
-0.0003559403723189988
-8.375202033534176e-22
2.935796137811012e-10
1.179164337216557e-12
1.803596460561318e-37
-2.088268338880489e-24
-2.040013728522196e-23
-2.480174892768002e-21
-3.344916295260036e-09
-7.305235512188661e-10
-2.009351582505659e-23
-2.000096819852025e-11
-2.637520265571249e-12
2.122378840466289e-39
9.238022042799375e-23
1.00024200956199e-23
-1.02130261801723e-23
-2.042857118533545e-07
8.921293291357115e-05
2.099136197988751e-22
-8.233951265634975e-10
-2.815561186185972e-12
-1.264810355650963e-38
1.384906928705156e-24
-5.444059784459711e-25
1.24913256009125e-22
6.183536865410836e-10
1.256485212739027e-09
1.179358305170916e-24
3.678964459046345e-12
5.084425036442932e-12
3.940249184311667e-40
-8.552120122498519e-23
-6.236897220288656e-24
2.726181418925078e-25
1.885101689498452e-07
-8.229999884122152e-05
-1.937234645019733e-22
7.599745135212852e-10
3.134421922524175e-12
-1.330505875292906e-39
-9.241015549496348e-23
-9.874193091589768e-24
1.021333664369084e-23
2.042874505015163e-07
-8.92129326433655e-05
-2.09913617970771e-22
8.234085181584854e-10
2.816815027857969e-12
6.898570168413654e-39
-1.048616384718556e-24
-8.15496920952579e-25
-1.249117714536201e-22
-6.36585361574281e-10
-1.259992686097729e-09
-1.179368108531236e-24
-3.809919755269679e-12
-5.097359767762573e-12
-8.220617102289367e-40
8.553566937302123e-23
6.173806884649974e-24
-2.726200858367777e-25
-1.885110230891724e-07
8.229999870829581e-05
1.937234638508416e-22
-7.599810994402634e-10
-3.135038783578317e-12
8.718531348007689e-39
-3.922350414070496e-25
2.087874459705751e-24
-4.928663221148882e-23
-3.481386252788183e-08
6.239761320204787e-06
9.64071502942622e-24
-1.408980348285196e-10
1.833260855653055e-12
2.889743820053624e-39
-7.996253952726192e-26
-1.663291782265189e-23
-2.710127458780562e-23
-4.965091478815925e-09
7.318229094227623e-07
9.692336517334984e-25
-2.196925478980439e-11
2.581608511816104e-12
-3.047669132783663e-39
-1.832471612976721e-25
-5.661917341656095e-24
3.73564961542752e-23
3.054259360267801e-08
-5.620119498536553e-06
-8.699584254615305e-24
1.221401764693977e-10
8.703750903414458e-12
-1.022487483744882e-38
1.330777927318058e-24
1.578725439327175e-23
6.347475379080829e-23
-3.357652214472115e-08
6.238785639829751e-06
1.053301390048619e-23
-1.335347186881511e-10
-2.048587826048063e-12
4.074425796974597e-39
-7.51303307475703e-25
-6.607392005085907e-24
-2.736400836157496e-23
3.272408401509001e-09
-7.300066413811653e-07
-1.377778989419379e-24
1.177183262532403e-11
4.652256983500479e-12
5.073840438150021e-39
-9.402240737691102e-25
-1.978283773151138e-24
-4.65560023045853e-23
3.132721146259779e-08
-5.624156566761929e-06
-9.44458492411179e-24
1.268710305258644e-10
-7.429677662621082e-12
-3.083515129637694e-39
6.109344157631433e-26
-7.752506426651708e-25
4.928999195065954e-23
3.483151462290903e-08
-6.239757967370433e-06
-9.640697306377043e-24
1.410250939604145e-10
-1.820755130901216e-12
-7.243505891048112e-39
3.361688192974505e-25
1.56208252035534e-23
2.70986768152535e-23
4.951481624573599e-09
-7.318254967016666e-07
-9.692473536761504e-25
2.187132256942865e-11
-2.591249878781351e-12
4.168866964035177e-40
3.356306581942165e-25
5.065789237861106e-24
-3.73580357312196e-23
-3.055061084102175e-08
5.620117980250353e-06
8.699576095186477e-24
-1.221979516359759e-10
-8.709432083806799e-12
5.384295733384095e-39
-1.029241005136906e-24
-1.695479384083332e-23
-6.347779185976049e-23
3.356083838250909e-08
-6.238788686967356e-06
-1.053302975746917e-23
1.334228151870864e-10
2.037500602020941e-12
-7.832102875401749e-39
9.851290225233249e-25
5.698248263493069e-24
2.736164836202414e-23
-3.28462192375157e-09
7.30004271069973e-07
1.377766677011197e-24
-1.185901204195114e-11
-4.660891636872783e-12
-2.999972839877841e-39
8.091459876660184e-25
2.493364918223737e-24
4.655732898380735e-23
-3.132029256035558e-08
5.624157914214785e-06
9.444591813763503e-24
-1.268217176107285e-10
7.4345661591099e-12
2.785383569098409e-39
-5.380427065041695e-25
1.615989160787096e-23
-9.948226259595705e-24
2.703230453798906e-09
3.071404122435311e-07
-7.603142999290683e-26
1.255409601946432e-11
1.337577613419021e-12
-2.990088363038347e-39
4.303567451624787e-25
-5.633044924475901e-24
-1.49951072693157e-23
4.102884967604855e-10
4.280923194035366e-08
-1.247456000289454e-25
1.677346413747753e-12
-2.107233807555265e-12
-1.569137162788911e-39
2.761382211702589e-25
-7.442424727719475e-24
2.834885437204138e-24
-2.079415085435845e-09
-2.709040778577567e-07
1.922990332799051e-26
-9.047098683647585e-12
1.618938612553085e-11
1.021351924052624e-38
-7.105335881077325e-25
-1.486316707004623e-23
-6.489834045350199e-23
3.981151793809446e-09
7.409935456064387e-07
-5.218811703182613e-25
1.428670170252e-11
1.176850371213207e-12
6.841839661402548e-39
-4.823470906384446e-25
-3.774336918449206e-24
-7.113134707728972e-23
1.464973162432106e-10
1.848943853004416e-08
-5.716449672245346e-25
6.82110926442338e-13
2.139111142686986e-12
-3.87130001900439e-39
2.953014606721077e-25
6.235246284520105e-24
2.073234301449721e-23
-3.958863115770185e-09
-6.620691742078184e-07
1.585945881571203e-25
-1.515387857660372e-11
6.923465973808006e-12
-9.616498432714835e-39
6.149351904062956e-25
1.441800012571678e-23
6.635876749445784e-23
5.739516512565664e-09
7.408068924036513e-07
5.359812830501915e-25
2.482962968615678e-11
4.552699422561161e-13
7.767419252133247e-39
-5.145831712138898e-25
-4.861362685281705e-24
-7.338956911358561e-23
-1.470418454973654e-10
-1.667125693319833e-08
-5.91988184239451e-25
-6.805497963214476e-13
5.094707056473548e-12
5.073757640262437e-39
-2.994693557803568e-25
-7.038695557225886e-24
-3.816318155372348e-23
-4.767042587341588e-09
-6.654144516268495e-07
-3.163412076586341e-25
-2.000640270904566e-11
-6.457854482395852e-12
-4.18765733624995e-39
-1.6217939371397e-25
5.648517042766606e-24
1.839016268963209e-23
1.881692250138563e-09
3.066652485320144e-07
1.525838069725234e-25
7.598799531664135e-12
-5.631701173252047e-13
-3.033635212882318e-39
-1.040842655523688e-25
1.078709487307122e-23
-6.960699829234453e-24
2.301485950931735e-10
-4.205726919450828e-08
-5.235683212454683e-26
2.124998055702711e-12
5.107927740528368e-12
1.623784950325777e-39
7.191875518708119e-26
-1.625303064439251e-24
-9.146975315480537e-24
-1.728931811145709e-09
-2.789682345475373e-07
-7.648254810436714e-26
-6.890021120206062e-12
-1.603941943441837e-11
4.590591570632688e-39
1.460506899239512e-25
-1.440792290472203e-23
9.952742451878256e-24
-2.679654395322765e-09
-3.071358899621055e-07
7.605300423726996e-26
-1.238521366736292e-11
-1.320911817040517e-12
-2.876629126060816e-39
-1.211639571152651e-25
4.252884388350139e-24
1.499154730744981e-23
-4.288633386758061e-10
-4.281278478666155e-08
1.24728538754074e-25
-1.810562367825092e-12
2.094096238043429e-12
-2.241458203430345e-39
-8.184597739674646e-26
6.565870871185856e-24
-2.837111282724316e-24
2.067609080728981e-09
2.709018597879711e-07
-1.924074882562397e-26
8.961847723520604e-12
-1.619774833064082e-11
