# Created from matlab git hash 5b38211c334069c71fc8167ebc7aa62a68dae577
# name: foo
# type: matrix
# rows: 32
# columns: 1
0
-1.572119181953099e-24
0
-1.06849841340182e-05
0
0.005472696060549219
0
6.174224345343657e-06
0
1.512159625905441e-05
0
0.0003168166161836785
0
-1.512147580135389e-05
0
-0.0003168166149318105
2.626014208419122e-25
-2.715838605244109e-24
2.180370320233105e-08
-2.522321349864728e-05
5.814624728101121e-10
0.009478886905101158
-1.258851279066806e-08
1.457176675416473e-05
1.978349061399594e-22
1.173910176036726e-24
-1.290417594493008e-06
0.0001653754237254161
1.978322527423973e-22
1.388292686777412e-24
-1.290623177793998e-06
0.0001653932285998676
