# Created from matlab git hash 15d6ecd77b971f955de2852a201e878a95b43822
# name: foo
# type: matrix
# rows: 104
# columns: 1
0
0
-1.004537990505505e-42
-2.788812361337153e-24
0
0
-5.041937177867537e-23
-6.042360845806933e-06
0
0
-3.651492851558681e-24
0.0001546829675268568
0
0
2.915560537845022e-23
1.703129410971784e-06
0
0
-2.591344472035643e-25
-4.463308321468717e-07
0
0
1.447526141259722e-24
8.975264773349744e-06
0
0
-1.798046170031669e-24
3.817342428914793e-07
0
0
-1.473017326068679e-24
-8.976117497834375e-06
3.749755406716055e-41
-2.720320545439778e-26
5.393789341330245e-43
-1.393273464714303e-25
-1.977837085187176e-24
-2.17654841117216e-08
1.045528225196411e-23
-5.359924327291543e-06
2.807572276108817e-23
-4.894177730378613e-10
5.328297181518794e-25
0.0002679929237448713
7.217411711683492e-25
-6.23249341508695e-10
-6.034586049234971e-24
3.095201217865519e-06
1.488538060417476e-41
6.795219181944475e-24
-1.529025218600994e-41
7.016005358787761e-26
-8.60116027202728e-25
-8.01402254244255e-08
6.333603735079043e-25
8.357993438137697e-09
1.434127752071637e-41
6.795715284814825e-24
1.531895460138518e-41
4.788023596552533e-26
-8.437330262682178e-25
-7.990564272394023e-08
-6.425457913051812e-25
-9.414166892132003e-09
0
0
8.538175650214672e-27
-4.736304424656715e-24
0
0
7.221010736831385e-10
-1.072101215699233e-05
0
0
2.195331213863489e-11
0.0002679137590099616
0
0
-4.12768220275745e-10
3.094679968063867e-06
-2.398899326475606e-26
4.104178926694679e-24
2.782140723654816e-24
2.585712916025081e-26
1.823727323259011e-10
-7.916235519702288e-08
-2.638504467761851e-08
-3.192323709663311e-10
0
0
4.449151548808998e-24
2.214777146829889e-24
0
0
0.0003282521960480757
2.527056305463178e-06
0
0
4.449086315601696e-24
2.221634344162515e-24
0
0
0.0003282521908640854
2.527646699491873e-06
