# Created from matlab git hash 15d6ecd77b971f955de2852a201e878a95b43822
# name: foo
# type: matrix
# rows: 8
# columns: 1
0
-0.0001055765495871121
1.266365579116281e-20
-0.0001828639479726926
0.01403057049288114
8.620289176402399e-05
0.01403057049288114
8.620289176402399e-05
