# Created from matlab git hash 85a8ed2c2a63311b81b4bd4ee8154db314cb195d
# name: foo
# type: matrix
# rows: 8
# columns: 1
0
-5.942977098354623e-05
1.098324375850713e-20
-0.0001029353828256845
0.0105258481797214
4.85242048133836e-05
0.0105258481797214
4.85242048133836e-05
