# Created from matlab git hash 85a8ed2c2a63311b81b4bd4ee8154db314cb195d
# name: foo
# type: matrix
# rows: 8
# columns: 1
0
-3.957249029261478e-05
8.838090437398981e-21
-6.854156376883498e-05
0.007016532788205757
3.23108030227158e-05
0.007016532788205758
3.231080302271585e-05
