# Created from matlab git hash 15d6ecd77b971f955de2852a201e878a95b43822
# name: foo
# type: matrix
# rows: 8
# columns: 1
0
-2.642716030505192e-05
2.555711799513585e-21
-4.577318434811721e-05
0.007018623683793704
2.157768603270392e-05
0.007018623683793704
2.157768603270392e-05
