# Created from matlab git hash 15d6ecd77b971f955de2852a201e878a95b43822
# name: foo
# type: matrix
# rows: 32
# columns: 1
0
-1.40671707124786e-24
0
-1.069169113634333e-05
0
0.005472759377037225
0
6.175912222996164e-06
0
1.512599468175485e-05
0
0.0003167685097330595
0
-1.512596254095046e-05
0
-0.0003167685096402767
2.331816710990016e-25
-2.432340826670742e-24
1.937631645889437e-08
-2.523280407911368e-05
3.390672646139701e-10
0.009479007798151765
-1.118695647889954e-08
1.45734973273248e-05
1.982438748437574e-22
1.051915328526348e-24
-1.147224079937779e-06
0.0001653808977098645
1.982423289256946e-22
1.242299203672711e-24
-1.14734395871129e-06
0.0001653967189992179
