# Created from matlab git hash 4284e9d6e699002e822fb6963cd26e597ecaa80f
# name: foo
# type: matrix
# rows: 8
# columns: 1
0
-6.609144454894599e-06
9.794140146463345e-22
-1.144737399043954e-05
0.003509729510512756
5.396343850278918e-06
0.003509729510512756
5.396343850278918e-06
