# Created from matlab git hash 15d6ecd77b971f955de2852a201e878a95b43822
# name: foo
# type: matrix
# rows: 48
# columns: 1
0
-2.527163439340961e-09
0.0003003802760106685
3.289311278504199e-22
0.001163367806518507
4.377175476003445e-09
-9.227896148350945e-09
-0.0002193667373342342
-2.063420307749227e-09
-9.227896148349681e-09
-0.0002193667373342342
-2.063420307748143e-09
5.498247210577917e-05
5.0543268788002e-09
-5.072191483951558e-05
-5.498247210577914e-05
-5.054326878800589e-09
5.072191483951563e-05
5.498247210577918e-05
5.054326878800567e-09
-5.072191483951562e-05
-5.498247210577918e-05
-5.054326878800067e-09
5.072191483951562e-05
3.847300568202034e-06
4.53902201650973e-07
-3.457062509639773e-06
3.843478248465117e-06
-4.467543040302732e-07
-3.472861818191308e-06
-3.847300568202025e-06
-4.539022016509999e-07
3.457062509639791e-06
-3.843478248465153e-06
4.467543040302826e-07
3.472861818191299e-06
3.847300568202038e-06
4.539022016509659e-07
-3.457062509639766e-06
3.843478248465171e-06
-4.467543040302572e-07
-3.472861818191298e-06
-3.847300568202044e-06
-4.539022016509829e-07
3.457062509639748e-06
-3.843478248465156e-06
4.467543040302611e-07
3.472861818191303e-06
