# Created from matlab git hash 5b38211c334069c71fc8167ebc7aa62a68dae577
# name: foo
# type: matrix
# rows: 8
# columns: 1
0
-0.0001055513881099908
1.264625780300975e-20
-0.000182820367015925
0.01403029506893709
8.618234750398328e-05
0.01403029506893709
8.618234750398344e-05
