# Created from matlab git hash 85a8ed2c2a63311b81b4bd4ee8154db314cb195d
# name: foo
# type: matrix
# rows: 8
# columns: 1
0
-7.906309435590735e-05
2.014638502597559e-20
-0.0001369412964280437
0.01052153421039199
6.455474621916501e-05
0.01052153421039199
6.455474621916508e-05
