# Created from matlab git hash 15d6ecd77b971f955de2852a201e878a95b43822
# name: foo
# type: matrix
# rows: 64
# columns: 1
0
1.205273541043119e-37
0
-6.67255451317997e-05
0
0.0136752402965716
0
3.852401144366938e-05
0
9.428608864460702e-05
0
0.0007969848939627579
0
-9.428608864460707e-05
0
-0.0007969848939627582
-6.827571386687199e-37
3.963766950972753e-37
3.167684169143476e-20
-0.0001155720343310088
-4.864627996609248e-19
0.02368621099937523
-1.834298653624253e-20
6.672554513180108e-05
1.651313384499283e-21
0.0001633082959794017
-2.768853029955518e-20
0.001380418329208387
-1.707198136038968e-21
-0.0001633082959794017
3.008857199812682e-20
-0.001380418329208388
-5.262296377181107e-36
1.49718534294248e-37
2.009914612431413e-19
-0.0001634435383819677
-6.247987573490622e-36
-5.126861971505117e-37
2.234007159280771e-19
-0.0001634435383819679
-3.739075248433e-18
0.03349736083654722
-1.144341714104546e-19
9.436417088213453e-05
-4.373694920061182e-18
0.03349736083654722
-1.27157384364386e-19
9.436417088213466e-05
9.805818086047283e-21
0.0002309528070221085
-2.292635843901639e-19
0.001952206322914909
-9.954048851816785e-21
-0.0002309528070221086
2.256044020580254e-19
-0.00195220632291491
8.350306354087103e-21
0.0002309528070221086
-2.56325983160682e-19
0.00195220632291491
-8.024225453655738e-21
-0.0002309528070221087
2.598471206723593e-19
-0.001952206322914911
