# Created from matlab git hash 5b38211c334069c71fc8167ebc7aa62a68dae577
# name: foo
# type: matrix
# rows: 432
# columns: 1
0
1.852969872369855e-24
-8.829031144189878e-23
-3.902281965950715e-22
-4.455666122828791e-10
-7.628044148825026e-13
-1.643848296726146e-24
0.001324858490362092
-5.333710398937064e-12
1.547188865833162e-22
-9.978347182507829e-10
-1.781911584210427e-12
3.048240379941287e-25
-0.0003420775767781557
4.320624640877223e-13
-2.253047835689166e-22
-2.215835578633385e-10
-3.928610672916173e-13
5.460504287166388e-25
8.573877537164493e-05
-6.497431045375773e-14
1.343707110630279e-23
4.982844531306859e-10
9.012490963266867e-13
-8.188123003936264e-25
-7.90951179411783e-05
1.095208950520311e-13
-5.383809407800725e-25
-8.573877535976264e-05
6.502261870635059e-14
-1.356390356663546e-23
-4.984891397915188e-10
-9.018082021472983e-13
8.150389255896548e-25
7.909511793533272e-05
-1.095446629047053e-13
-7.772962532695507e-24
5.996486320990388e-06
3.752758207460223e-13
-7.546432205952307e-24
7.029423194657822e-07
5.502123661372051e-13
3.18487378395249e-24
-5.402482440879499e-06
1.437762958154355e-12
1.035118572671839e-23
5.996106727945469e-06
-3.108269257347198e-13
-6.765224927577975e-24
-7.022331453021367e-07
7.3070870631407e-13
-4.395647163298172e-24
-5.404050773778049e-06
-1.396784456298519e-12
7.893023244807363e-24
-5.996486127497438e-06
-3.747385715066772e-13
7.453712380789605e-24
-7.029424689128395e-07
-5.506267616712223e-13
-3.239097365520945e-24
5.402482353526321e-06
-1.438006647105771e-12
-1.04625696724326e-23
-5.996106907995542e-06
3.103443275737548e-13
6.678663497227945e-24
7.02233005396459e-07
-7.310843213322298e-13
4.445021783373955e-24
5.404050853618528e-06
1.396997607965195e-12
1.746284775413985e-24
2.949847352218582e-07
1.946245631685721e-13
-6.48544072597648e-25
4.140449423249047e-08
-7.114124845960672e-14
-7.281753878167541e-25
-2.62669942415577e-07
2.840153064533881e-12
-1.255682699377595e-23
7.119722376690716e-07
1.360830753502348e-13
-8.749617229340271e-24
1.744409118285682e-08
5.006483914005861e-13
5.193208193194445e-24
-6.372709861254542e-07
1.201121411407718e-12
1.253647188375115e-23
7.118968339320554e-07
2.698005100665419e-17
-9.052544757411381e-24
-1.673543307956128e-08
7.774257643117803e-13
-6.108634867462704e-24
-6.385677008034953e-07
-1.142601219602819e-12
7.478645394304458e-25
2.948024365028895e-07
-1.345457757640493e-13
1.270088129133517e-24
-4.111117548139717e-08
5.999273709455455e-13
-3.531607731693564e-25
-2.65800331572483e-07
-2.817605269868602e-12
-1.582714832097379e-24
-2.949844712138075e-07
-1.939041121187722e-13
5.204128131537655e-25
-4.140470095535673e-08
7.057445911524887e-14
6.494776560718042e-25
2.626698157559375e-07
-2.840510292886806e-12
1.255683949917211e-23
-7.1197223765017e-07
-1.360829762804922e-13
8.749607440883736e-24
-1.744409119764908e-08
-5.006484691399157e-13
-5.193214182151221e-24
6.372709861164197e-07
-1.201121459570635e-12
-1.253648701944904e-23
-7.118968339548019e-07
-2.71043914790323e-17
9.052533183411542e-24
1.673543306215585e-08
-7.774258591482559e-13
6.108641169240336e-24
6.385677008129515e-07
1.142601270594954e-12
-9.114318524453355e-25
-2.948027005071218e-07
1.338253499860333e-13
-1.395057298038913e-24
4.111097365805676e-08
-6.00474265063683e-13
4.208947463208485e-25
2.658004412451553e-07
2.817893483153911e-12
1.716120567572198e-29
-3.41945882852131e-22
-3.209421137600239e-24
-2.602088253003284e-13
-3.226150685361496e-11
9.803016090115432e-09
-2.361971487207604e-15
-2.084664489317369e-11
-0.002294722185352597
-3.054116135825928e-13
-8.257471026303631e-11
2.504748234704418e-08
-5.528792955007821e-17
1.722243047446236e-12
0.0005924957346419969
-6.82960915853697e-14
-1.844218381629163e-11
5.598066826914448e-09
5.333161551134164e-15
1.571093172870459e-12
-0.000148504231049523
6.662900764468034e-14
4.493175329616078e-11
-1.363471795924671e-08
7.725192998527274e-18
8.574131069179177e-13
0.0001369966877400078
-5.322275201673722e-15
-1.57101050173097e-12
0.0001485042310412926
-6.709935496270968e-14
-4.49339175680078e-11
1.363507216384688e-08
-1.381482751806007e-17
-8.574584455185513e-13
-0.0001369966877354077
2.127576282858843e-15
1.885079122332151e-11
-1.039134794949812e-05
-1.687758894538878e-15
2.742502094620316e-11
-1.225868902813826e-06
-9.865482866326314e-16
7.092361263570313e-11
9.337311754539973e-06
1.737469039760926e-15
-1.513217391889567e-11
-1.038103364567251e-05
1.306967166068502e-15
3.610826403245964e-11
1.206582908381809e-06
-7.498397990572327e-16
-6.962116547308142e-11
9.379954384897601e-06
-1.698258176044661e-15
-1.884880886339202e-11
1.039134762618937e-05
1.353294444232205e-15
-2.742656809823013e-11
1.225869154690784e-06
7.876003110993079e-16
-7.092454454821189e-11
-9.337311604717354e-06
-2.166787146729492e-15
1.5130206262917e-11
1.038103396898132e-05
-1.637441978933075e-15
-3.610977532464513e-11
-1.20658265950918e-06
9.34966236069875e-16
6.962200107073943e-11
-9.379954524311967e-06
8.854513659878226e-28
-9.671261598444901e-22
-4.53820965523319e-24
-1.663419698702546e-11
-1.318436182055759e-09
2.00454752598224e-07
-1.33435274607366e-13
-6.688483376735382e-11
-0.003245226558943748
4.18665419952343e-28
-9.671261434604259e-22
-4.538000864200712e-24
-3.250388059228861e-12
-1.318686700650515e-09
2.004487668031594e-07
-4.703672065976747e-14
-6.688710755486195e-11
-0.00324522655898239
-2.755096002317083e-11
-3.402488679541537e-09
5.172170504723818e-07
6.503513797971503e-15
6.9171716199318e-12
0.0008379153286346537
-6.16051806913971e-12
-7.607404490673498e-10
1.156483868534406e-07
7.008710151732054e-12
-3.402734080935316e-09
5.172015939525015e-07
-1.581029045514516e-14
6.917030020246019e-12
0.0008379153286446349
1.567071143801677e-12
-7.607953234438542e-10
1.156449307545851e-07
4.722671740549025e-13
7.105621172660825e-11
-0.0002100223886788053
9.453542685802014e-12
1.86271012922449e-09
-2.831678644976302e-07
4.057901156428687e-14
1.189535377539487e-11
0.0001937417686559293
-4.722743221740718e-13
-7.105619150570216e-11
0.0002100223886788087
-9.473307075181263e-12
-1.862715810906369e-09
2.831683479293838e-07
-4.078120934104836e-14
-1.189544717548946e-11
-0.0001937417686509072
-3.105666304603812e-13
7.105926650408385e-11
-0.0002100223883286885
-9.473686192473085e-12
1.86273429421005e-09
-2.831593998527864e-07
-1.131029296896592e-13
1.189485909347387e-11
0.0001937417687246541
3.105737785670518e-13
-7.105924629908591e-11
0.0002100223883286856
9.453915040257929e-12
-1.862740491182713e-09
2.831598832848874e-07
1.128942467664162e-13
-1.189495784248088e-11
-0.0001937417687196291
-1.035725833933031e-24
1.81919024346615e-22
2.115152398391873e-24
1.014922393334155e-06
1.296700163418064e-08
-1.051546142108992e-06
-0.001476785681093081
9.470362074700651e-11
0.001529810997858979
-1.055368625010524e-24
1.81919791076717e-22
2.123945154790182e-24
1.015485080904816e-06
1.295168422276767e-08
-1.051797867653745e-06
-0.001476785677461251
9.458383038443732e-11
0.001529810996233854
-1.036067612755292e-24
1.819192884951938e-22
2.115307285560004e-24
1.014932047003121e-06
1.295953611637242e-08
-1.051550481573405e-06
-0.001476785681030284
9.465508719112622e-11
0.001529810997830694
-1.055686678796384e-24
1.819195441206737e-22
2.124085565683965e-24
1.015494356016462e-06
1.295888098982357e-08
-1.051801995512748e-06
-0.001476785677401888
9.462992486688122e-11
0.001529810996207486
2.621034100681626e-06
3.347556683104344e-08
-2.715219091145371e-06
0.0003813014002950825
-2.249360295260794e-11
-0.0003949961767158087
5.860738277533223e-07
7.485177326347933e-09
-6.071339761868339e-07
2.62248675992489e-06
3.345288525646587e-08
-2.715868999321355e-06
0.0003813013993574381
-2.249328829517784e-11
-0.000394996176296352
5.863986446069144e-07
7.480105630880299e-09
-6.072792966602198e-07
2.621058542893447e-06
3.345657267246971e-08
-2.715230241329442e-06
0.0003813014002797408
-2.248158201284746e-11
-0.0003949961767086042
5.860792930673987e-07
7.480930205563064e-09
-6.071364693825193e-07
2.62251120209786e-06
3.347175322966312e-08
