# Created from matlab git hash 85a8ed2c2a63311b81b4bd4ee8154db314cb195d
# name: foo
# type: matrix
# rows: 8
# columns: 1
0
-2.642716030505182e-05
4.356941191060414e-21
-4.577318434811709e-05
0.007018623683793702
2.157768603270387e-05
0.007018623683793702
2.157768603270387e-05
