# Created from matlab git hash 15d6ecd77b971f955de2852a201e878a95b43822
# name: foo
# type: matrix
# rows: 2808
# columns: 1
0
-3.310357048847595e-39
-1.950259559719409e-41
-2.424044657112685e-39
-1.136328090767341e-22
-1.339932095104122e-24
2.515320739959294e-38
-3.665353316529987e-25
6.482812934295102e-23
1.243216470576963e-38
1.108780345764455e-24
-5.709197378994965e-24
-6.879615380180035e-22
-5.517225711288195e-10
-1.710274259919697e-10
-2.228373375424228e-24
-1.169474045590033e-12
-2.555773268414115e-13
1.59100406008399e-41
-4.256112749206291e-23
-2.304059187587341e-25
-2.287059172236012e-23
-3.160573446867627e-09
0.0005514319742268244
5.191614651914342e-22
-5.041146160865418e-12
-8.96669644730088e-13
-1.480121823360216e-38
8.284724640881493e-25
-3.795592514477057e-23
3.6833708467128e-22
-1.255657484338555e-09
-4.026914983951842e-10
1.168687431670303e-24
-2.659549403404539e-12
-6.313188249258029e-13
-3.711084906213869e-40
-1.469113034429438e-23
-3.787560274845427e-26
5.289679968714201e-24
1.169862697776301e-08
-0.0001423793284523627
-1.340470689392577e-22
1.889392140714216e-11
2.693698739564301e-14
2.312636020864627e-38
-8.319184039994359e-26
-3.29817680833227e-24
-3.971873633016361e-22
-2.132624747241264e-10
-8.994888530238451e-11
-1.28653932328503e-24
-4.515095244212722e-13
-1.420044000267554e-13
2.240168872959001e-40
1.485406550412742e-23
5.030452204982676e-25
-6.536887596591822e-25
-3.271202413577199e-08
3.568611003293511e-05
3.359677629745577e-23
-5.278573254293168e-11
-6.438463578298401e-14
-1.754352737975745e-39
7.938406648891313e-26
1.021357365232659e-25
2.003323322429455e-23
4.07237893060035e-11
2.083290779988598e-10
7.566106409832548e-26
8.630814847309833e-14
3.368193114576551e-13
-1.212523381684489e-41
-1.370920280983924e-23
-3.371602248131802e-25
1.475066958744102e-26
3.017847722270815e-08
-3.292089410596826e-05
-3.099517722077792e-23
4.86980332335134e-11
7.137405574147259e-14
-2.054776876433918e-40
-1.485420189694402e-23
-5.02192437066967e-25
6.536896037362937e-25
3.271203589030508e-08
-3.568611003255633e-05
-3.35967762964262e-23
5.278575151173621e-11
6.438463568275178e-14
1.365148887660301e-39
-7.425132865482077e-26
-1.329544584446974e-25
-2.003323789410339e-23
-4.114787072561715e-11
-2.08352355949865e-10
-7.566112939715671e-26
-8.718973850391859e-14
-3.36837441355992e-13
2.093958643938938e-42
1.370926792873029e-23
3.367407076014538e-25
-1.475093594958199e-26
-3.017848300517383e-08
3.292089410578191e-05
3.099517722008014e-23
-4.869804256493124e-11
-7.137405571464989e-14
1.301101441501103e-39
6.355089565477815e-26
-7.878170006959216e-25
-8.621756635717064e-24
-5.545334644905802e-09
2.495847651958461e-06
1.576052276674911e-24
-8.966808483974361e-12
1.242725437719449e-13
6.643641574814991e-40
-1.496408908568591e-26
-1.99018211028065e-24
-4.350454390061345e-24
-7.010618825671109e-10
2.92579092661958e-07
1.747805354819416e-25
-1.159170065181796e-12
2.15242712566865e-13
-5.00219419092413e-40
-8.210134217361118e-26
-4.206875165597736e-25
6.450601574255699e-24
4.938228407465485e-09
-2.248612655603951e-06
-1.421750934975158e-24
7.955560698053192e-12
5.419170216092709e-13
-1.266697482766077e-39
1.574647389767728e-25
1.741253509113516e-24
9.534463478067e-24
-5.463897314558531e-09
2.495689627526018e-06
1.633598183379618e-24
-8.794214821897175e-12
-1.305232455025624e-13
8.422941717532443e-40
-5.193329444017873e-26
-1.496979704537337e-24
-4.367199388580858e-24
5.94001240665346e-10
-2.922835862421776e-07
-2.009307076938497e-25
9.324673180365662e-13
2.613358349543105e-13
5.764404428243128e-40
-1.225842335913703e-25
1.85964420696825e-26
-7.042516564664171e-24
4.98773088840795e-09
-2.249266255213453e-06
-1.469695169511241e-24
8.060378489433105e-12
-5.123489589911406e-13
-9.364594260398583e-40
-6.852088071564877e-26
8.164309025495443e-25
8.621791602128855e-24
5.545728460194225e-09
-2.495847630494412e-06
-1.576052213716845e-24
8.967623992260513e-12
-1.242559935003384e-13
-9.465405620571705e-40
1.881400263393229e-26
1.968048944439137e-24
4.350427337523448e-24
7.007572626982202e-10
-2.925791092741123e-07
-1.747805841827041e-25
1.158539067822357e-12
-2.152555323516044e-13
3.348352305926187e-40
8.434634623339428e-26
4.078356325367701e-25
-6.450617262296758e-24
-4.938405290263117e-09
2.248612645980963e-06
1.421750906829027e-24
-7.955926604138587e-12
-5.41924423111366e-13
9.208981697831927e-40
-1.526222670623747e-25
-1.768902566484028e-24
-9.534497482629607e-24
5.46351679800609e-09
-2.495689648561498e-06
-1.633598245024325e-24
8.793420774362965e-12
1.305066952313088e-13
-1.110404327508241e-39
5.568401874427493e-26
1.475531613838658e-24
4.367173016778962e-24
-5.942964178073871e-10
2.922835699343418e-07
2.009306598777212e-25
-9.330830772546422e-13
-2.613486547424027e-13
-4.239723995317084e-40
1.204404722984668e-25
-6.283888781212948e-27
7.04253172271248e-24
-4.98756143982966e-09
2.249266264596847e-06
1.469695197089163e-24
-8.060024580272573e-12
5.12356360475942e-13
2.786505007609463e-40
-1.161008905089041e-26
1.290676980484659e-24
-1.99811431375131e-24
3.552729895790581e-10
1.227781985530325e-07
-6.431281702215694e-27
5.892131578645206e-13
6.904857774327237e-14
-2.95646790530489e-40
7.486833499832576e-27
1.144373754510335e-25
-2.018330617150084e-24
6.218645995754292e-11
1.723845560333222e-08
-6.497259571196024e-27
1.090670405241636e-13
1.736572385017365e-14
-1.356929679610083e-40
6.556736928029275e-27
-5.474826030533541e-25
8.04595484060535e-25
-3.02033621918972e-10
-1.093279147038047e-07
2.582752594441256e-27
-4.935203629268883e-13
1.054287827069267e-12
1.61304837516221e-39
-4.959507086306665e-26
-2.372062796612502e-24
-1.052160492870421e-23
7.234442791626461e-10
2.963365031707981e-07
-3.389070489513804e-26
1.138771594082728e-12
4.376762978029546e-14
1.155092236774227e-39
-3.218177966194388e-26
-6.671900076026736e-25
-1.161832029174047e-23
1.933844965345275e-11
7.26281885890674e-09
-3.750982490827282e-26
3.145548272482237e-14
2.045686705179756e-13
-6.749284557827065e-40
2.41973666646523e-26
1.036335802454735e-24
4.16709048047187e-24
-6.73218986767777e-10
-2.652453611154436e-07
1.341091406000418e-26
-1.073293757859905e-12
4.412504737787951e-13
-1.575441472203268e-39
3.604469361653529e-26
2.342989594516371e-24
1.061474122328535e-23
8.364524913667973e-10
2.963052260812287e-07
3.433736760648101e-26
1.378155952697321e-12
-6.596199256732434e-15
1.214117990307355e-39
-3.263599406198982e-26
-7.376663306962028e-25
-1.176454285450655e-23
-1.955753502079946e-11
-6.967322966483523e-09
-3.797824684774719e-26
-3.193088299404665e-14
2.7193619125355e-13
7.527310544689124e-40
-1.410282805786262e-26
-1.088137234803131e-24
-5.289910770883658e-24
-7.249219518569872e-10
-2.6578581670275e-07
-1.711431542538959e-26
-1.182801845975864e-12
-4.305124383526086e-13
-1.600518802078062e-40
-6.797573419188698e-27
-1.571489466351315e-25
2.543018050911264e-24
3.035179650012542e-10
1.227022015267631e-07
8.225767691671326e-27
4.796074439049121e-13
-5.351361655429163e-14
-1.434762004180326e-40
-2.195552486979118e-27
9.635804844647562e-25
-1.499089963281703e-24
-1.97127315586018e-11
-1.711602013094847e-08
-4.855521708308312e-27
-1.90458729760033e-14
1.80117144043772e-13
6.622023404229489e-41
4.228296046866374e-27
9.148691948728794e-26
-1.210763399897947e-24
-2.814608963760834e-10
-1.106324704032733e-07
-3.929533646018577e-27
-4.500396713293938e-13
-1.049898810348025e-12
2.231690863098667e-40
5.821483643789643e-27
-1.250895003143982e-24
1.998163083289882e-24
-3.54725449876144e-10
-1.227781685013289e-07
6.43137032803487e-27
-5.880750300291454e-13
-6.902517213863209e-14
-9.705501647657902e-41
-2.974901951848288e-27
-1.454238846525273e-25
2.018292669990254e-24
-6.261294665844051e-11
-1.723847895953135e-08
6.497190724504148e-27
-1.099525487339844e-13
-1.738385374849694e-14
-1.007183261440782e-40
-3.88708711747648e-27
5.290793063370699e-25
-8.046179040429942e-25
3.017803158244078e-10
1.0932790099322e-07
-2.582793059756671e-27
4.929978037141821e-13
-1.05429829438124e-12
-1.61257089384506e-39
