# Created from matlab git hash 5b38211c334069c71fc8167ebc7aa62a68dae577
# name: foo
# type: matrix
# rows: 32
# columns: 1
0
-2.184579082256981e-23
0
-6.645639968864784e-05
0
0.01367508666090498
0
3.85160142877053e-05
0
9.426483332144474e-05
0
0.0007971014058065731
0
-9.425880376657517e-05
0
-0.0007971013031204891
3.732253837619555e-24
-3.76363264966127e-23
3.091557680658597e-07
-0.0001571873503225503
1.636610388256828e-08
0.02368451600359583
-1.784987152090081e-07
9.10090683305094e-05
1.207592818176299e-21
1.624278692457311e-23
-1.827033595307008e-05
0.001033181966006659
1.207518042515365e-21
1.928862151727814e-23
-1.827612267472422e-05
0.001033434502182279
