# Created from matlab git hash 23998a2ad3b03124e7bddb615f9834a5ccd2ca3a
# name: foo
# type: matrix
# rows: 8
# columns: 1
0
-0.002549468139123534
9.678677239218236e-20
-0.00441580834924002
0.06909831572427383
0.002081632018778545
0.06909831572427383
0.002081632018778545
