# Created from matlab git hash 15d6ecd77b971f955de2852a201e878a95b43822
# name: foo
# type: matrix
# rows: 64
# columns: 1
0
2.554741055787105e-38
0
-2.405672860556618e-05
0
0.0082081875819912
0
1.38891587362455e-05
0
3.40115194182803e-05
0
0.0004758770423982918
0
-3.401151941828032e-05
0
-0.000475877042398292
-2.865370356458352e-37
1.023463748115938e-37
7.590654539800777e-21
-4.166747620873669e-05
-1.797417108361919e-19
0.01421699793006465
-4.448689880671401e-21
2.405672860556667e-05
5.115758710296912e-22
5.890967967507672e-05
-1.074519464806351e-20
0.0008242432155894479
-5.351437812746672e-22
-5.890967967507674e-05
1.160396091140078e-20
-0.0008242432155894483
-2.104448353132114e-36
7.967718014160461e-38
4.382608714088387e-20
-5.892670996425602e-05
-2.502705839190705e-36
-1.72076288371321e-37
4.864405065354953e-20
-5.892670996425611e-05
-1.366466766189779e-18
0.02010587128892764
-2.502515570222953e-20
3.402135186032243e-05
-1.590535215170117e-18
0.02010587128892765
-2.74394001521969e-20
3.402135186032246e-05
2.148640242868408e-21
8.331086795154782e-05
-8.217348965629718e-20
0.001165655934180608
-2.150051964447166e-21
-8.331086795154785e-05
8.032131094496778e-20
-0.001165655934180609
1.702558594177668e-21
8.331086795154786e-05
-9.304963428744998e-20
0.001165655934180608
-1.744887871343859e-21
-8.331086795154789e-05
9.107298248878238e-20
-0.001165655934180609
