# Created from matlab git hash 15d6ecd77b971f955de2852a201e878a95b43822
# name: foo
# type: matrix
# rows: 48
# columns: 1
0
-2.26501631797823e-08
0.0009011388530219772
3.111434359580796e-21
0.003490095770374574
3.923123342742365e-08
-8.271119510070746e-08
-0.0006580987696593106
-1.849378079448032e-08
-8.271119510069914e-08
-0.0006580987696593106
-1.849378079447435e-08
0.0001649497378818478
4.528480902912958e-08
-0.0001521647902741488
-0.0001649497378818477
-4.528480902912529e-08
0.000152164790274149
0.0001649497378818478
4.528480902913174e-08
-0.0001521647902741489
-0.0001649497378818478
-4.528480902911964e-08
0.0001521647902741489
1.15557824539894e-05
1.37713130141679e-06
-1.032321288565245e-05
1.152157063284457e-05
-1.313177503803268e-06
-1.046483410720449e-05
-1.155578245398939e-05
-1.377131301416863e-06
1.03232128856525e-05
-1.152157063284465e-05
1.313177503803303e-06
1.046483410720446e-05
1.155578245398942e-05
1.377131301416767e-06
-1.032321288565243e-05
1.152157063284473e-05
-1.313177503803227e-06
-1.046483410720446e-05
-1.155578245398945e-05
-1.377131301416801e-06
1.032321288565238e-05
-1.152157063284467e-05
1.313177503803236e-06
1.046483410720447e-05
