# Created from matlab git hash 15d6ecd77b971f955de2852a201e878a95b43822
# name: foo
# type: matrix
# rows: 104
# columns: 1
0
0
-2.300376069350848e-42
-5.491593948775679e-24
0
0
-9.833424753068452e-23
-1.179699734905905e-05
0
0
-8.980498489385952e-24
0.0002415809023960082
0
0
5.691786180347297e-23
3.326360902799737e-06
0
0
-1.070785081439164e-24
-8.889273527658587e-07
0
0
3.550272803940106e-24
1.404744445276662e-05
0
0
-3.987943311481529e-24
7.300915565051735e-07
0
0
-3.630434631540718e-24
-1.4050125863072e-05
6.744272955075794e-41
-6.732270138185917e-26
1.281223820122074e-42
-3.336326583164172e-25
-4.863956839821972e-24
-5.352722900483853e-08
2.040820797734145e-23
-1.046535113461447e-05
5.47499161186797e-23
-1.539209103892304e-09
1.311066092418277e-24
0.0004186128085858184
1.774787316394792e-24
-1.534012009803688e-09
-1.177711177083248e-23
6.044209763765995e-06
2.65705374956802e-41
1.286309568817558e-23
-2.750588175605751e-41
1.688442235818339e-25
-2.120536444891081e-24
-1.972012929931508e-07
1.554543050529132e-24
2.019289875318496e-08
2.532549003010807e-41
1.286466130584083e-23
2.753904430236792e-41
1.136732963605329e-25
-2.069011470228679e-24
-1.964635458804211e-07
-1.583423837861384e-24
-2.351484604993415e-08
0
0
2.088659488530776e-26
-9.286489559283788e-24
0
0
1.781322090921215e-09
-2.093436161732613e-05
0
0
6.914230683877964e-11
0.0004184180682461599
0
0
-1.011452399608441e-09
6.042570190726085e-06
-5.734095096320687e-26
7.736816934384768e-24
5.271244693729284e-24
6.170192391820479e-26
5.737038603032704e-10
-1.947305631098501e-07
-6.490029801628216e-08
-1.004118179232995e-09
0
0
8.376152268680997e-24
4.334798714886549e-24
0
0
0.0005127658107374746
4.934757556904025e-06
0
0
8.375948573392721e-24
4.351502147715235e-24
0
0
0.000512765794387649
4.936215291909549e-06
