# Created from matlab git hash 15d6ecd77b971f955de2852a201e878a95b43822
# name: foo
# type: matrix
# rows: 8
# columns: 1
0
-5.942977098354647e-05
6.434449381288165e-21
-0.0001029353828256848
0.0105258481797214
4.852420481338374e-05
0.0105258481797214
4.852420481338374e-05
