# Created from matlab git hash 23998a2ad3b03124e7bddb615f9834a5ccd2ca3a
# name: foo
# type: matrix
# rows: 8
# columns: 1
0
-0.0006607781121981803
3.042794072736369e-20
-0.001144501262856691
0.03495938141984692
0.0005395230693616938
0.03495938141984692
0.0005395230693616938
