# Created from matlab git hash 4284e9d6e699002e822fb6963cd26e597ecaa80f
# name: foo
# type: matrix
# rows: 8
# columns: 1
0
-3.957249029261478e-05
8.838090437398981e-21
-6.854156376883498e-05
0.007016532788205757
3.23108030227158e-05
0.007016532788205758
3.231080302271585e-05
