# Created from matlab git hash 15d6ecd77b971f955de2852a201e878a95b43822
# name: foo
# type: matrix
# rows: 2808
# columns: 1
0
-7.580340442585789e-40
-1.543465450281853e-42
-3.034989244909091e-40
-2.840454886300479e-23
-1.671533153839613e-25
6.296755122788513e-39
-4.580652985057981e-26
1.620749088582131e-23
1.485199136703303e-39
1.221338511130885e-25
-1.430559682090453e-24
-1.720130686883725e-22
-6.904385434736043e-11
-3.70320082557643e-11
-2.785563715017361e-25
1.301827605851272e-25
-3.006464128712048e-14
-4.857412104679522e-42
-1.064287514272467e-23
-2.037534748529797e-26
-2.859331680065345e-24
-7.732230588184825e-10
0.0002757171648193203
1.297978306352109e-22
-6.241382200171148e-13
-2.764715539838036e-20
-3.698499544830069e-39
1.030804744840882e-25
-9.496096693734914e-24
9.208290473978536e-23
-1.569769785602056e-10
-9.56162342953023e-11
1.460902045972644e-25
-1.223841370954497e-25
-7.70472246359542e-14
-4.596861080168418e-41
-3.67387275104605e-24
-1.647923393438816e-27
6.612374593063886e-25
2.928825877302456e-09
-7.118989145261519e-05
-3.35135942297126e-23
2.363251596666243e-12
4.901497320098562e-21
5.299899012855884e-39
-6.93034027618152e-27
-8.259340175472089e-25
-9.931151633238932e-23
-2.664609354742516e-11
-2.138043994522687e-11
-1.608245960710287e-25
8.193724851962617e-26
-1.735782875284216e-14
3.396792711913498e-41
3.716127195024547e-24
5.368354473919959e-26
-8.173721077156956e-26
-8.179081734126153e-09
1.78431221560507e-05
8.399722321263033e-24
-6.5994892762381e-12
-1.910059296058447e-21
-4.140296735626427e-40
9.601158670044169e-27
3.251721426669201e-26
5.010393654178889e-24
5.128232688699624e-12
5.237116837976644e-11
9.461179702189209e-27
-4.269426260028917e-26
4.226040995520209e-14
-4.062716546336187e-42
-3.42817557858908e-24
-3.798089118022855e-26
1.808854584746913e-27
7.545309077084784e-09
-1.646051111438562e-05
-7.748852882979581e-24
6.088114529088192e-12
1.012204371968889e-21
-3.396792711914766e-41
-3.716127195024548e-24
-5.36835447392013e-26
8.173721077157786e-26
8.179081734126183e-09
-1.784312215605072e-05
-8.399722321263047e-24
6.599489276238172e-12
1.886060029387866e-21
3.639423418428326e-40
-9.601158669980111e-27
-3.251721426668881e-26
-5.010393654178819e-24
-5.128232688728717e-12
-5.23711683796408e-11
-9.461179702188786e-27
-4.216919474744851e-27
-4.226040995421611e-14
4.062716546313912e-42
3.428175578589081e-24
3.798089118022753e-26
-1.808854584732741e-27
-7.545309077084779e-09
1.646051111438562e-05
7.748852882979582e-24
-6.088114529088192e-12
-1.007969207232617e-21
3.058683744353365e-40
2.324873729854853e-26
-2.693610738278323e-25
-2.214921751877922e-24
-1.382652443221587e-09
1.247908556846367e-06
3.972247563649525e-25
-1.111489354641417e-12
1.59772744445565e-14
1.91090904340175e-40
-1.061596619834162e-27
-4.573529399340878e-25
-1.088810561608802e-24
-1.680791010459758e-10
1.462572516433335e-07
4.533180376127013e-26
-1.302389359778588e-13
2.988021723470866e-14
-1.216037823982511e-40
-2.357570738441314e-26
-7.438633783052035e-26
1.651044308558932e-24
1.238213928350409e-09
-1.12439399648503e-06
-3.581862282697201e-25
1.001566619422496e-12
6.604620287433816e-14
-2.926670382099922e-40
3.438236223966108e-26
3.755654065621195e-25
2.329063250255666e-24
-1.372401690360812e-09
1.247868951305345e-06
4.044255229420442e-25
-1.111489354641414e-12
-1.597727463857998e-14
2.20251551014331e-40
-7.814529566770099e-27
-4.057682247643822e-25
-1.090929564787329e-24
1.547447905374608e-10
-1.461831876267229e-07
-4.860169093861062e-26
1.30238935977864e-13
2.988021719505913e-14
1.274612923930915e-40
-2.835586109798233e-26
2.994716631019423e-26
-1.725075093891643e-24
1.244374180455288e-09
-1.124557703397586e-06
-3.641834074369938e-25
1.001566619422531e-12
-6.604620312888921e-14
-2.601451053883708e-40
-2.32487372985511e-26
2.693610738278283e-25
2.214921751877952e-24
1.382652443221586e-09
-1.247908556846368e-06
-3.972247563649519e-25
1.111489354641412e-12
-1.597727444190952e-14
-2.265079962507811e-40
1.061596619845397e-27
4.573529399340826e-25
1.088810561608821e-24
1.680791010459763e-10
-1.462572516433354e-07
-4.533180376127154e-26
1.302389359778595e-13
-2.988021723667183e-14
1.011557148497358e-40
2.35757073844336e-26
7.438633783052388e-26
-1.651044308558975e-24
-1.23821392835041e-09
1.124393996485023e-06
3.581862282697178e-25
-1.001566619422505e-12
-6.604620287424992e-14
2.469437691630132e-40
-3.438236223965851e-26
-3.755654065621175e-25
-2.329063250255675e-24
1.372401690360818e-09
-1.247868951305345e-06
-4.044255229420453e-25
1.111489354641422e-12
1.597727463602124e-14
-2.556686429249586e-40
7.814529566781914e-27
4.057682247643841e-25
1.090929564787366e-24
-1.547447905374651e-10
1.46183187626727e-07
4.860169093861079e-26
-1.302389359778647e-13
-2.988021719798184e-14
-1.070132248445891e-40
2.835586109796252e-26
-2.994716631020065e-26
1.725075093891603e-24
-1.244374180455271e-09
1.124557703397586e-06
3.641834074369922e-25
-1.001566619422501e-12
6.604620312438933e-14
3.90264006498111e-41
-6.262712255453363e-28
2.378643613920625e-25
-5.336951752768375e-25
8.400712382891258e-11
6.137839945136951e-08
-9.084059774381557e-28
6.519977775298776e-14
7.672930058705826e-15
-4.593147515812508e-41
-4.992834217718434e-29
9.376561945828323e-26
-4.722415878778469e-25
1.402074636542863e-11
8.618407358273837e-09
-7.085532689696203e-28
9.145275343299596e-15
1.237674391822663e-14
-1.77339034711646e-41
5.864551659826671e-28
-9.9005266486288e-26
2.285514245354884e-25
-7.366814602420516e-11
-5.482728764954141e-08
4.028160158847853e-28
-5.842394927772403e-14
1.318079314736683e-13
4.010896793113715e-40
-7.030888839013215e-27
-5.918188218688618e-25
-2.639177096619944e-24
1.880156667770146e-10
1.481615451407259e-07
-4.250039721790208e-27
1.574061877149254e-13
3.178231740007117e-15
2.930324806185998e-40
-4.108354461493825e-27
-1.716683348617531e-25
-2.919173173442234e-24
4.679768771443741e-12
3.600539534021903e-09
-4.725472609927761e-27
3.788097078860019e-15
2.988010356159019e-14
-1.734646466170296e-40
3.888112604740852e-27
2.623287179771916e-25
1.11265696340214e-24
-1.715770886199954e-10
-1.326914944561004e-07
1.892252287520773e-27
-1.41047890713639e-13
5.459663274466249e-14
-3.964355889815877e-40
3.712894874598681e-27
5.881746864420991e-25
2.650813077195519e-24
2.021485440525558e-10
1.481536671087898e-07
4.287690589115525e-27
1.574061877149184e-13
-3.178231637723477e-15
3.00373186975228e-40
-4.028504466868975e-27
-1.804921162113491e-25
-2.93747998799553e-24
-4.709823396109692e-12
-3.526475517407506e-09
-4.726378705991729e-27
-3.788097078857706e-15
2.98801037825527e-14
1.831991373918407e-40
-9.149381897093814e-28
-2.688085818481842e-25
-1.253124496375202e-24
-1.780396562385102e-10
-1.328268234218105e-07
-1.925990322259683e-27
-1.410478907136297e-13
-5.459663298962926e-14
-9.914056108800006e-42
-7.480868743991467e-28
-1.14419670772339e-25
6.01841729045398e-25
7.760418384932072e-11
6.135938019984694e-08
9.240014773195907e-28
6.519977775298673e-14
-7.672930016340394e-15
-1.633337554145051e-41
1.428465977856211e-28
1.857822982979988e-25
-4.072910584624879e-25
-8.647734390542648e-12
-8.587729038109073e-09
-7.107407783700394e-28
-9.145275343307518e-15
1.237674445244192e-14
4.152068118883334e-42
6.450740000501956e-28
5.026463106797344e-26
-2.793387274496851e-25
-7.114785132893795e-11
-5.515400067397662e-08
-4.167907674486769e-28
-5.842394927773138e-14
-1.318079315925286e-13
2.563606655244801e-41
6.262712255399046e-28
-2.378643613920712e-25
5.33695175276837e-25
-8.400712382891229e-11
-6.137839945137085e-08
9.084059774382782e-28
-6.51997777529855e-14
-7.672930058570721e-15
-4.15585656166686e-42
4.992834218558662e-29
-9.376561945828439e-26
4.722415878779753e-25
-1.402074636543534e-11
-8.618407358274868e-09
7.085532689699746e-28
-9.145275343308394e-15
-1.237674391739255e-14
-1.118403098025125e-41
-5.864551659703687e-28
9.900526648629124e-26
-2.285514245354779e-25
7.366814602420323e-11
5.482728764954137e-08
-4.028160158855485e-28
5.84239492777194e-14
-1.318079314755901e-13
