# Created from matlab git hash 15d6ecd77b971f955de2852a201e878a95b43822
# name: foo
# type: matrix
# rows: 48
# columns: 1
0
-1.009171014961437e-08
0.0006007600582302918
1.380663704024509e-21
0.00232673370059252
1.747935471453108e-08
-3.685052251692138e-08
-0.0004387331140544761
-8.23984683320037e-09
-3.685052251691759e-08
-0.0004387331140544761
-8.239846833197478e-09
0.0001099655258661968
2.018062959412227e-08
-0.0001014435906482853
-0.0001099655258661967
-2.018062959412206e-08
0.0001014435906482854
0.0001099655258661968
2.018062959412339e-08
-0.0001014435906482853
-0.0001099655258661968
-2.018062959411977e-08
0.0001014435906482853
7.699034581754031e-06
9.134584659469835e-07
-6.898160767194851e-06
7.683779276951156e-06
-8.849346770809431e-07
-6.961255136152685e-06
-7.699034581754017e-06
-9.134584659470352e-07
6.898160767194886e-06
-7.68377927695122e-06
8.849346770809637e-07
6.961255136152666e-06
7.699034581754041e-06
9.134584659469685e-07
-6.898160767194837e-06
7.683779276951264e-06
-8.849346770809132e-07
-6.961255136152664e-06
-7.699034581754053e-06
-9.134584659469979e-07
6.898160767194802e-06
-7.683779276951231e-06
8.849346770809197e-07
6.961255136152673e-06
