# Created from matlab git hash 5b38211c334069c71fc8167ebc7aa62a68dae577
# name: foo
# type: matrix
# rows: 8
# columns: 1
0
-0.0001647725507442509
2.121634248395454e-20
-0.0002853944295817628
0.01753161854874944
0.0001345362243134216
0.01753161854874945
0.0001345362243134219
