# Created from matlab git hash 15d6ecd77b971f955de2852a201e878a95b43822
# name: foo
# type: matrix
# rows: 104
# columns: 1
0
0
7.353018559908513e-60
-4.19604456024629e-26
0
0
-7.896539367739636e-25
-9.447091949825716e-08
0
0
1.706941903200653e-41
9.675379701427003e-06
0
0
4.559069129630978e-25
2.661227905028385e-08
0
0
1.260338112306222e-26
-6.458092945569983e-09
0
0
-5.049131587898255e-44
5.592849247277697e-07
0
0
-1.260338112306231e-26
6.458092945569978e-09
0
0
5.049131587898257e-44
-5.592849247277698e-07
7.629391660540308e-43
-3.293700336072898e-40
-1.260196900071142e-59
1.451288652901634e-40
3.911981121423255e-43
-1.306713855170909e-25
1.635246533063179e-25
-8.379159525787954e-08
4.398044856252514e-25
-1.838659648569076e-22
-9.912127710574578e-42
1.675824922539212e-05
1.286213458730586e-41
-3.35683564819706e-25
-9.441100260554329e-26
4.837710007796524e-08
3.078638279375293e-43
1.186820625084423e-25
-3.114686102694813e-43
1.883440695339377e-40
6.157276558750578e-43
-2.661612222126683e-25
6.856522580378132e-40
3.204940743760866e-22
3.078638279375293e-43
1.186820625084423e-25
3.114686102694813e-43
-7.724097482164803e-41
6.157276558750578e-43
-2.661612222126683e-25
6.978567822550452e-40
3.21223700761359e-22
0
0
-2.253030839076051e-40
-7.267762369169564e-26
0
0
4.069946926734953e-24
-1.675831905157595e-07
0
0
-1.214080557731164e-22
1.675824922539212e-05
0
0
-2.349784953737932e-24
4.837710007796552e-08
-3.866317786549904e-42
7.267762369169545e-26
4.845174912779696e-26
2.497136987791256e-40
-7.732635573099813e-42
-2.703014252819238e-24
9.690349825557993e-26
8.695150898474449e-22
0
0
7.912137500562822e-26
3.426056036861506e-26
0
0
2.052457979230108e-05
3.949973680885748e-08
0
0
7.91213750056282e-26
3.426056036861485e-26
0
0
2.052457979230108e-05
3.949973680885744e-08
