# Created from matlab git hash 15d6ecd77b971f955de2852a201e878a95b43822
# name: foo
# type: matrix
# rows: 432
# columns: 1
0
-9.888326849576285e-24
3.504386590875324e-22
-3.076849921439637e-23
-1.099411553137528e-09
-2.296937552482524e-12
-9.960670286775654e-25
0.001987275016972284
-1.190700590913713e-11
-2.049423713037188e-22
-2.320146374761342e-09
-5.305654759382639e-12
-1.31668087510684e-25
-0.0005131139594945615
3.029833723953624e-15
-1.778116217790175e-23
-5.188047583266347e-10
-1.192914892755878e-12
4.261336863181779e-24
0.0001286075801846839
1.38096589505631e-13
3.139234701506929e-25
1.116325490119346e-09
2.707222955194857e-12
-2.717478283891156e-24
-0.0001186421161792245
3.334577034866413e-14
-4.239836740758618e-24
-0.0001286075801622082
-1.380504742847723e-13
-7.262885780344282e-25
-1.116898972557178e-09
-2.708280265044597e-12
2.706901192043217e-24
0.0001186421161681677
-3.336845635021061e-14
-2.477966653294718e-24
8.99484755962908e-06
1.156833974446458e-12
-1.178277770423992e-23
1.054631608994254e-06
1.633140275205199e-12
-3.039656602046201e-24
-8.103093560522211e-06
4.299699128442707e-12
1.076690000797239e-23
8.993994719183559e-06
-9.013350257097838e-13
-7.357675345640046e-24
-1.053038477064558e-06
2.212377336830586e-12
-4.77322525049303e-25
-8.106617485556034e-06
-4.208817238400887e-12
2.866452993337448e-24
-8.994847023476786e-06
-1.155842856577311e-12
1.148263912553296e-23
-1.054632023478359e-06
-1.633906313908904e-12
2.86447347089906e-24
8.103093319259531e-06
-4.300145411697825e-12
-1.113106126132405e-23
-8.993995229907521e-06
9.00396081532237e-13
7.074806079985493e-24
1.053038080634579e-06
-2.213106331380928e-12
6.389097671878507e-25
8.106617712604501e-06
4.209234356463688e-12
9.044200910270884e-24
4.425572313534019e-07
5.901650060371604e-13
-9.868675486526632e-25
6.205947525662663e-08
-2.963306103837611e-13
-3.933294815714255e-24
-3.928287050686774e-07
8.527942329571471e-12
-1.284087724155336e-23
1.068013590853237e-06
4.287265292280426e-13
-3.496429008957976e-24
2.636573785453509e-08
1.467915725055167e-12
5.531823570810174e-24
-9.554043643057945e-07
3.610099963475168e-12
1.260620972592704e-23
1.067844247727103e-06
2.032266087639556e-14
-4.066082379600339e-24
-2.477439335816268e-08
2.369006111394269e-12
-5.950971856644896e-24
-9.58318124415878e-07
-3.424458280104812e-12
9.092950894060436e-25
4.42147672167881e-07
-3.9715583563716e-13
6.486878996410921e-24
-6.140091607358934e-08
1.884528676604495e-12
-1.188090820291583e-25
-3.998627396316198e-07
-8.454214542219401e-12
-8.51216270601702e-24
-4.425564912221829e-07
-5.888004799983618e-13
5.705987380134042e-25
-6.206005298527336e-08
2.952645344271396e-13
3.679857108555236e-24
3.928283578981656e-07
-8.528585735448528e-12
1.284090195176448e-23
-1.068013590834037e-06
-4.287264927804134e-13
3.496409759851961e-24
-2.636573786945807e-08
-1.46791575333528e-12
-5.531835019358527e-24
9.554043642970006e-07
-3.610099980120975e-12
-1.260623727103343e-23
-1.067844247747617e-06
-2.03226989962531e-14
4.066061172905914e-24
2.477439334233337e-08
-2.369006140822697e-12
5.950983748341346e-24
9.583181244248005e-07
3.424458296906592e-12
-1.441330458764646e-24
-4.421484122978258e-07
3.957913112699722e-13
-6.894271730755191e-24
6.140034762700342e-08
-1.885575705467555e-12
3.414886354600025e-25
3.998630546432452e-07
8.454791960483434e-12
-9.054338316957761e-29
1.357238458413434e-21
1.712699627618565e-23
-8.460397606239777e-13
-9.682532907623272e-11
2.221920480007885e-08
-6.618020589190266e-15
-4.67309948761407e-11
-0.003442061199624215
-9.929812092870683e-13
-2.475886481691608e-10
5.647339348206341e-08
-1.551957031130762e-16
1.706243082296817e-13
0.0008887394225131284
-2.220449560553304e-13
-5.538665346431613e-11
1.262767203880325e-08
1.493643339246379e-14
6.46128120708774e-12
-0.0002227558109428204
2.168012418450812e-13
1.348208814963072e-10
-3.0661670555303e-08
2.542519602863111e-17
1.537980681959526e-12
0.0002054939476354693
-1.491578173545948e-14
-6.461202391959488e-12
0.0002227558109272647
-2.181192771081858e-13
-1.348249726577151e-10
3.066266277027468e-08
-3.697106820687241e-17
-1.538023909902001e-12
-0.0002054939476267736
5.979252275900248e-15
5.711479115590526e-11
-1.559129476059986e-05
-4.707224454914356e-15
8.12166620338104e-11
-1.844907275749224e-06
-2.73983834503047e-15
2.128793065936097e-10
1.398976607313253e-05
4.850235018938746e-15
-4.48467560998151e-11
-1.556809746585217e-05
3.683965275232059e-15
1.094178757197855e-10
1.801533795039447e-06
-2.117256553429254e-15
-2.088079349372772e-10
1.408568167586856e-05
-4.776101900140757e-15
-5.711104967181657e-11
1.559129385486834e-05
3.771570234797089e-15
-8.121957164364979e-11
1.844907980109423e-06
2.188664900134915e-15
-2.128810227951912e-10
-1.398976565821009e-05
-6.053385394698142e-15
4.484302864132852e-11
1.556809837158372e-05
-4.612073746899702e-15
-1.094207511192075e-10
-1.801533096359185e-06
2.642290412903173e-15
2.088095592851773e-10
-1.4085682071115e-05
-4.52063428679769e-27
3.838656379680529e-21
2.421802745516777e-23
-5.239658135522109e-11
-3.955468384171417e-09
4.512255277932688e-07
-3.932183876415854e-13
-1.579235593927141e-10
-0.004867807598610776
-2.407037755308463e-27
3.838656292324186e-21
2.421708205911047e-23
-1.224293934210397e-11
-3.9562828832704e-09
4.51207569490937e-07
-1.123323163102565e-13
-1.579299303099627e-10
-0.004867807598736401
-8.522703409393872e-11
-1.020721860174486e-08
1.163850749693728e-06
2.322060248347563e-14
7.132221903729304e-12
0.001256866819896714
-1.905714436157702e-11
-2.282425179199121e-09
2.602414186130375e-07
1.84571553488072e-11
-1.020801639597863e-08
1.163804378008907e-06
-4.931495474386553e-14
7.131824952286958e-12
0.001256866819929155
4.126831290579965e-12
-2.282603573288497e-09
2.602310498189257e-07
1.498897106011759e-12
2.347812037935285e-10
-0.0003150413622817748
2.836440273420381e-11
5.58831624137639e-09
-6.370714182590859e-07
1.483566084887232e-13
3.512966153485903e-11
0.0002906099122747988
-1.498903928060385e-12
-2.347811845209992e-10
0.000315041362281778
-2.8419774615378e-11
-5.588326744819694e-09
6.370727723884287e-07
-1.487418063285169e-13
-3.512974803300528e-11
-0.0002906099122653059
-1.04603649205233e-12
2.347897613996497e-10
-0.0003150413611436028
-2.842049113297397e-11
5.588394938467668e-09
-6.370460229146705e-07
-3.512739419036464e-13
3.512827839305283e-11
0.0002906099124982322
1.046043314110826e-12
-2.347897421329931e-10
0.0003150413611435999
2.836510611991457e-11
-5.588406885795638e-09
6.370473770448233e-07
3.508825533734046e-13
-3.512837501335573e-11
-0.0002906099124887367
5.064892605582205e-24
-7.218166668180594e-22
-1.129482520120279e-23
2.283165968131591e-06
3.890272651208635e-08
-2.365684448759078e-06
-0.002215180171098858
2.966107287816551e-10
0.002294696088954318
5.153697024760779e-24
-7.218206243712196e-22
-1.133457450278578e-23
2.284854123203396e-06
3.885476986448867e-08
-2.366439659552411e-06
-0.002215180159293101
2.96253848030485e-10
0.002294696083672705
5.066453188816063e-24
-7.218178711030126e-22
-1.129553016469652e-23
2.283194978116577e-06
3.888029507624002e-08
-2.365697494169299e-06
-0.002215180170895451
2.964534797761715e-10
0.00229469608886279
5.15512411525104e-24
-7.218195143487729e-22
-1.133520661626814e-23
2.284881902449462e-06
3.887632749867678e-08
-2.366452016986215e-06
-0.002215180159099321
2.964042623761773e-10
0.002294696083586558
5.896760493983275e-06
1.004280952122913e-07
-6.108595888804551e-06
0.0005719479917582847
-7.021378144915838e-11
-0.0005924900092232071
1.318537875554466e-06
2.245592707354378e-08
-1.365905072415805e-06
5.901118528921146e-06
1.003591090645321e-07
-6.110545685644976e-06
0.0005719479887110301
-7.020741389103913e-11
-0.000592490007859873
1.319512340459891e-06
2.244050149989163e-08
-1.366341050699918e-06
5.896833823301946e-06
1.003710944436336e-07
-6.10862939525107e-06
0.0005719479917082238
-7.017461445820072e-11
-0.0005924900091998535
1.318554272129521e-06
2.244318159425225e-08
-1.365912564519087e-06
5.90119185816639e-06
1.004156995875675e-07
