# Created from matlab git hash 15d6ecd77b971f955de2852a201e878a95b43822
# name: foo
# type: matrix
# rows: 64
# columns: 1
0
-6.269303204385533e-39
0
-2.675079632442966e-06
0
0.002736569999365066
0
1.544457945894643e-06
0
3.783133897051489e-06
0
0.0001582393117211111
0
-3.783133897051491e-06
0
-0.0001582393117211112
-3.452584051269056e-38
7.444797555207821e-39
4.402230583890365e-22
-4.633373837683964e-06
-1.996719270163168e-20
0.004739878277369013
-2.563642003614588e-22
2.675079632443019e-06
4.105843518009199e-23
6.552580121529199e-06
-1.161506553249048e-21
0.000274078527655693
-4.054313570888013e-23
-6.552580121529201e-06
1.206645450844299e-21
-0.0002740785276556931
-2.648780603852888e-37
1.236513984227097e-38
1.607953430469473e-21
-6.552580120797571e-06
-3.009265538105056e-37
-1.669190891029661e-38
1.785617035513283e-21
-6.552580120797581e-06
-1.558340639681521e-19
0.00670320014385288
-9.236783878376282e-22
3.783133896629089e-06
-1.818549161078043e-19
0.006703200143852882
-1.02322026567367e-21
3.783133896629095e-06
6.776263578034403e-23
9.266747676402901e-06
-8.763967560924493e-21
0.0003876055709659304
-6.776263578034403e-23
-9.266747676402904e-06
9.0801931945661e-21
-0.0003876055709659307
6.361462765684458e-23
9.266747676402904e-06
-1.029992063861229e-20
0.0003876055709659305
-5.646886315028669e-23
-9.266747676402908e-06
1.029992063861229e-20
-0.0003876055709659307
