# Created from matlab git hash 5b38211c334069c71fc8167ebc7aa62a68dae577
# name: foo
# type: matrix
# rows: 32
# columns: 1
0
-4.949273024730203e-24
0
-2.401336217247703e-05
0
0.008208093043115046
0
1.388575505402524e-05
0
3.400250751006347e-05
0
0.0004759487448979533
0
-3.400189331534017e-05
0
-0.0004759487372838087
8.323248149403619e-25
-8.542868353105491e-24
6.905962112853368e-08
-5.671298336704995e-05
2.398985845091828e-09
0.01421651511343645
-3.987231448024949e-08
3.27809458609594e-05
4.418109650429515e-22
3.690909208820127e-24
-4.085731762905191e-06
0.0003720570614155016
4.418000135850168e-22
4.370343185829778e-24
-4.086579964506346e-06
0.0003721134597107673
