# Created from matlab git hash 15d6ecd77b971f955de2852a201e878a95b43822
# name: foo
# type: matrix
# rows: 32
# columns: 1
0
-2.147153672568339e-23
0
-6.649369557493997e-05
0
0.01367524356218537
0
3.852559763462126e-05
0
9.428855084897816e-05
0
0.0007969835499682467
0
-9.42837017627789e-05
0
-0.0007969834836678183
3.656947037740184e-24
-3.700470197248208e-23
3.030274029623619e-07
-0.0001572410275033811
1.502736212631958e-08
0.02368481625999844
-1.749586912313174e-07
9.101916114864796e-05
1.208657881401328e-21
1.597367206105034e-23
-1.791448832252631e-05
0.001033210131746669
1.208589245544036e-21
1.895832180137145e-23
-1.791980157651378e-05
0.001033457642206248
