# Created from matlab git hash 15d6ecd77b971f955de2852a201e878a95b43822
# name: foo
# type: matrix
# rows: 2808
# columns: 1
0
-8.069380874632104e-39
-8.141625069135378e-41
-8.170749851097642e-39
-2.557140697794517e-22
-4.528089415495357e-24
5.651392829636367e-38
-1.237264623206231e-24
1.458571488045423e-22
4.255706097472908e-38
4.029999355532542e-24
-1.279394286200005e-23
-1.547608669735465e-21
-1.857591874244373e-09
-4.608284483617655e-10
-7.520050035088591e-24
-6.507090158224267e-12
-9.687039906946967e-13
1.73648393745895e-40
-9.572266830247591e-23
-9.253902814520934e-25
-7.717002447903392e-23
-7.335985963387058e-09
0.0008271420726049558
1.168013881262955e-21
-1.735457366897087e-11
-4.996518418013257e-12
-3.332244858479348e-38
2.802928307632865e-24
-8.529439163918791e-23
8.287836657899222e-22
-4.236717601599763e-09
-9.732030654114698e-10
3.944445153078539e-24
-1.481124625456879e-11
-2.237694058587436e-12
-1.25984808901725e-39
-3.303660668797737e-23
-1.819774416291709e-25
1.785081212357008e-23
2.626653718949035e-08
-0.0002135678567514659
-3.015818279901126e-22
6.368051349916849e-11
1.496710512812982e-13
5.635309998866702e-38
-3.414927219460846e-25
-7.402329283189621e-24
-8.934757311295659e-22
-7.204298508518887e-10
-2.17087961667359e-10
-4.34161992255604e-24
-2.515714293868409e-12
-5.01007199788373e-13
6.50647140120907e-40
3.338424021067967e-23
1.861025239452954e-24
-2.205977916780231e-24
-7.358771591312003e-08
5.352882973238579e-05
7.558650404276813e-23
-1.780791531308484e-10
-3.576606781847309e-13
-4.160368690803486e-39
2.768012393646487e-25
1.313963988176221e-25
4.504828529626619e-23
1.36344392306634e-10
4.648335204423562e-10
2.551996011908671e-25
4.758077480050084e-13
1.127570795977048e-12
3.848815993537444e-42
-3.083282113653497e-23
-1.211763639336451e-24
5.19766938672684e-26
6.789238124701171e-08
-4.938102113529816e-05
-6.973906934412531e-23
1.643067530850429e-10
3.968742126598171e-13
-5.486798889178312e-40
-3.338592172708592e-23
-1.852080666755525e-24
2.205991638648182e-24
7.35878387497337e-08
-5.352882972273008e-05
-7.558650399892591e-23
1.780796358124031e-10
3.576809457928635e-13
2.872266884031143e-39
-2.431572798122428e-25
-3.029424914302257e-25
-4.504823267408092e-23
-1.386908018848161e-10
-4.650778179159403e-10
-2.552002842494198e-25
-4.850294930327798e-13
-1.128032940120498e-12
-5.90000908480379e-41
3.083362861985952e-23
1.207363268443218e-24
-5.197846476605208e-26
-6.789244165588699e-08
4.938102113054814e-05
6.973906932389647e-23
-1.643069905218061e-10
-3.968841831086385e-13
3.054419907560506e-39
6.454666763615601e-26
-1.033760649834005e-24
-1.885560968381666e-23
-1.250350421399631e-08
3.743808321492912e-06
3.518933419567341e-24
-3.036639048545947e-11
4.106420729459889e-13
1.303389265508179e-39
-4.664548722921984e-26
-4.904682006573628e-24
-9.777825242422003e-24
-1.644503323159363e-09
4.389551992251352e-07
3.785056788252785e-25
-4.191946001153164e-12
6.69918586531003e-13
-1.138070986412866e-39
-1.521765833353375e-25
-1.26328262776472e-24
1.416364544685203e-23
1.107550703405012e-08
-3.372645520010998e-06
-3.175292527153112e-24
2.670071120765409e-11
1.852044046922485e-12
-3.09507681122646e-39
3.974831793587848e-25
4.479935661373341e-24
2.193224897840856e-23
-1.223078144888284e-08
3.743453956344985e-06
3.712780804981508e-24
-2.941457513045322e-11
-4.436464627889755e-13
1.781732695133795e-39
-1.656969611793055e-25
-3.062572594878849e-24
-9.834210455044487e-24
1.281911929780051e-09
-4.382928922424468e-07
-4.667523331436526e-25
2.923076156851981e-12
9.275902955902562e-13
1.45956639176429e-39
-2.964708006978473e-25
-1.971622578195949e-25
-1.615879341892813e-23
1.124328893324512e-08
-3.374111987027486e-06
-3.336884292577423e-24
2.728798595026235e-11
-1.688354248945069e-12
-1.827726871136613e-39
-9.728350210949e-26
1.19537142385542e-24
1.885588619302801e-23
1.250571655679254e-08
-3.743808093049213e-06
-3.518932545251899e-24
3.03750807572864e-11
-4.102087971938834e-13
-2.252108598020205e-39
7.199671988906375e-26
4.779824103280008e-24
9.777611402571753e-24
1.64279411883656e-09
-4.389553758255879e-07
-3.785063546974207e-25
4.185232099424262e-12
-6.7025346305813e-13
5.762020953084297e-40
1.67075417690722e-25
1.19040641642325e-24
-1.416377039812089e-23
-1.107650468185694e-08
3.372645417208352e-06
3.17529213262951e-24
-2.670462991220074e-11
-1.852239150999101e-12
1.971539243626353e-39
-3.663615515617165e-25
-4.6314261892052e-24
-2.1932510708002e-23
1.222870810045978e-08
-3.743454173864475e-06
-3.712781630886185e-24
2.940643097897423e-11
4.432361173929516e-13
-2.653293797528857e-39
1.898088396963095e-25
2.944899307395089e-24
9.834007348609169e-24
-1.283522462313871e-09
4.382927233981699e-07
4.667516920319773e-25
-2.929402338001305e-12
-9.279088912176284e-13
-9.689885607317272e-40
2.827958715929942e-25
2.643824841270018e-25
1.615890927573274e-23
-1.124236895335214e-08
3.374112083723626e-06
3.336884658694423e-24
-2.728437247630329e-11
1.688536534939505e-12
8.327311864177972e-40
-6.195250466515312e-26
3.764244181276124e-24
-4.189219553505063e-24
8.494821183104707e-10
1.842022851533677e-07
-1.983560113494217e-26
2.202644589099945e-12
2.508366148722633e-13
-8.63982676864041e-40
4.657498535038152e-26
-4.106225459659797e-25
-4.830128364634424e-24
1.485023102940503e-10
2.583062362357452e-08
-2.372953695854447e-26
3.986664390247447e-13
-1.223261451996948e-13
-4.244903425791794e-40
3.212421516678924e-26
-1.637054438315614e-24
1.555816374202624e-24
-6.990432328097264e-10
-1.635040185267043e-07
7.174607196012256e-27
-1.748642060981052e-12
3.545409349712648e-12
3.647169005269416e-39
-1.598021513468595e-25
-5.345057817678858e-24
-2.358329496549233e-23
1.563118215067387e-09
4.445301831363855e-07
-1.139179120175642e-25
3.575748838790351e-12
1.865963246467971e-13
2.557338825127024e-39
-1.070957652950466e-25
-1.455599037681319e-24
-2.598809739184809e-23
4.567909996920482e-11
1.097400434321641e-08
-1.25668371288177e-25
1.15839908992379e-13
6.112481479756402e-13
-1.476376011788654e-39
7.288387103703639e-26
2.302623883713819e-24
8.737833732872196e-24
-1.485108364939962e-09
-3.976600047193722e-07
4.138020291614279e-26
-3.499668412051656e-12
1.494523801124604e-12
-3.519463808446114e-39
1.283743954830329e-25
5.247410149946782e-24
2.389791201968404e-23
1.944131016281617e-09
4.44460587049183e-07
1.159076245475476e-25
4.907722039021738e-12
2.008279854483765e-14
2.75697953631285e-39
-1.106882510863452e-25
-1.692714352478788e-24
-2.64801685085298e-23
-4.626660037742815e-11
-1.031165623916615e-08
-1.282580434538495e-25
-1.178147190570584e-13
9.857519639958958e-13
1.738272528794743e-39
-5.61004273154409e-26
-2.477139976140375e-24
-1.252130906030795e-23
-1.65962306019099e-09
-3.98873176732855e-07
-6.1531016625698e-26
-4.109872172017077e-12
-1.434994003613691e-12
-6.830037843465194e-40
-2.674125163468062e-26
3.784193708974998e-25
6.024694092893851e-24
6.737402328540292e-10
1.8403140868499e-07
2.961162487717258e-26
1.586935215381886e-12
-1.617090951547035e-13
-5.365405980644881e-40
-1.348402933646173e-26
2.699941756380863e-24
-3.081654231486257e-24
-6.682055085488672e-12
-2.555618776046198e-08
-1.457163572574929e-26
9.580751881521102e-14
7.846591032669121e-13
2.769694990480478e-40
1.41559397260416e-26
-4.943348235779402e-26
-2.924931527203968e-24
-6.279034377709595e-10
-1.664315586965215e-07
-1.448529157996002e-26
-1.498584935824711e-12
-3.522265440295988e-12
8.25761313731197e-40
2.340446772764164e-26
-3.542908269415179e-24
4.189599936258138e-24
-8.46451553306632e-10
-1.842019698616557e-07
1.983674975017576e-26
-2.190742367026604e-12
-2.502401870850095e-13
-4.418459325440981e-40
-1.63827375118126e-26
2.374484493416767e-25
4.829830921191358e-24
-1.508735056362531e-10
-2.583086974790613e-08
2.372863857962038e-26
-4.079797171287899e-13
1.218601478213393e-13
-3.831814037526798e-40
-1.385544625953002e-26
1.531620119813822e-24
-1.55599589757306e-24
6.975993370231779e-10
1.635038705752705e-07
-7.175151682028929e-27
1.742971387676367e-12
-3.545690659624778e-12
-3.644418639317155e-39
