# Created from matlab git hash 85a8ed2c2a63311b81b4bd4ee8154db314cb195d
# name: foo
# type: matrix
# rows: 8
# columns: 1
0
-0.0001648109674061664
3.864205487060114e-20
-0.0002854609691920583
0.01753196086707794
0.0001345675913865267
0.01753196086707794
0.0001345675913865267
