# Created from matlab git hash 5b38211c334069c71fc8167ebc7aa62a68dae577
# name: foo
# type: matrix
# rows: 48
# columns: 1
0
-6.2360889947333e-08
0.001501891302482903
-6.646600566325895e-21
0.00581680000233004
1.080122297956846e-07
-2.277761129874995e-07
-0.001096826327054333
-5.091745343004526e-08
-2.277761129874699e-07
-0.001096826327054333
-5.091745343002787e-08
0.0002749241064813323
1.246011462124002e-07
-0.0002536047420739219
-0.0002749241064813322
-1.246011462122871e-07
0.0002536047420739221
0.0002749241064813328
1.246011462123683e-07
-0.0002536047420739219
-0.0002749241064813323
-1.246011462122748e-07
0.0002536047420739223
1.928663117718096e-05
2.309801553582565e-06
-1.712543103822583e-05
1.919269895546678e-05
-2.134348023513047e-06
-1.75154836841337e-05
-1.928663117718106e-05
-2.309801553582625e-06
1.712543103822594e-05
-1.919269895546684e-05
2.134348023513197e-06
1.751548368413362e-05
1.928663117718097e-05
2.309801553582522e-06
-1.712543103822579e-05
1.919269895546707e-05
-2.134348023512969e-06
-1.751548368413383e-05
-1.928663117718116e-05
-2.309801553582511e-06
1.712543103822576e-05
-1.919269895546684e-05
2.134348023513072e-06
1.751548368413363e-05
