# Created from matlab git hash 85a8ed2c2a63311b81b4bd4ee8154db314cb195d
# name: foo
# type: matrix
# rows: 8
# columns: 1
0
-0.0001055765495871116
2.214903555876201e-20
-0.0001828639479726921
0.01403057049288114
8.620289176402375e-05
0.01403057049288114
8.620289176402375e-05
