# Created from matlab git hash 5b38211c334069c71fc8167ebc7aa62a68dae577
# name: foo
# type: matrix
# rows: 32
# columns: 1
0
-1.138682501926013e-23
0
-4.262113124830303e-05
0
0.01094234953729163
0
2.467023598729877e-05
0
6.039656904545983e-05
0
0.0006359480816149547
0
-6.039440193925722e-05
0
-0.0006359480499140381
1.929589218422861e-24
-1.963659244862635e-23
1.599740738668779e-07
-0.0001007254237379319
6.980633409722653e-09
0.01895196611891414
-9.236369901374644e-08
5.826348078973344e-05
7.792287143724842e-22
8.479434380056243e-24
-9.459867729950965e-06
0.000661346230840569
7.791968342802964e-22
1.00543851476882e-23
-9.462335889643451e-06
0.0006614768891933246
