# Created from matlab git hash 5b38211c334069c71fc8167ebc7aa62a68dae577
# name: foo
# type: matrix
# rows: 432
# columns: 1
0
1.36177834554759e-23
-3.531341051010277e-22
-1.560473693975391e-21
-2.516609242522231e-09
-6.922043108238892e-12
-1.277160214594494e-23
0.002649671765960884
-5.063642531216277e-11
6.197527107614297e-22
-4.612328158280356e-09
-1.422993315465003e-11
1.863739165482535e-24
-0.0006841466010792869
1.731126295740654e-12
-9.010532308962215e-22
-1.025297766314858e-09
-3.141498279089621e-12
5.42586542382986e-24
0.0001714754839916511
1.047682713498911e-13
5.284078154444697e-23
1.952503628883444e-09
6.474690783992928e-12
-6.656614644820086e-24
-0.0001581882463674327
5.022147945491467e-13
-5.288063659868458e-24
-0.00017147548369101
-1.031283733654406e-13
-5.436064268956351e-23
-1.956184879916522e-09
-6.488840187365063e-12
6.588809810974441e-24
0.0001581882462195232
-5.030216930119658e-13
-2.495294364745932e-23
1.199326960889657e-05
2.954591290826528e-12
-3.278791655571891e-23
1.406414176870916e-06
3.550912630111946e-12
9.900136878825658e-24
-1.0803261341384e-05
1.045899456281317e-11
4.581870326025502e-23
1.199175804553361e-05
-2.02994701189096e-12
-2.552357466132221e-23
-1.403599371951226e-06
5.7185367596142e-12
-1.96678655032047e-23
-1.080949469147027e-05
-1.009561382267453e-11
2.641682787514959e-23
-1.199326608107896e-05
-2.940767689042937e-12
3.165900793259652e-23
-1.406416898575513e-06
-3.561560678286669e-12
-1.056467091892057e-23
1.080325974235307e-05
-1.046529648392179e-11
-4.712669291011825e-23
-1.199176123323201e-05
2.017978544560423e-12
2.450527351819156e-23
1.4035968915849e-06
-5.727868918119998e-12
2.024530134642302e-23
1.080949610046329e-05
1.0100879439553e-11
1.312957664964409e-23
5.902006190964674e-07
1.581719229008484e-12
-7.472100174109625e-24
8.253626304992549e-08
-2.122665066519492e-12
-6.048988337390013e-24
-5.222264400420839e-07
2.063717638605444e-11
-5.00806069538393e-23
1.424114457018514e-06
1.311174765706176e-12
-3.425803017872796e-23
3.535605592540127e-08
2.959318489976777e-12
1.923551531476835e-23
-1.273197866286588e-06
8.842783089425671e-12
4.993720018221243e-23
1.423815259909367e-06
3.281134132380841e-13
-3.64656241085271e-23
-3.254624098269788e-08
6.263621795244358e-12
-2.592330412815975e-23
-1.278354108793079e-06
-8.160047279602568e-12
7.862232660480566e-24
5.894737013318055e-07
-8.091785311007451e-13
8.681289105072687e-24
-8.137638961481975e-08
5.927096629044403e-12
-3.162394946552883e-24
-5.346716038340138e-07
-2.039749648598323e-11
-1.117173417425228e-23
-5.901958747958856e-07
-1.563511662834092e-12
5.931016972413868e-24
-8.253999215976898e-08
2.108278059460241e-12
5.073373863233026e-24
5.222241002696268e-07
-2.064651219335688e-11
5.008091243009869e-23
-1.424114456395328e-06
-1.31117055173772e-12
3.425779028084538e-23
-3.535605641471216e-08
-2.959321806909337e-12
-1.923566503626175e-23
1.273197865982699e-06
-8.842785180823382e-12
-4.993759439148122e-23
-1.423815260700462e-06
-3.281190226178795e-13
3.646532408011917e-23
3.254624037971735e-08
-6.263626055458073e-12
2.592346422932521e-23
1.278354109116029e-06
8.160049527613357e-12
-9.81998640286294e-24
-5.894784454645312e-07
7.909723603453479e-13
-1.016565814434157e-23
8.137278429840319e-08
-5.940809577435989e-12
3.941209718364372e-24
5.346735141365225e-07
2.040449198827498e-11
2.058643943581491e-28
-1.367675022021892e-21
-2.358649102166588e-23
-3.118968919420686e-12
-2.413026994672115e-10
4.04413393738717e-08
-4.247690443590863e-14
-1.983831529652458e-10
-0.004589365881727588
-3.66108474128153e-12
-6.089781293212152e-10
1.011595874743118e-07
-9.918358925119113e-16
7.290554389516937e-12
0.001184976610841
-8.18743140943094e-13
-1.360063165839773e-10
2.26087576907773e-08
9.596278915216079e-14
2.225380661446382e-11
-0.0002970065652620469
7.966559920796312e-13
3.283189811121472e-10
-5.440425750300864e-08
1.079223657823431e-16
7.13609676701219e-12
0.0002739895292977865
-9.568806141363718e-14
-2.225099769881698e-11
0.0002970065650536565
-8.051130681390902e-13
-3.283737723196457e-10
5.44106293661698e-08
-2.616789464581852e-16
-7.137637175600898e-12
-0.0002739895291813231
3.811659443681199e-14
1.467676727242002e-10
-2.0794436795543e-05
-3.052572832060683e-14
1.800078948884042e-10
-2.466964866366855e-06
-1.793814870643133e-14
5.215369767421591e-10
1.863130612746744e-05
3.13905492271588e-14
-1.015996330842911e-10
-2.075325455326167e-05
2.332670067123483e-14
2.841228464798015e-10
2.389983136983746e-06
-1.335444448702431e-14
-5.064266638464026e-10
1.880163195549736e-05
-3.039802445394847e-14
-1.467174361906907e-10
2.079443098002019e-05
2.449915150530254e-14
-1.800471965114577e-10
2.466969407067539e-06
1.431005010995908e-14
-5.215609895880047e-10
-1.863130339391429e-05
-3.910911920846253e-14
1.015498959612368e-10
2.075326036878613e-05
-2.925232356716394e-14
-2.841609302723711e-10
-2.389978672332588e-06
1.663278337632306e-14
5.064474049797053e-10
-1.880163442556958e-05
9.539672351461568e-27
-3.868054551447057e-21
-3.334867039483513e-23
-1.682494675177932e-10
-9.677368194336041e-09
8.033315779188892e-07
-2.141203689405707e-12
-6.56139709137952e-10
-0.006490338506132971
6.125406303448007e-27
-3.868054354918014e-21
-3.33471428021721e-23
-7.022223849030799e-11
-9.680371344846011e-09
8.032877320921438e-07
-1.105308779472318e-12
-6.561805994921797e-10
-0.006490338506596334
-2.497942979020764e-10
-2.495215874772657e-08
2.069801396512086e-06
5.019812569951852e-14
4.516876655416305e-11
0.00167580871135689
-5.585471721722857e-11
-5.578703044509648e-09
4.627935792341801e-07
3.361545406300794e-12
-2.495510121593357e-08
2.069688164416692e-06
-2.174136618699714e-13
4.516622193828041e-11
0.001675808711476601
7.491598715131462e-13
-5.579361023827148e-09
4.627682613288795e-07
6.148334800373539e-12
8.621412187077102e-10
-0.0004200724412744057
6.913012462886204e-11
1.365044201396137e-08
-1.132206865089009e-06
2.679808036898248e-13
1.338139950495231e-10
0.0003874738041729207
-6.14857748855387e-12
-8.621405315555835e-10
0.0004200724412745197
-6.948561257903607e-11
-1.365058776428283e-08
1.132215562365818e-06
-2.730723560737904e-13
-1.338171924361229e-10
-0.0003874738040457643
-3.238583674051818e-12
8.621961681005922e-10
-0.0004200724370758714
-6.949521200027189e-11
1.36507300069954e-08
-1.132144867613977e-06
-1.574591733167871e-12
1.338050753772589e-10
0.0003874738049968354
3.238826362180084e-12
-8.621954816345298e-10
0.0004200724370757674
6.913955700572338e-11
-1.365088502330029e-08
1.132153564897761e-06
1.569280043186975e-12
-1.338084079987574e-10
-0.0003874738048695823
-7.531370114416507e-24
7.26108027612639e-22
1.545134377138855e-23
4.057137752689693e-06
9.507634994881491e-08
-4.204130850569333e-06
-0.002953577177533998
1.108545411687669e-09
0.003059549476635509
-7.675497286417135e-24
7.261160344621323e-22
1.55159360707813e-23
4.061262590756e-06
9.492687953501094e-08
-4.205976918311023e-06
-0.002953577133971888
1.106674667086674e-09
0.00305954945713201
-7.533923942329176e-24
7.261099986669005e-22
1.545251095454923e-23
4.057209348606917e-06
9.502103798109749e-08
-4.204163141780241e-06
-0.00295357717677092
1.10795631433862e-09
0.003059549476290492
-7.677766513916049e-24
7.26114269585176e-22
1.551692963903213e-23
4.06132964817486e-06
9.497897003690561e-08
-4.206006672792573e-06
-0.002953577133270588
1.107219908421647e-09
0.003059549456821524
1.048161064839411e-05
2.454454516902464e-07
-1.085661639123595e-05
0.0007625881889155752
-2.627422741654251e-10
-0.0007899772255794011
2.343686573692213e-06
5.488002993976546e-08
-2.427537892453595e-06
1.049226037960392e-05
2.45261764487185e-07
-1.086138244808632e-05
0.0007625881776636678
-2.628098356469882e-10
-0.0007899772205466646
2.34606778844636e-06
5.483895702719987e-08
-2.428603553633804e-06
1.048178974372413e-05
2.453060009463986e-07
-1.085669911899299e-05
0.0007625881887341453
-2.625993119201656e-10
-0.0007899772254921086
2.343726618214597e-06
5.48488496978471e-08
-2.427556389791732e-06
1.049243947395019e-05
2.453997024089596e-07
