# Created from matlab git hash 5b38211c334069c71fc8167ebc7aa62a68dae577
# name: foo
# type: matrix
# rows: 8
# columns: 1
0
-5.941510107075766e-05
6.514833768791195e-21
-0.000102909973791392
0.01052564066842532
4.85122268797491e-05
0.01052564066842532
4.851222687974917e-05
