# Created from matlab git hash 15d6ecd77b971f955de2852a201e878a95b43822
# name: foo
# type: matrix
# rows: 32
# columns: 1
0
-4.708934087009726e-24
0
-2.40275441455727e-05
0
0.008208187809155811
0
1.388936182553221e-05
0
3.401168946785242e-05
0
0.0004758769477405141
0
-3.401135205667945e-05
0
-0.0004758769453747924
7.878999795936147e-25
-8.132882179138395e-24
6.540944899476601e-08
-5.673332191557743e-05
1.889432077538676e-09
0.01421669615661313
-3.776453744390026e-08
3.278469814817982e-05
4.424335704815274e-22
3.514999276837815e-24
-3.871267204049574e-06
0.0003720681704381503
4.424249502572379e-22
4.158231153550945e-24
-3.871935229165558e-06
0.0003721215832591009
