# Created from matlab git hash 85a8ed2c2a63311b81b4bd4ee8154db314cb195d
# name: foo
# type: matrix
# rows: 8
# columns: 1
0
-0.0001316086343829125
3.632999794112634e-20
-0.0002279528414659605
0.01402325611044311
0.0001074579999942158
0.01402325611044311
0.0001074579999942161
