# Created from matlab git hash 15d6ecd77b971f955de2852a201e878a95b43822
# name: foo
# type: matrix
# rows: 104
# columns: 1
0
0
-3.335289900573852e-43
-1.165938537145703e-24
0
0
-2.129470252901207e-23
-2.549884561924913e-06
0
0
-1.13055252396478e-24
8.704049073970238e-05
0
0
1.230456025441185e-23
7.185181786117464e-07
0
0
1.365774560352945e-26
-1.845262918354426e-07
0
0
4.494347573514035e-25
5.041884504919251e-06
0
0
-6.506601379210065e-25
1.645229807768744e-07
0
0
-4.550125354519679e-25
-5.042071099010548e-06
1.709895417953209e-41
-8.370123967385063e-27
1.729916674955529e-43
-4.433534572597845e-26
-6.123920627655377e-25
-6.739187090844195e-09
4.412908143425931e-24
-2.261770851590027e-06
1.185900332794994e-23
-1.070827580233783e-10
1.648829384995041e-25
0.0001507815137967546
2.234873153160876e-25
-1.9284924141172e-10
-2.547405086584998e-24
1.305975661688327e-06
6.828957329891929e-42
2.957051200291292e-24
-6.972831740423895e-42
2.221511159364183e-26
-2.656211769702386e-25
-2.479955045554752e-08
1.965108928260757e-25
2.63577898653687e-09
6.648181232318952e-42
2.957159355489231e-24
6.986670799260088e-42
1.536495684406158e-26
-2.620367406252765e-25
-2.474822406302125e-08
-1.985211645508497e-25
-2.866849327486464e-09
0
0
2.655945216879023e-27
-1.98953407470685e-24
0
0
2.230401303751325e-10
-4.523796264634446e-06
0
0
4.797904201688746e-12
0.0001507570074571296
0
0
-1.281658418426207e-10
1.305861627905412e-06
-7.647458051598943e-27
1.79315332537668e-24
1.209660590898285e-24
8.256493973903227e-27
3.989459114741467e-11
-2.450599081532994e-08
-8.168310809815225e-09
-6.9839315587334e-11
0
0
1.946295425513125e-24
9.321600888628234e-25
0
0
0.0001846779364637325
1.066262052209474e-06
0
0
1.946281049838879e-24
9.343030178609633e-25
0
0
0.0001846779353320032
1.066444281089868e-06
