# Created from matlab git hash 5b38211c334069c71fc8167ebc7aa62a68dae577
# name: foo
# type: matrix
# rows: 32
# columns: 1
0
-2.632806767095649e-25
0
-2.673103386262442e-06
0
0.002736538294754397
0
1.543972807597077e-06
0
3.78180764976555e-06
0
0.0001582634455038213
0
-3.781795601972632e-06
0
-0.0001582634453994844
4.373657249908749e-26
-4.551221190949883e-25
3.633447768088371e-09
-6.308420263700945e-06
7.267316155078385e-11
0.00473980657928069
-2.097785712124937e-09
3.643310411063904e-06
4.975847401897977e-23
1.967980625190986e-25
-2.150908523616991e-07
4.134656311252816e-05
4.975814249500794e-23
2.325057603398096e-25
-2.151165466442634e-07
4.134953003271919e-05
