# Created from matlab git hash 5b38211c334069c71fc8167ebc7aa62a68dae577
# name: foo
# type: matrix
# rows: 48
# columns: 1
0
-2.523287974461802e-09
0.0003003802348691356
-1.031486804159235e-22
0.001163367647178033
4.370462973962519e-09
-9.215023964317512e-09
-0.0002193667072887136
-2.060256004022177e-09
-9.21502396431652e-09
-0.0002193667072887136
-2.060256004021715e-09
5.498252035055901e-05
5.046470868926183e-09
-5.072189500463301e-05
-5.498252035055898e-05
-5.046470868924963e-09
5.072189500463305e-05
5.498252035055905e-05
5.046470868925622e-09
-5.072189500463304e-05
-5.498252035055902e-05
-5.046470868923971e-09
5.072189500463306e-05
3.847349092939771e-06
4.53773707501099e-07
-3.45705560043204e-06
3.843534038639238e-06
-4.466403170250774e-07
-3.472832889688443e-06
-3.847349092939763e-06
-4.537737075011254e-07
3.457055600432058e-06
-3.843534038639267e-06
4.466403170250881e-07
3.472832889688431e-06
3.847349092939776e-06
4.537737075010916e-07
-3.457055600432032e-06
3.843534038639289e-06
-4.466403170250585e-07
-3.472832889688466e-06
-3.847349092939784e-06
-4.537737075011083e-07
3.457055600432015e-06
-3.843534038639274e-06
4.466403170250657e-07
3.472832889688438e-06
