# Created from matlab git hash 15d6ecd77b971f955de2852a201e878a95b43822
# name: foo
# type: matrix
# rows: 432
# columns: 1
0
-3.649371492598525e-25
3.893979319406633e-23
-3.437034058190755e-24
-8.897236183136459e-11
-7.223270542721324e-14
-1.825911524209118e-26
0.0006624325424554229
-4.625929269810015e-20
-2.281513184304121e-23
-2.297256506540274e-10
-1.851121197132962e-13
4.714483283274676e-27
-0.0001710394120564803
6.471331717022855e-21
-1.984372538710422e-24
-5.136821707814696e-11
-4.17035719533133e-14
1.21149282386159e-25
4.286953871573511e-05
-3.241312745499617e-21
7.812520813434394e-26
1.258259208914801e-10
1.015340150771866e-13
-8.402910350159646e-26
-3.9547704282216e-05
1.225374330024641e-21
-1.211492823861626e-25
-4.286953871573513e-05
3.190490768664359e-21
-7.812520813434097e-26
-1.25825920891154e-10
-1.015340150747882e-13
8.402910350159399e-26
3.9547704282216e-05
-1.216904000552098e-21
-6.469954047212501e-25
2.998201900906271e-06
3.838667988092639e-14
-1.098807554029095e-24
3.513949539276526e-07
7.178961185941552e-14
-1.788688173904715e-25
-2.701448114377177e-06
1.586812849574325e-13
9.024920482520057e-25
2.998106745426153e-06
-3.838668014562418e-14
-9.749100800915584e-25
-3.51217009203805e-07
7.178961174087502e-14
7.180077132463449e-26
-2.701841433328538e-06
-1.586812857506436e-13
6.469954047212537e-25
-2.998201900906273e-06
-3.838667987492658e-14
1.098807554029078e-24
-3.513949539276572e-07
-7.178961186400361e-14
1.788688173904756e-25
2.70144811437716e-06
-1.586812849577855e-13
-9.024920482520125e-25
-2.998106745426155e-06
3.838668013944791e-14
9.749100800915562e-25
3.512170092038148e-07
-7.178961174775715e-14
-7.180077132464538e-26
2.701841433328537e-06
1.586812857397028e-13
5.714875924172164e-25
1.474664095435296e-07
1.843482817781512e-14
2.252793217884764e-25
2.070639836526807e-08
2.973611720555451e-14
-2.378675687128178e-25
-1.317268503081176e-07
3.166790978988262e-13
-1.421893410428268e-24
3.559697106414321e-07
7.635955963073626e-15
-4.124469378399139e-25
8.650578148776057e-09
7.178933873825183e-14
6.302669410750097e-25
-3.188017027156145e-07
1.311727770295259e-13
1.413135373956977e-24
3.559507830395886e-07
-7.635955717566421e-15
-4.336467130847477e-25
-8.472633424919747e-09
7.178933926914805e-14
-6.458329042715811e-25
-3.19126841379893e-07
-1.311727776178388e-13
-2.749029719639808e-25
1.474207142705101e-07
-1.843482807610499e-14
4.463569099976461e-25
-2.063269124729592e-08
2.973611848908102e-14
1.207652993733374e-25
-1.325118044811566e-07
-3.166790981842919e-13
-5.71487592417223e-25
-1.474664095435328e-07
-1.843482817753939e-14
-2.252793217884917e-25
-2.070639836527057e-08
-2.973611720353757e-14
2.378675687128196e-25
1.317268503081175e-07
-3.166790979034365e-13
1.421893410428282e-24
-3.559697106414311e-07
-7.635955962764813e-15
4.12446937839906e-25
-8.650578148774348e-09
-7.178933873600602e-14
-6.30266941075016e-25
3.188017027156146e-07
-1.311727770373345e-13
-1.413135373956982e-24
-3.559507830396014e-07
7.635955717279666e-15
4.336467130847531e-25
8.472633424908011e-09
-7.178933926866899e-14
6.458329042715767e-25
3.191268413798878e-07
1.311727776223828e-13
2.749029719639785e-25
-1.474207142705086e-07
1.843482807569691e-14
-4.463569099976498e-25
2.063269124729355e-08
-2.973611848991233e-14
-1.207652993733371e-25
1.325118044811563e-07
3.166790981854499e-13
4.043700566828669e-38
1.508129995397216e-22
6.320896840874121e-25
-1.771933496613869e-22
-3.54057212841989e-12
2.413262377477899e-09
8.216219588366713e-22
-1.810617628050792e-19
-0.001147366816474115
9.786001154843158e-23
-9.13632702926406e-12
6.231016665705226e-09
-9.035018104046195e-23
2.507217523872729e-20
0.0002962489508372158
-1.019992578911599e-22
-2.044150271549241e-12
1.393297683304516e-09
1.694065894508602e-23
-1.258126270719123e-20
-7.425225427674939e-05
3.701083566273938e-24
5.004729850707317e-12
-3.412868383983063e-09
-1.694065894508716e-23
4.799853366428046e-21
6.849862478104107e-05
-1.694065894508605e-23
1.23779747998502e-20
7.425225427674942e-05
-3.701081809059437e-24
-5.004729850698021e-12
3.412868383982494e-09
1.69406589450868e-23
-4.754678278600462e-21
-6.849862478104107e-05
2.864289879742833e-25
1.892383915012499e-12
-5.194279515278084e-06
4.404417522311678e-25
3.538856034546049e-12
-6.108161730467627e-07
2.944041424421104e-25
7.822093339547428e-12
4.67404083977587e-06
2.031055223310588e-24
-1.892383916051527e-12
-5.191698543667789e-06
1.983142833520219e-25
3.538856034087417e-12
6.059896482914965e-07
-2.366370925401247e-24
-7.822093342612982e-12
4.684709117063301e-06
-2.864289879742218e-25
-1.89238391499203e-12
5.194279515278088e-06
-4.404417522315253e-25
-3.538856034564226e-12
6.108161730467706e-07
-2.94404142442306e-25
-7.822093339544604e-12
-4.674040839775839e-06
-2.031055223310601e-24
1.892383916028233e-12
5.191698543667792e-06
-1.98314283351958e-25
-3.538856034114593e-12
-6.059896482915133e-07
2.366370925401445e-24
7.822093342574159e-12
-4.684709117063301e-06
-3.90265235912312e-29
4.265564250160256e-22
8.939272570643888e-25
-7.441758053396368e-13
-1.464233339746239e-10
5.006760446233453e-08
-1.411721578757177e-24
-4.741577500141627e-19
-0.001622621637586277
3.902652351137596e-29
4.265564250160257e-22
8.938923506805831e-25
7.441758050519287e-13
-1.464233339746994e-10
5.006693885125952e-08
-2.102053430769422e-21
-4.745191509106538e-19
-0.001622621637586277
-1.921453666622301e-12
-3.780481748939816e-10
1.292739988452373e-07
-3.162256336416013e-22
6.198022421529583e-20
0.0004189592646734459
-4.296501015389245e-13
-8.453755128623313e-11
2.890654491406901e-08
1.921453666752782e-12
-3.78048174893939e-10
1.292722802448315e-07
6.324512672832142e-22
6.188987399117305e-20
0.0004189592646734459
4.296501013714346e-13
-8.453755128627797e-11
2.890616062333565e-08
9.253703076985797e-23
-3.324886661211822e-20
-0.000105009177424611
1.052423516466036e-12
2.070670899029076e-10
-7.080628526641653e-08
-7.801674414344707e-23
1.115824734772607e-20
9.687159470750755e-05
-8.276450798550167e-23
3.272935308190617e-20
0.000105009177424611
-1.052423516466008e-12
-2.070670899028818e-10
7.08062852664158e-08
7.378165844052017e-23
-1.102272209232125e-20
-9.687159470750755e-05
-9.708966744685574e-23
-3.320369153236858e-20
-0.000105009177424611
-1.052423516445676e-12
2.070670899029091e-10
-7.080534395020695e-08
8.320831792229591e-23
1.118083490375677e-20
9.687159470750755e-05
9.155180303039183e-23
3.277452817781169e-20
0.000105009177424611
1.052423516445649e-12
-2.070670899028833e-10
7.080534395020622e-08
-7.897300579031411e-23
-1.104530963219608e-20
-9.687159470750755e-05
1.905963750976362e-25
-8.035814559057092e-23
-4.206475801527465e-25
2.538207855429109e-07
1.440683305821274e-09
-2.629556969420016e-07
-0.0007383924135942161
4.924084865627942e-20
0.000764910789212913
1.938753510018203e-25
-8.035818834198555e-23
-4.221139827564611e-25
2.538833105722855e-07
1.439868102070848e-09
-2.629836589851966e-07
-0.0007383924135942158
4.906014830496908e-20
0.000764910789212913
1.906515669364593e-25
-8.035818834198547e-23
-4.20672262693434e-25
2.538218379664273e-07
1.439868102070768e-09
-2.62956167600106e-07
-0.0007383924135942161
5.005400031795529e-20
0.000764910789212913
1.939305428407347e-25
-8.035814559057093e-23
-4.22138665297154e-25
2.538843629958017e-07
1.440683305821307e-09
-2.629841296433017e-07
-0.0007383924135942158
4.833734686741599e-20
0.000764910789212913
6.553624502195418e-07
3.71982542525786e-09
-6.789486900313692e-07
0.0001906517654085365
-2.236166980751353e-21
-0.0001974991916576419
1.465434988591497e-07
8.317788944329758e-10
-1.518175424144391e-07
6.555238891512006e-07
3.717720578224873e-09
-6.790208877164504e-07
0.0001906517654085364
-2.100641709190665e-21
-0.0001974991916576419
1.465795977016901e-07
8.313082363282251e-10
-1.518336863076052e-07
6.553651675653767e-07
3.717720578224961e-09
-6.789499052653704e-07
0.0001906517654085365
-2.258754520626177e-21
-0.0001974991916576419
1.465441064761502e-07
8.313082363281797e-10
-1.518178141490227e-07
6.555266064970356e-07
