# Created from matlab git hash 5b38211c334069c71fc8167ebc7aa62a68dae577
# name: foo
# type: matrix
# rows: 48
# columns: 1
0
-4.008357782742817e-08
0.001201516002914087
-4.097284527232834e-21
0.004653451469487956
6.942679334732527e-08
-1.463987650341129e-07
-0.0008774632239993703
-3.272810425028447e-08
-1.463987650340954e-07
-0.0008774632239993701
-3.272810425027388e-08
0.0002199358545871313
8.011810607424388e-08
-0.0002028852058201207
-0.0002199358545871312
-8.011810607418756e-08
0.0002028852058201207
0.0002199358545871317
8.011810607422678e-08
-0.0002028852058201206
-0.0002199358545871314
-8.011810607418e-08
0.0002028852058201209
1.541824290631328e-05
1.842798833165727e-06
-1.373229384473941e-05
1.535778093141236e-05
-1.729819634967994e-06
-1.398297561641141e-05
-1.541824290631333e-05
-1.842798833165798e-06
1.373229384473949e-05
-1.535778093141245e-05
1.729819634968088e-06
1.398297561641135e-05
1.54182429063133e-05
1.842798833165695e-06
-1.373229384473938e-05
1.535778093141259e-05
-1.729819634967926e-06
-1.398297561641152e-05
-1.541824290631341e-05
-1.842798833165713e-06
1.373229384473934e-05
-1.535778093141245e-05
1.729819634967989e-06
1.398297561641137e-05
