# Created from matlab git hash 15d6ecd77b971f955de2852a201e878a95b43822
# name: foo
# type: matrix
# rows: 8
# columns: 1
0
-0.0001648109674061672
2.131296538896904e-20
-0.000285460969192059
0.01753196086707795
0.0001345675913865271
0.01753196086707795
0.0001345675913865271
