# Created from matlab git hash 15d6ecd77b971f955de2852a201e878a95b43822
# name: foo
# type: matrix
# rows: 32
# columns: 1
0
-1.107684371876197e-23
0
-4.264551660764335e-05
0
0.01094247552124128
0
2.467647558227169e-05
0
6.041220584799387e-05
0
0.0006358529953080604
0
-6.041066384338669e-05
0
-0.000635852979168915
1.869887493382392e-24
-1.911051498568792e-23
1.550911709256669e-07
-0.0001007604634562431
6.105894106689896e-09
0.01895220698272494
-8.954369031224568e-08
5.827002190783841e-05
7.800702278640061e-22
8.25445641280517e-24
-9.174484720366266e-06
0.0006613649048379935
7.800423547650785e-22
9.780820837461947e-24
-9.176643548030182e-06
0.0006614915647313397
