# Created from matlab git hash 15d6ecd77b971f955de2852a201e878a95b43822
# name: foo
# type: matrix
# rows: 48
# columns: 1
0
-4.013035762292428e-08
0.001201516167030394
5.565006463460753e-21
0.004653452105107687
6.950781832938105e-08
-1.465498432689877e-07
-0.0008774633438529464
-3.276629979182889e-08
-1.465498432689715e-07
-0.0008774633438529464
-3.276629979181732e-08
0.0002199356754577495
8.021072397235928e-08
-0.0002028852800167207
-0.0002199356754577494
-8.021072397234507e-08
0.0002028852800167209
0.0002199356754577496
8.021072397236262e-08
-0.0002028852800167208
-0.0002199356754577496
-8.021072397233434e-08
0.0002028852800167208
1.541808831429704e-05
1.843343267966531e-06
-1.373222868970263e-05
1.535754094162055e-05
-1.730193637320349e-06
-1.39831703950754e-05
-1.541808831429704e-05
-1.843343267966619e-06
1.373222868970271e-05
-1.535754094162064e-05
1.730193637320405e-06
1.398317039507535e-05
1.541808831429707e-05
1.843343267966499e-06
-1.37322286897026e-05
1.535754094162076e-05
-1.7301936373203e-06
-1.398317039507535e-05
-1.541808831429711e-05
-1.843343267966531e-06
1.373222868970254e-05
-1.535754094162067e-05
1.730193637320313e-06
1.398317039507537e-05
