# Created from matlab git hash 5b38211c334069c71fc8167ebc7aa62a68dae577
# name: foo
# type: matrix
# rows: 48
# columns: 1
0
-1.007866660060608e-08
0.0006007599759976383
-5.896755313076619e-22
0.002326733382106817
1.745676262506389e-08
-3.680789306766225e-08
-0.0004387330540002509
-8.229196820415973e-09
-3.680789306765743e-08
-0.0004387330540002508
-8.229196820415159e-09
0.0001099656208051538
2.015453338915582e-08
-0.0001014435515553057
-0.0001099656208051538
-2.015453338914961e-08
0.0001014435515553057
0.0001099656208051539
2.015453338915318e-08
-0.0001014435515553057
-0.0001099656208051538
-2.015453338914646e-08
0.0001014435515553058
7.699125570549496e-06
9.131947894954777e-07
-6.898162277594768e-06
7.683894380896059e-06
-8.847191509580964e-07
-6.961183489870215e-06
-7.699125570549491e-06
-9.13194789495528e-07
6.898162277594801e-06
-7.68389438089611e-06
8.847191509581241e-07
6.961183489870188e-06
7.699125570549507e-06
9.131947894954637e-07
-6.898162277594752e-06
7.683894380896161e-06
-8.847191509580599e-07
-6.961183489870262e-06
-7.69912557054953e-06
-9.131947894954909e-07
6.898162277594721e-06
-7.683894380896122e-06
8.847191509580776e-07
6.961183489870199e-06
