# Created from matlab git hash 23998a2ad3b03124e7bddb615f9834a5ccd2ca3a
# name: foo
# type: matrix
# rows: 8
# columns: 1
0
-0.01270872187707445
-1.229230406172864e-18
-0.02201215199035494
0.1602576603385334
0.01037662796059272
0.1602576603385334
0.01037662796059272
