# Created from matlab git hash 23998a2ad3b03124e7bddb615f9834a5ccd2ca3a
# name: foo
# type: matrix
# rows: 8
# columns: 1
0
-0.005435178701583664
9.670034861086719e-20
-0.009414005659359102
0.1016938221320512
0.004437804826574276
0.1016938221320512
0.004437804826574276
