# Created from matlab git hash 5b38211c334069c71fc8167ebc7aa62a68dae577
# name: foo
# type: matrix
# rows: 8
# columns: 1
0
-2.6420192744123e-05
2.66756914596339e-21
-4.576111617858349e-05
0.007018484870530951
2.157199704302802e-05
0.007018484870530951
2.157199704302807e-05
