# Created from matlab git hash 5b38211c334069c71fc8167ebc7aa62a68dae577
# name: foo
# type: matrix
# rows: 432
# columns: 1
0
5.87381763946589e-24
-1.986468430640802e-22
-8.77915585582257e-22
-1.174693960463623e-09
-2.656377587381861e-12
-5.352823083712281e-24
0.001987273605151935
-1.886889914590644e-11
3.483140424462775e-22
-2.390730494844605e-09
-5.853586153749662e-12
8.888996037268881e-25
-0.0005131136924109894
9.731160811760996e-13
-5.068972053215821e-22
-5.311390076510823e-10
-1.291289542895429e-12
2.020171595804573e-24
0.0001286075165040066
-6.245398750545237e-14
3.002492743549733e-23
1.111678361272408e-09
2.829734910765642e-12
-2.72661659184282e-24
-0.0001186420546769645
2.627052668517327e-13
-1.981087841836498e-24
-0.0001286075164317627
6.279535572446357e-14
-3.054779955632105e-23
-1.11272188005322e-09
-2.833134588097594e-12
2.707386627302455e-24
0.0001186420546414227
-2.628732267625064e-13
-1.590741122316278e-23
8.994845614644188e-06
1.23124055585274e-12
-1.761756515181054e-23
1.054624567228151e-06
1.64520773502451e-12
6.433420571189381e-24
-8.103091376737535e-06
4.537367931737234e-12
2.44740859204582e-23
8.993993250207269e-06
-9.325935493018474e-13
-1.482882851739793e-23
-1.053033975928431e-06
2.388755402288044e-12
-1.044970576442742e-23
-8.106610800475463e-06
-4.396718773401242e-12
1.640647343548462e-23
-8.994844621752759e-06
-1.227947766699032e-12
1.723241402665878e-23
-1.054625333692367e-06
-1.647745906069751e-12
-6.659357093570707e-24
8.103090927647769e-06
-4.53886506353187e-12
-2.492893194669276e-23
-8.993994161367182e-06
9.296869419554021e-13
1.447505522504034e-23
1.053033267467654e-06
-2.391019586152668e-12
1.065093512431265e-23
8.106611203893192e-06
4.398000145619086e-12
5.500038198694775e-24
4.42559892868311e-07
6.469359956660014e-13
-2.702165559571927e-24
6.204075047719679e-08
-5.531147674476272e-13
-2.42351625625859e-24
-3.9283285133526e-07
8.9609070552074e-12
-2.822005681905238e-23
1.068016357735447e-06
4.958775526050784e-13
-1.949220341692964e-23
2.635744954787835e-08
1.440440379182778e-12
1.126180648766846e-23
-9.554041501144888e-07
3.812851722538722e-12
2.815664334108108e-23
1.067847269982607e-06
6.77075721644658e-14
-2.04489725260213e-23
-2.476879855545246e-08
2.579612918170707e-12
-1.41560560434697e-23
-9.583145736965646e-07
-3.575448694884102e-12
2.954671204874465e-24
4.421503700339308e-07
-3.910046029210246e-13
3.803159993228138e-24
-6.138382790868306e-08
2.21452191452982e-12
-1.262879326227521e-24
-3.998583969758559e-07
-8.872894129289754e-12
-4.826045685465811e-24
-4.425585473947202e-07
-6.425579077452537e-13
2.172958026448691e-24
-6.204180595900304e-08
5.496630952664796e-13
2.093778514548346e-24
3.928321973058161e-07
-8.963112948383357e-12
2.822013160263385e-23
-1.068016357603723e-06
-4.95876766583648e-13
1.949214478828256e-23
-2.635744965114208e-08
-1.440440996891957e-12
-1.126184269842788e-23
9.554041500509116e-07
-3.812852108406795e-12
-2.815673664941079e-23
-1.067847270145157e-06
-6.770858681654752e-14
2.044890133285118e-23
2.476879843130312e-08
-2.579613690509864e-12
1.415609443783606e-23
9.583145737636231e-07
3.575449106409746e-12
-3.628645193355175e-24
-4.421517154767365e-07
3.866267436341429e-13
-4.31626592871464e-24
6.13828021975367e-08
-2.217833120462355e-12
1.536769353696053e-24
3.998589477598496e-07
8.874612564971718e-12
7.078852824217965e-29
-7.693526776564249e-22
-1.017368118402143e-23
-1.072841517719287e-12
-1.030168874957234e-10
2.234497401769391e-08
-1.204130908875309e-14
-7.385936716905756e-11
-0.003442058748851722
-1.25925637954541e-12
-2.621085753207729e-10
5.658415040917562e-08
-2.815538556633019e-16
3.970382068736033e-12
0.0008887389585082079
-2.816023749645036e-13
-5.853867437222636e-11
1.264639724651554e-08
2.719535895135039e-14
7.273279169712083e-12
-0.0002227557528841328
2.743976055704284e-13
1.42070321383793e-10
-3.064664498072795e-08
3.531449818591493e-17
2.803410959016096e-12
0.0002054938287094374
-2.71292461915526e-14
-7.272694739599891e-12
0.0002227557528340765
-2.76795244900777e-13
-1.420834834460001e-10
3.064845095346384e-08
-7.230569638361351e-17
-2.803731467819898e-12
-0.0002054938286814608
1.082691436070937e-14
6.145986871571468e-11
-1.559133764022522e-05
-8.62758334696106e-15
8.253264355502651e-11
-1.844773761922379e-06
-5.055677512269594e-15
2.249145992849764e-10
1.398975551450077e-05
8.876967336677044e-15
-4.59995864649192e-11
-1.556814817920617e-05
6.639189546122322e-15
1.183338831330454e-10
1.80141820500888e-06
-3.805089028863726e-15
-2.196551677410229e-10
1.408564415595059e-05
-8.638521249307574e-15
-6.144780707281962e-11
1.559133599184775e-05
6.920889346637185e-15
-8.254206800092591e-11
1.844775047467132e-06
4.034693378228485e-15
-2.249203146487926e-10
-1.398975474546122e-05
-1.106536044633092e-14
4.59876287513021e-11
1.556814982758397e-05
-8.321625655615193e-15
-1.183430541294829e-10
-1.801416937734081e-06
4.742033082879318e-15
2.196602022992423e-10
-1.408564486169415e-05
3.429571713515451e-27
-2.175922215084495e-21
-1.438519237530994e-23
-6.218150940536786e-11
-4.176635817817574e-09
4.513781960212563e-07
-6.382131428684873e-13
-2.415777041035469e-10
-0.004867804020097767
1.952689287997452e-27
-2.17592214750342e-21
-1.438453169923388e-23
-1.982134975303807e-11
-4.177668755369059e-09
4.513592500770636e-07
-2.819495800521163e-13
-2.415892957504998e-10
-0.004867804020257111
-9.705685672979927e-11
-1.077463819366793e-08
1.16395817092036e-06
2.229755409899975e-14
1.966894177813393e-11
0.001256866134565393
-2.170226981691231e-11
-2.408997431384183e-09
2.602559948554643e-07
1.23309825633539e-11
-1.077565012921577e-08
1.163909246269608e-06
-6.972433716905157e-14
1.96682201369107e-11
0.001256866134606556
2.756622821350275e-12
-2.409223712785282e-09
2.602450554055863e-07
2.026358478382603e-12
2.953260300165029e-10
-0.0003150422274702835
2.990076216886832e-11
5.896871985038699e-09
-6.370194728687852e-07
1.318333692187504e-13
4.699208304272714e-11
0.0002906096099654109
-2.02640899334045e-12
-2.953258870557227e-10
0.0003150422274703076
-3.00015268432121e-11
-5.896906794080476e-09
6.370219378167898e-07
-1.330599146433545e-13
-4.699274602916571e-11
-0.0002906096099348667
-1.201791520415329e-12
2.953416048716799e-10
-0.0003150422260264725
-3.000383262210296e-11
5.89697134949502e-09
-6.369926820544835e-07
-5.018672239087832e-13
4.698955805897048e-11
0.0002906096102487842
1.201842035305175e-12
-2.953414620368099e-10
0.0003150422260264508
2.99030272613398e-11
-5.897008785378924e-09
6.369951470044089e-07
5.005948531346887e-13
-4.699025355164318e-11
-0.0002906096102182202
-3.266462243849628e-24
4.088890052336174e-22
6.685778213557245e-24
2.282938490641622e-06
4.105991063410303e-08
-2.365480036220159e-06
-0.002215180345012405
3.84143238465446e-10
0.002294693829436078
-3.328686189677106e-24
4.088919230571514e-22
6.71364572366273e-24
2.284720077179712e-06
4.100377266827457e-08
-2.366277193623372e-06
-0.002215180330033863
3.835786499546356e-10
0.002294693822732053
-3.267554718047727e-24
4.088898490135626e-22
6.686275293895423e-24
2.282969227366542e-06
4.103615228644903e-08
-2.365493874707642e-06
-0.002215180344751808
3.839419394991222e-10
0.002294693829318482
-3.329680799890233e-24
4.088911501860152e-22
6.714083096933047e-24
2.284749252971535e-06
4.102642293988837e-08
-2.366290159611254e-06
-0.002215180329790774
3.837675155676516e-10
0.002294693822624246
5.89663465448639e-06
1.059985562968654e-07
-6.108199709462612e-06
0.0005719475346496695
-9.110725933342344e-11
-0.0005924895371344623
1.31850105786661e-06
2.37010666113868e-08
-1.365807512000183e-06
5.901234179497515e-06
1.059231632379391e-07
-6.11025778814444e-06
0.0005719475307819012
-9.111755983946162e-11
-0.000592489535404298
1.319529503993932e-06
2.368420847472374e-08
-1.366267694966405e-06
5.896712028039127e-06
1.059383719879853e-07
-6.108235216967611e-06
0.0005719475345868189
-9.10578811403139e-11
-0.0005924895371046067
1.31851835844557e-06
2.368760951843785e-08
-1.365815451401168e-06
5.90131155281396e-06
1.059828272382679e-07
