# Created from matlab git hash 15d6ecd77b971f955de2852a201e878a95b43822
# name: foo
# type: matrix
# rows: 432
# columns: 1
0
-4.58882453024904e-23
9.733391967885063e-22
-8.439976863055369e-23
-4.596402031494127e-09
-1.402086742709452e-11
-6.273746482405083e-24
0.003312049674955929
-9.462942622683118e-11
-5.668594026645039e-22
-7.749217139340842e-09
-2.75492404326613e-11
-1.466342072306609e-24
-0.0008551756789385818
1.425798031931191e-14
-4.897198128493791e-23
-1.733025130636713e-09
-6.181502723708843e-12
2.306738882044626e-23
0.0002143425267484728
1.153534332811127e-12
-1.323341075060907e-24
3.015182329359293e-09
1.219027662705966e-11
-1.409170931337997e-23
-0.0001977335476601774
2.244766993057468e-13
-2.275894237001955e-23
-0.00021434252611921
-1.150680092436329e-12
-1.948009480526132e-24
-3.023420728728771e-09
-1.221988628051159e-11
1.393994994826422e-23
0.0001977335473506034
-2.258809417671036e-13
5.049345510869172e-24
1.499175135921718e-05
5.761294571238916e-12
-3.995714140515587e-23
1.758297559606027e-06
6.419126397910709e-12
-1.362673981422955e-23
-1.350298372154169e-05
1.973247184927075e-11
3.794314790589972e-23
1.49893959716424e-05
-3.644295463616192e-12
-1.586951443448295e-23
-1.753918674516733e-06
1.106823611901847e-11
-4.768278684432078e-24
-1.351268813217961e-05
-1.906510195109951e-11
-1.891682131133499e-24
-1.499174348745304e-05
-5.732676417212524e-12
3.752243338003093e-23
-1.758303634191105e-06
-6.44119029431454e-12
1.219267363452957e-23
1.350298015730613e-05
-1.974547149549795e-11
-4.075184370325908e-23
-1.498940313149852e-05
3.618906357086322e-12
1.368243588405188e-23
1.75391310521303e-06
-1.10880083288553e-11
6.007372588636235e-24
1.351269129856711e-05
1.907629711195109e-11
3.883121555934601e-23
7.379098209625818e-07
3.087526956663276e-12
-1.353902127634343e-23
1.028495515565908e-07
-5.081257520161989e-12
-1.788393228424233e-23
-6.508545318785241e-07
3.898472617037876e-11
-3.570150388696781e-23
1.780273347408086e-06
2.699188939142047e-12
-9.062261115850397e-24
4.442127535139095e-08
5.13237408706465e-12
1.497753358147778e-23
-1.590649883491009e-06
1.677553187013701e-11
3.463178320038544e-23
1.779808018579576e-06
8.46194878381288e-13
-1.167344136811648e-23
-4.005297373843178e-08
1.224725086687917e-11
-1.690650810903508e-23
-1.598679369304969e-06
-1.531890034924165e-11
1.357230027032395e-23
7.367761159753097e-07
-1.42304316508612e-12
2.591756881020068e-23
-1.010490322273774e-07
1.224753558748518e-11
-3.905401672979997e-24
-6.70232613380523e-07
-3.847119180712781e-11
-3.461691244131378e-23
-7.378991994951561e-07
-3.049376757108384e-12
1.021908750224267e-23
-1.028578952415834e-07
5.051186307909078e-12
1.577542887418391e-23
6.50849326237569e-07
-3.900385660109408e-11
3.570215461182027e-23
-1.780273346285892e-06
-2.699183264305607e-12
9.061751022442169e-24
-4.442127622965916e-08
-5.13237853046326e-12
-1.497784799411146e-23
1.590649882955798e-06
-1.677553458541929e-11
-3.463259644721817e-23
-1.779808019915566e-06
-8.46201683852084e-13
1.167282024108141e-23
4.005297271521e-08
-1.224725607635792e-11
1.690684418028115e-23
1.598679369864507e-06
1.531890319177348e-11
-1.778644086637593e-23
-7.367867372290054e-07
1.38489409616801e-12
-2.911045046651317e-23
1.010409479843571e-07
-1.227643042537908e-11
5.573173076647998e-24
6.702369194767155e-07
3.848624286198489e-11
-7.211528363243952e-28
3.769704972882519e-21
7.94800694991777e-23
-6.714845472962137e-12
-4.602912998403434e-10
6.430214960749409e-08
-9.506351980131257e-14
-3.713833409785217e-10
-0.005736637859217368
-7.881938297521031e-12
-1.155058882006637e-09
1.589073805014386e-07
-2.222288763779897e-15
1.316673717122215e-12
0.001481207607817169
-1.762665541672681e-12
-2.583426299654209e-10
3.553162656221796e-08
2.147310845430146e-13
5.150510011896944e-11
-0.0003712565293565848
1.714831864500411e-12
6.211502947483094e-10
-8.488797339139422e-08
2.618193864259179e-16
1.20452678277116e-11
0.0003424835085405542
-2.141546759578861e-13
-5.150021718266967e-11
0.0003712565289206942
-1.733760322155513e-12
-6.212649154019962e-10
8.490223155338256e-08
-5.842669397565609e-16
-1.204794580281989e-11
-0.0003424835082969221
8.537863415114609e-14
2.838091569014063e-10
-2.600074573770812e-05
-6.823523230387291e-14
3.269656800930637e-10
-3.092140152984337e-06
-4.004271787258903e-14
9.887187161625459e-10
2.326192338979229e-05
7.017883807195991e-14
-1.860770588175433e-10
-2.593646527110781e-05
5.229855621567681e-14
5.510463582275065e-10
2.971999833453404e-06
-2.994836179861574e-14
-9.566320533574631e-10
2.352784113827289e-05
-6.810224214076571e-14
-2.837041274645447e-10
2.60007327238721e-05
5.475200278062147e-14
-3.270477241200336e-10
3.092150309520516e-06
3.19481149067873e-14
-9.887683653582273e-10
-2.326191729242588e-05
-8.745523008233948e-14
1.859728979710226e-10
2.59364782849459e-05
-6.557050122310136e-14
-5.511262838730823e-10
-2.971989836026318e-06
3.731099603232629e-14
9.566760133506289e-10
-2.352784668442203e-05
-3.249068686582342e-26
1.066143749568141e-20
1.123747150395603e-22
-3.494901919316913e-10
-1.833496673692057e-08
1.25657720110301e-06
-4.747412152789253e-12
-1.255004870650749e-09
-0.008112821657569946
-2.267469345816434e-26
1.066143679997173e-20
1.123703227928502e-22
-1.639030162756338e-10
-1.834143219780327e-08
1.256494188957419e-06
-2.517261077796816e-12
-1.255096383532368e-09
-0.00811282165856753
-5.04910530360538e-10
-4.725734620251657e-08
3.234868032055659e-06
1.008682915612988e-13
5.657100230977583e-11
0.002094741458215981
-1.128991733783926e-10
-1.056657029761926e-08
7.233105537751071e-07
-2.561303061671479e-11
-4.726368094688095e-08
3.234653644841309e-06
-4.752605829770591e-13
5.656530562849447e-11
0.002094741458473694
-5.732689278261413e-12
-1.056798684006445e-08
7.232626187779312e-07
1.335948661341821e-11
1.86619045587913e-09
-0.0005251150470169091
1.308153751421448e-10
2.584770411917826e-08
-1.768660128858731e-06
5.2214118830148e-13
2.786917702254485e-10
0.000484333640796953
-1.335990892352139e-11
-1.866189261443389e-09
0.0005251150470171038
-1.316108864936481e-10
-2.584800830258081e-08
1.768679589778692e-06
-5.328298966649301e-13
-2.786973025282635e-10
-0.0004843336405309796
-6.849354698097485e-12
1.866313418584415e-09
-0.0005251150379780337
-1.316309649036191e-10
2.584832375978298e-08
-1.768542754043724e-06
-3.444665160680879e-12
2.786718220108415e-10
0.0004843336425707348
6.849777008233093e-12
-1.866312225034286e-09
0.0005251150379778507
1.308350960460798e-10
-2.584864868130142e-08
1.768562214981819e-06
3.433593298142627e-12
-2.786776375197775e-10
-0.0004843336423045931
2.320710220677483e-23
-2.001034498014136e-21
-5.207301415519031e-23
6.337181851669487e-06
1.800620876011461e-07
-6.567217351726739e-06
-0.00369197660591389
2.356864850421022e-09
0.003824372649344842
2.361863273606463e-23
-2.001062159850197e-21
-5.225751469909346e-23
6.344993228167874e-06
1.797542386289949e-07
-6.570713781360559e-06
-0.003691976512128221
2.352726588068419e-09
0.003824372607356224
2.321456466283236e-23
-2.00104024233448e-21
-5.207641056743403e-23
6.337317991537269e-06
1.799569482940103e-07
-6.567278823713145e-06
-0.003691976604268418
2.355594715381126e-09
0.00382437264860059
2.362503195850797e-23
-2.001057166017174e-21
-5.226033109072309e-23
6.345119597188032e-06
1.79852442437489e-07
-6.570769792048214e-06
-0.003691976510621029
2.353898566732708e-09
0.00382437260668926
1.637565475768105e-05
4.648350918551221e-07
-1.695985243182326e-05
0.0009532222981332269
-5.579494111724431e-10
-0.0009874581387067289
3.661565777908537e-06
1.039332659889934e-07
-3.792191449689886e-06
1.639582290106099e-05
4.64475629923584e-07
-1.696887917834917e-05
0.0009532222739113685
-5.581130911527477e-10
-0.0009874581278719488
3.666075204444983e-06
1.038528897334787e-07
-3.794209754030816e-06
1.637599386705763e-05
4.645708626454575e-07
-1.696000975756604e-05
0.0009532222977433227
-5.57641941052025e-10
-0.0009874581385185717
3.66164159974923e-06
1.038741867156675e-07
-3.792226626265069e-06
1.639616200837992e-05
4.647366022050021e-07
