# Created from matlab git hash 15d6ecd77b971f955de2852a201e878a95b43822
# name: foo
# type: matrix
# rows: 104
# columns: 1
0
0
-6.443857090875535e-44
-3.418137713280317e-25
0
0
-6.314743380414375e-24
-7.556863623204182e-07
0
0
-2.029609629253589e-25
3.869478512471906e-05
0
0
3.646776867658458e-24
2.128964239368517e-07
0
0
4.286901980829949e-26
-5.347523218524756e-08
0
0
8.093223993324338e-26
2.238645822093774e-06
0
0
-1.57235159163679e-25
4.988374021134919e-08
0
0
-8.146356070347517e-26
-2.238663596938307e-06
5.47666037065303e-42
-1.492716522637101e-27
3.226991909865147e-44
-8.202776178086987e-27
-1.099398952965479e-25
-1.209882522978805e-09
1.307979061239948e-24
-6.702737080104751e-07
3.516929957236457e-24
-1.019984207208237e-11
2.958105672597869e-26
6.702545584546409e-05
4.012457827127478e-26
-3.46062678849135e-11
-7.551249931008235e-25
3.86996197617835e-07
2.198286694909114e-42
9.051387314391954e-25
-2.234003907313706e-42
4.088484018070309e-27
-4.754701874320721e-26
-4.449658557431634e-09
3.536168958790676e-26
4.829301208993891e-10
2.163338027232119e-42
9.05148990737507e-25
2.237492565104142e-42
2.868051687319169e-27
-4.720561144177473e-26
-4.444769579774573e-09
-3.555323293396309e-26
-5.049389442768644e-10
0
0
4.78766450142536e-28
-5.865013977026267e-25
0
0
3.997388002568681e-11
-1.340571662940537e-06
0
0
4.566551791923458e-13
6.702105689437007e-05
0
0
-2.305514577568647e-11
3.869853365771204e-07
-1.417714611740226e-27
5.511097465216545e-25
3.699554353005303e-25
1.533208905942862e-27
3.799520639505288e-12
-4.398937414108702e-09
-1.466298635554772e-09
-6.651837395769956e-12
0
0
5.989255485287115e-25
2.754207612182885e-25
0
0
8.209070792009035e-05
3.159674654902288e-07
0
0
5.989241683568203e-25
2.758091552846755e-25
0
0
8.209070781245567e-05
3.160001086294756e-07
