# Created from matlab git hash 15d6ecd77b971f955de2852a201e878a95b43822
# name: foo
# type: matrix
# rows: 8
# columns: 1
0
-6.609144454894622e-06
6.130938272324308e-22
-1.144737399043957e-05
0.003509729510512757
5.396343850278926e-06
0.003509729510512757
5.396343850278926e-06
