# Created from matlab git hash c496e75d3aa38f3c5e4aa899deda5138159210be
# name: foo
# type: matrix
# rows: 512
# columns: 1
1.357400885814274e-08
9.252508021375207e-06
3.035256199705318e-08
-5.093950293354318e-06
-1.091374223611304e-08
0.0001286429774999378
-2.440393073609672e-08
-3.905412744390894e-06
-1.108971408382087e-08
4.071365039973526e-05
-2.479744795778173e-08
1.098996724351552e-07
5.651266185687395e-09
9.776389555436018e-05
1.263671022157448e-08
-7.929796980444811e-06
6.296098157422015e-15
-1.656928547583918e-05
6.124964501152917e-15
2.005640525393203e-06
-6.653304497602666e-15
4.586576150691169e-06
-8.458169178723039e-15
-2.497142123730934e-07
-3.934176610228759e-15
1.694371487385492e-05
-3.713699007785956e-15
-2.0963641785947e-06
3.079487009872625e-15
3.607798862512097e-07
3.684951984903363e-15
-5.817586806177715e-08
-8.380688355670432e-15
-3.736755638298847e-05
-7.713210073165213e-15
1.300495190636288e-06
-1.027528878834578e-14
-7.486503489665247e-05
-1.283084889396615e-14
4.987657883102583e-06
6.475615954302406e-15
1.651183921051931e-05
6.17675723424402e-15
-2.703734788470873e-08
3.011316889031877e-15
-1.182555470352148e-05
3.846296866870291e-15
4.142660165425105e-07
-1.35741389543751e-08
5.62674433954694e-05
-3.035270128411572e-08
8.146870702270693e-07
-1.091385748054905e-08
-0.0002164963449246367
-2.44040539890653e-08
1.865519299200664e-05
1.108978294655488e-08
-9.076636350424547e-05
2.479752045177287e-08
3.63371817949992e-06
5.651318266764198e-09
-0.000112450673363359
1.263676586029177e-08
6.893373978223307e-06
1.357400885792967e-08
-1.091374223594106e-08
-1.108971408366327e-08
5.651266185598772e-09
9.252508021351524e-06
0.0001286429774998742
4.071365039973082e-05
9.776389555428395e-05
3.035256199698761e-08
-2.440393073604658e-08
-2.479744795769282e-08
1.263671022154694e-08
-5.093950293349506e-06
-3.905412744393114e-06
1.098996724314545e-07
-7.929796980448974e-06
6.296099384979181e-15
-6.653303615033555e-15
-3.934177182592759e-15
3.079487479318289e-15
-1.656928547580382e-05
4.586576150744666e-06
1.694371487382916e-05
3.607798862418452e-07
6.124972990913296e-15
-8.458158751330828e-15
-3.713704048156858e-15
3.684952214578331e-15
2.005640525384892e-06
-2.497142123707691e-07
-2.096364178589407e-06
-5.817586806346923e-08
-8.380689794448182e-15
-1.027528729838866e-14
6.475616803736627e-15
3.011317145485778e-15
-3.73675563830812e-05
-7.486503489660989e-05
1.651183921058033e-05
-1.182555470353336e-05
-7.713222338825801e-15
-1.283083313511068e-14
6.176764611663438e-15
3.846295237968912e-15
1.300495190647557e-06
4.987657883104668e-06
-2.703734789247221e-08
4.142660165416397e-07
-1.357413895420862e-08
-1.091385748041322e-08
1.10897829464278e-08
5.651318266696422e-09
5.626744339553156e-05
-0.0002164963449245893
-9.076636350426176e-05
-0.0001124506733632443
-3.035270128395265e-08
-2.440405398893708e-08
2.479752045162002e-08
1.263676586022075e-08
8.146870702167067e-07
1.865519299202902e-05
3.633718179512502e-06
6.893373978229599e-06
1.216660910372419e-08
-0.0002160155892754699
2.720546544838804e-08
2.136734930556767e-05
-1.03168334412735e-08
3.954745202388388e-05
-2.306921330282137e-08
-6.048002278164231e-07
-8.387407251790827e-09
0.0003672382932227292
-1.875487869992312e-08
-4.083747970280249e-05
4.875243972112214e-09
-1.192114869580875e-05
1.090142589710313e-08
-2.648199735883452e-07
-1.216670281298691e-08
0.0001984038466763589
-2.720556553358152e-08
-2.085936452229409e-05
-1.031692170031237e-08
-7.704481404953868e-05
-2.306930809998856e-08
6.523627654115301e-06
8.387465047170896e-09
-0.0003688432515603292
1.875494013824609e-08
4.122775487162254e-05
4.875267650845651e-09
-0.0001081555747023219
1.090145093737502e-08
6.013718781931768e-06
1.21666091035526e-08
-1.031683344112987e-08
-8.387407251672802e-09
4.875243972045616e-09
-0.0002160155892754522
3.954745202393717e-05
0.0003672382932227085
-1.192114869581468e-05
2.72054654482815e-08
-2.306921330272814e-08
-1.875487869983386e-08
1.090142589705544e-08
2.136734930556989e-05
-6.04800227811797e-07
-4.083747970280342e-05
-2.648199735803886e-07
-1.216670281284852e-08
-1.031692170019661e-08
8.387465047074483e-09
4.875267650791465e-09
0.0001984038466763056
-7.704481404956532e-05
-0.0003688432515602892
-0.0001081555747023877
-2.720556553340648e-08
-2.306930809983342e-08
1.875494013811188e-08
1.090145093730154e-08
-2.085936452229298e-05
6.523627654128438e-06
4.122775487162087e-05
6.013718781947773e-06
-6.566057795426551e-14
-5.081352904050002e-06
-7.174210324592079e-14
6.751315337982278e-08
2.930167747169203e-08
0.001505806710673981
6.552048562627403e-08
-0.0001688814147664791
4.123011411716097e-14
2.850990866733132e-06
4.297210685506805e-14
5.062633600291722e-08
-2.910423623382557e-08
-0.001097976041401619
-6.507902510128747e-08
0.0001266045260050419
-6.566060162776953e-14
2.930167747201649e-08
4.123012931572206e-14
-2.910423623401075e-08
-5.081352904055165e-06
0.001505806710674037
2.850990866736731e-06
-0.001097976041401557
-7.174205402019065e-14
6.552048562680093e-08
4.297207454576386e-14
-6.507902510160055e-08
6.751315337935909e-08
-0.0001688814147664806
5.062633600289233e-08
0.0001266045260050401
-4.805438855862709e-14
-1.757498989640444e-06
-7.901508683976736e-14
-7.132652185124061e-09
-1.757498989645087e-06
0.4912614609206407
-3.929558204417783e-06
-0.05947335999126577
-7.901504842886461e-14
-3.929558204410637e-06
-1.131067427808139e-13
-1.598905296317101e-08
-7.132652184972152e-09
-0.05947335999126577
-1.598905296281972e-08
0.007209988815350257
8.288182212339167e-09
-3.267487796315836e-05
1.853372353078133e-08
-4.547629688751938e-06
1.34261260943995e-08
-5.250927653366242e-05
3.002267873566451e-08
-5.413919125073437e-06
-1.220933188922776e-08
-3.42386585667105e-05
-2.730077445692146e-08
4.743716116528559e-06
2.140709284387402e-08
-9.72251048216506e-05
4.786888064961965e-08
-6.360604777198701e-06
-4.630787992183644e-13
-0.0001027083301867901
-4.88039597930647e-13
5.97871648085007e-06
-8.927344530100371e-13
9.746708188941066e-05
-9.447497956821252e-13
-6.773602378006097e-06
-2.363768053925738e-13
6.054422155374739e-05
-2.506950808842934e-13
-3.709751324163735e-06
-8.565387179695303e-13
-3.63112577680693e-05
-9.04122724414841e-13
1.879280808649608e-06
-2.704695865687676e-08
-6.777800473847273e-06
-5.100839612107722e-08
1.851232063113726e-06
4.774257443299494e-08
1.638471045216811e-05
5.235680199610117e-08
-7.340053113170266e-06
2.024170357252244e-08
7.166703113666048e-06
4.086354981216907e-08
-2.583624607786597e-06
9.619925691295066e-09
4.666643381967497e-06
-1.212332877933614e-08
-3.184618797646466e-06
-4.751328688939567e-13
9.835426931796937e-05
-5.012879740666624e-13
-5.105641980682249e-06
-8.912270044684292e-13
-0.0001389737661598126
-9.429348661006377e-13
9.28420937402825e-06
-2.250111798610673e-13
-3.917905941429302e-05
-2.382061036172873e-13
1.993369584403134e-06
-8.571375956746756e-13
5.597160003699185e-05
-9.047567818061114e-13
-2.894689165270242e-06
-8.289310559323855e-09
0.0001453449399689322
-1.853491423386808e-08
-7.049949041622165e-06
-5.254908785171146e-09
-0.0001221275700633106
-1.174928167037152e-08
1.083954490418941e-05
1.220899335551401e-08
-8.808733068317672e-05
2.73004168314409e-08
3.05853096023662e-06
4.698478100721678e-09
4.829974125788308e-05
1.050712762117203e-08
-3.906555154908746e-06
4.312498401733791e-08
1.284031697733319e-05
5.802541429768518e-08
-5.072825188099665e-06
5.894222469516217e-08
1.59979058059088e-05
5.724472274965898e-08
-8.385903592371748e-06
-1.600986701722413e-08
-6.511623449592615e-06
-3.90166464747658e-08
2.021132615469919e-06
2.263566156169885e-08
6.141114644635894e-06
-6.442796785981452e-09
-4.753177051231721e-06
-2.704695865707515e-08
4.774257443309971e-08
2.024170357269144e-08
9.619925691162496e-09
-6.777800473841843e-06
1.6384710452162e-05
7.166703113661584e-06
4.666643381965895e-06
-5.100839612098868e-08
5.235680199622022e-08
4.086354981206181e-08
-1.212332877913895e-08
1.85123206311627e-06
-7.340053113173111e-06
-2.583624607788714e-06
