# Created from matlab git hash 7a85cb21101a410cc7fef3124c6f52da775c291f
# name: foo
# type: matrix
# rows: 180
# columns: 1
0.03090481084153723
-0.0006181698748915473
8.430019862373918e-06
-0.04797855690394937
0.001649687101562195
2.231741185122655e-05
-0.01148714333822163
-0.002443204077690099
2.358112359060597e-05
-0.0003778990183137249
-7.357476403716746e-05
2.326387649710499e-06
0.0002016172668331492
5.374746280201276e-05
-1.641578133097455e-06
0.0002791729041800496
4.753286318774539e-05
1.936382417804788e-07
-1.052893614942009e-08
-8.624644355900227e-09
-8.416042939972484e-09
7.683310724116826e-09
6.552630229614126e-09
6.368043234376322e-09
5.753731523144259e-09
4.651861993793218e-09
4.35900054852992e-09
-4.021440643400581e-13
-3.951725568927207e-13
-2.416434325244518e-12
3.061489076218689e-13
3.093610464243316e-13
1.83499381564299e-12
2.018260483244075e-13
2.334235008249308e-13
1.176125680172412e-12
-3.101643379466797e-09
3.968621496027974e-10
4.956069804126657e-09
4.379995989709287e-08
5.412930650707596e-10
-4.332140055192704e-08
-9.663969937405691e-08
2.865225104137679e-10
9.610807045693631e-08
-5.654738565639763e-10
-1.509542519856297e-11
5.066162904443922e-10
4.296393571351245e-10
1.27556489773315e-11
-3.856190663392946e-10
2.731092653908227e-10
1.194090017578794e-11
-2.441223512031429e-10
2.565131968711954e-09
-2.02882063670919e-10
-2.426725140443949e-09
-2.526492931234016e-09
2.752630503315531e-10
2.454520879518976e-09
-1.774126758595178e-09
-3.553802319249365e-10
1.382470925958595e-09
2.56269885240277e-09
1.85167209909344e-10
-2.457210477163683e-09
-2.46876649388132e-09
-2.823324679139387e-10
2.462485137553407e-09
-2.087810882292563e-09
4.92432070448444e-10
1.530950721835153e-09
6.617883864352583e-10
-2.764689118032352e-11
-6.412787664982481e-10
-5.086580167830432e-10
2.08808641814252e-11
4.959293072602861e-10
-7.162859766878037e-10
3.191667311812596e-11
6.953493691865063e-10
7.50831987762359e-10
-1.098507034995836e-10
-6.664281531736576e-10
-4.941306240162747e-10
1.577152877133498e-10
4.245617768962787e-10
-7.45722283286886e-10
1.768570673530783e-10
6.5100264754995e-10
8.601969756604524e-10
-2.505174521138626e-10
-7.058935754740069e-10
-3.936986376462627e-10
-6.189786907047823e-12
4.077202718114904e-10
-7.168210536954821e-10
1.124366912763716e-10
6.557922531857628e-10
8.189942422352702e-10
-2.188854079038027e-10
-6.936407201550247e-10
-6.447036721489685e-10
2.009668031052355e-10
5.304554362619886e-10
-8.94860780921231e-10
2.605098764607855e-10
7.463964393054135e-10
-0.1709468769716974
0.002481529904181563
1.786283353827396e-05
0.03873402660903694
-0.002391446544014288
-1.683958390295168e-05
0.1799848936133924
-0.0009778105047961378
-1.679905751065608e-05
-9.011547313947965e-09
-6.946956587115101e-09
-6.618302929237868e-09
6.773182469690814e-09
5.312926663696498e-09
5.076394910096018e-09
4.381664767369346e-09
3.240497364254413e-09
3.071307961468209e-09
5.361878189741604e-08
3.632778932336558e-10
-5.193241334015594e-08
-5.879609988616862e-08
-3.404740857577581e-10
5.690321796458882e-08
-8.092786072007094e-09
-1.022448471338931e-10
7.775986079681587e-09
4.457386544914292e-09
1.262862739170202e-10
-3.899786258648608e-09
-4.082229895350672e-09
5.345078300988844e-11
3.691409560077035e-09
-1.966645483894582e-10
-2.625415245640332e-10
-1.759793220832441e-11
4.768933980384763e-09
-2.760915111499605e-10
-4.080214869378208e-09
-4.254525453131375e-09
4.384244688022284e-11
3.813652603301615e-09
-3.796899658715023e-10
3.360006683842876e-10
5.833027493424929e-11
-0.3804005851785299
6.743859628872204e-05
7.747197518073382e-06
0.2422627817568639
-0.0005894697198785816
-1.035895016004933e-05
0.2498521651525618
0.000706065264300873
1.904180028849889e-06
7.125056543351221e-08
3.920329762165847e-10
-6.789978841161806e-08
-7.711936035933912e-08
-3.743163816512127e-10
7.351367029827449e-08
1.66729183495149e-08
-1.334829124889235e-11
-1.570169931500548e-08
0.3736547035177227
0.002219530722067068
1.607309258331951e-05
-0.5757114943433694
-0.00297053487303815
-1.965390034447439e-05
0.5833226770929117
0.002013292829310897
9.169870529170643e-06
