# Created from matlab git hash 15d6ecd77b971f955de2852a201e878a95b43822
# name: foo
# type: matrix
# rows: 8
# columns: 1
4.242640687119281
0.3985069905783766
0.406529872497879
0.2296500878277363
0.1558469045540767
-0.1857707584186417
0.6375717570259961
0.3618311289032398
