# Created from matlab git hash 15d6ecd77b971f955de2852a201e878a95b43822
# name: foo
# type: matrix
# rows: 8
# columns: 1
4.242640687119281
0.4004178941654931
0.4091102629397512
0.2343361922482148
0.1758869072716598
-0.2329150919662983
0.6490187256257339
0.3956445478042991
