# Created from matlab git hash 15d6ecd77b971f955de2852a201e878a95b43822
# name: foo
# type: matrix
# rows: 8
# columns: 1
4.242640687119281
0.4062555081342343
0.4175774299154724
0.245824490689512
0.2566360352794699
-0.4560865941057832
0.6704610999152874
0.5428926995946212
