# Created from matlab git hash 4284e9d6e699002e822fb6963cd26e597ecaa80f
# name: foo
# type: matrix
# rows: 8
# columns: 1
1.41421356237309
0.0326581282932201
0.0004898260374218074
5.418678785571661e-06
8.371754109306334e-05
1.64935542023671e-06
8.956410891804526e-05
1.709059588553184e-06
