# Created from matlab git hash 85a8ed2c2a63311b81b4bd4ee8154db314cb195d
# name: foo
# type: matrix
# rows: 8
# columns: 1
0.1253313438903165
2.862293735361732e-19
-0.1921375694513603
2.602085213965211e-19
0.1181626054616641
0.05294022514512768
0.118162605461664
-0.05294022514512765
