# Created from matlab git hash 7a85cb21101a410cc7fef3124c6f52da775c291f
# name: foo
# type: matrix
# rows: 432
# columns: 1
0.02324908148660977
-0.0006202467112458004
-3.074041681863407e-07
-0.005489001122432689
0.0002003488979110856
-4.198375301604044e-06
-0.02038638670247238
0.0006799500506718441
2.242683468344669e-06
-0.005231622334067841
-8.360391109589423e-06
2.417608518237727e-07
0.0009396380797401142
-3.046926313963107e-05
-1.518117097908553e-06
0.004692699150106447
5.269249983125077e-05
-7.292243357889776e-07
-0.0001727295667634907
-7.151484832862729e-06
8.949961438672763e-08
5.968336430917841e-05
4.160086581240231e-06
-1.397023317615177e-07
0.0001423497976097133
7.422497701014025e-06
1.227835125875416e-07
-7.015482480432163e-07
-7.823296809283819e-08
-2.712993675794993e-09
2.792924685455179e-07
5.516448366241665e-08
1.953327681705725e-09
5.656085128464071e-07
5.778836735752107e-08
3.524458136881263e-09
-1.057938383348214e-09
-2.017820550778658e-10
-2.219968186439216e-11
4.537992906017578e-10
1.485913911069627e-10
1.727815290689312e-11
8.401139098263346e-10
1.299414080504102e-10
1.662255445674807e-11
-1.301072891232525e-13
-2.455374470812425e-13
-4.758933908324666e-14
7.135536947056562e-14
2.085500253404632e-13
3.722638334184481e-14
7.611861972613879e-14
1.20524692511654e-13
3.087364642044857e-14
-1.130828253536477e-14
-1.03447316853804e-14
3.866707719247311e-16
8.744595708663839e-15
8.004063921751604e-15
-2.334375590864099e-16
5.72353956963748e-15
5.293191698954937e-15
1.456934353050623e-16
-1.421275701343983e-18
-7.545668660129944e-19
-3.076490347484887e-19
2.230424859368243e-19
1.047750745607869e-18
2.806872722860239e-19
3.882125013868043e-19
-3.038816773400137e-19
1.619984645391192e-19
6.404499290917194e-09
-1.905412792926192e-10
-8.586511669317331e-09
2.498035113172614e-08
-3.048226184030619e-10
-2.80242948711649e-08
6.904325403056084e-08
3.565194319713726e-10
-7.298011285434469e-08
2.645733976859946e-09
-1.008669092079659e-10
-2.541022048020499e-09
-2.726646361163416e-09
6.338371712685197e-11
2.589141566500547e-09
-7.552081740446811e-10
7.972737515780547e-12
7.507638015847337e-10
-4.059292911525705e-13
3.943146875782052e-13
1.040181586104027e-13
2.825007914314861e-13
-3.072268840812312e-13
-5.791705828716334e-14
2.529545850967518e-13
-1.790006344984859e-13
-1.04350749918972e-13
-5.05025322219653e-16
3.76553564014701e-16
-6.504076281008133e-16
-8.875877539759587e-17
-3.205482896789026e-16
7.572176898306978e-17
5.473525761143902e-16
-1.565103201667611e-16
5.837310318694874e-16
-1.167558690089748e-09
-1.537245645998656e-10
1.203910269198968e-09
2.123706837564157e-09
2.706340243178569e-10
-2.201205711514312e-09
-5.459992070108576e-09
-5.705100045334762e-10
5.632215608741629e-09
3.267424932663007e-14
-3.597629188898151e-14
-1.748148887016088e-13
-2.890022776692082e-14
3.337237625496669e-14
1.224599874386685e-13
-1.073471448982888e-14
1.145264866918696e-14
8.929146617730065e-14
-1.187312287656274e-09
2.090214854918104e-10
1.200811098955953e-09
2.312517383437697e-09
-3.235032332696512e-10
-2.34700618790943e-09
-5.753763693085067e-09
7.581156434440009e-10
5.813186087246362e-09
3.792047338893091e-13
-2.594442690946183e-13
-2.888814626175669e-13
-3.037930865688817e-13
1.909893072381759e-13
2.058293420790681e-13
-1.667196220862314e-13
1.267044208881834e-13
1.488810060143072e-13
4.021475697664671e-11
-1.68278711372438e-11
-3.942906417684646e-11
-2.771727863562796e-11
2.430572621653143e-11
3.129414996850986e-11
-1.1644096113563e-10
-3.564115049270982e-11
9.084268346072445e-11
-6.593496383281091e-11
-1.120763559775281e-11
4.902041423542242e-11
1.244688633339887e-10
1.955364013311338e-11
-9.200762439935082e-11
-3.277143262059173e-10
-4.220687519378201e-11
2.410017297349888e-10
-7.061718288291817e-11
2.825644374272379e-11
4.879452573264894e-11
1.353041454196467e-10
-5.139018749322469e-11
-9.326938519844116e-11
-3.570326429987744e-10
1.268959597402934e-10
2.459645847224385e-10
3.782111485109031e-11
2.037218667770032e-11
-4.051046195353019e-11
-2.085262751030299e-11
-3.118446488010966e-11
3.121543178010966e-11
-1.415667525498909e-10
5.327442533763058e-11
9.914310985668532e-11
2.380924430754806e-11
-2.418585728795055e-12
-2.235831267493357e-11
-1.783813946990053e-11
2.012359267618836e-12
1.682205718170068e-11
-2.489128263632301e-11
2.687445278245639e-12
2.342917125134433e-11
1.879394516927397e-11
6.279389363663322e-13
-1.660079087898476e-11
-2.077023408813662e-12
4.942839655948205e-12
1.662762938458433e-12
-1.024439215569456e-11
3.599752990941794e-12
8.915007118855611e-12
3.069315625717382e-11
-1.966115652612825e-11
-1.733910701147171e-11
2.193601182760985e-11
-1.634528676378264e-11
-1.062460292037739e-11
3.167435172175629e-12
-3.850521843583908e-12
-3.865376227412431e-13
2.657027618828102e-11
9.477606409221874e-12
-2.244867308016158e-11
2.828368431548706e-11
6.408279304716774e-12
-2.34895659449945e-11
1.002230590871873e-11
7.153906359724772e-13
-8.144698404738255e-12
6.121251567670755e-11
-4.589606746140313e-11
-3.142491526320223e-11
5.320249192277071e-11
-3.858025366547818e-11
-2.786404811498111e-11
1.37766634257216e-11
-9.332056723676017e-12
-7.484150821725766e-12
1.570894614066158e-11
1.66627691499292e-12
-1.26924806615896e-11
1.122142906388485e-11
2.496770095497329e-12
-9.037625522606498e-12
1.593285596692866e-12
1.208009358483659e-12
-1.260050746699182e-12
2.997100031325442e-11
-1.50555868390526e-11
-2.002449316586408e-11
7.125970093856458e-12
-1.059488800352388e-11
2.24210131186251e-13
-8.121460330682213e-12
-1.438797267021383e-12
9.348092194580346e-12
2.743953814912982e-11
-5.695755409443155e-12
-2.415959707161766e-11
-2.094469588057687e-11
5.199981235158001e-12
1.8082329812234e-11
-2.898656208920213e-11
6.686014250684268e-12
2.524003685202519e-11
0.02754511859812819
0.001006986734307621
-5.855831565918036e-06
-0.04732566912118397
0.0002795303295839309
1.396862871647922e-05
-0.01361589748407485
-0.00162542484785177
-2.427034829892687e-06
-0.0004014620432778113
-1.462781187471821e-05
-1.658281237563794e-07
0.0002186288704736589
8.533842165162815e-06
7.746316059402779e-08
0.0002919835246465367
1.013166263163748e-05
1.548544386395643e-07
-1.939181543891816e-09
-2.075494575149964e-10
-2.211002536547629e-11
1.183332646586347e-09
1.474370663979167e-10
1.649809192774333e-11
1.296200434808993e-09
1.118467787884414e-10
1.109834422971588e-11
-8.648741261848572e-15
-7.959184170681824e-15
1.413992489668386e-17
6.647767147288757e-15
6.11534882586697e-15
-2.958334746451657e-17
3.964505287515301e-15
3.656079739986152e-15
2.636173626670196e-17
3.170827027011077e-08
-2.113319669773821e-11
-3.473522242893905e-08
-2.257665422741866e-08
2.315502557603449e-10
2.662843565507799e-08
-6.181422759822695e-08
-4.256723715806575e-10
5.720257211238766e-08
-4.093992191353754e-13
2.791204314438618e-13
1.426842620194513e-13
2.899749696316348e-13
-2.174592423551789e-13
-1.113797077403571e-13
2.159971239413846e-13
-1.251507147431977e-13
-7.319635080433545e-14
2.594129073552552e-09
2.673326939683997e-10
-2.637257141029649e-09
-2.814888031780364e-09
-2.83376209344065e-10
2.865264599855517e-09
-5.139327617823374e-10
-4.900311221758901e-11
4.943139047436254e-10
2.767419111773528e-09
-3.368451200790587e-10
-2.760512736525392e-09
-3.002017563890745e-09
3.603120737900113e-10
2.997654134156247e-09
-5.511636540693101e-10
5.536785008015174e-11
5.209711840133303e-10
1.591159146185378e-10
1.690854549213036e-11
-1.319081917517764e-10
-1.163746725773203e-10
8.167396880927263e-13
1.005674580122807e-10
-5.192923552447179e-11
-2.598364451522501e-11
3.658619647067785e-11
2.534214195195263e-10
2.967018034900495e-11
-1.846305390278908e-10
-1.032825256502539e-10
-1.007498042091292e-11
7.550711862347968e-11
-2.092327680377606e-10
-2.832080778352889e-11
1.536911254386114e-10
2.777968094214741e-10
-9.465455312042786e-11
-1.895118264125792e-10
-1.135737653718487e-10
3.686927659955273e-11
7.86766409873207e-11
-2.280804029136233e-10
8.186013433264069e-11
1.569131637195185e-10
1.815145888388542e-10
