# Created from matlab git hash 7a85cb21101a410cc7fef3124c6f52da775c291f
# name: foo
# type: matrix
# rows: 180
# columns: 1
0.03128645916711111
-0.0008089097276678739
1.287769847582491e-05
-0.04771044869950868
0.002215246750065545
3.358351668309533e-05
-0.01072775094805361
-0.003029799028978238
3.908012700723873e-05
-0.0003716396394048702
-9.731396203940954e-05
3.692367268961289e-06
0.0001972552919140868
7.098806093786628e-05
-2.606682683407133e-06
0.0002760619932125178
6.264684066637019e-05
3.779200521670085e-07
-1.593514718879516e-08
-1.218627728624058e-08
-1.352895131557764e-08
1.177593099046833e-08
9.290340515727485e-09
1.024230816249605e-08
8.578796143408888e-09
6.733999582009558e-09
7.027384837519189e-09
-8.615256030131761e-13
-7.711522407894459e-13
-5.477550807979747e-12
6.55675429721524e-13
6.095278064160144e-13
4.159839384846809e-12
4.334884315649718e-13
4.81566502222661e-13
2.666477490891894e-12
-1.199110931893531e-08
8.846609565917552e-10
1.530561764508959e-08
8.549206795986605e-08
1.277913039011226e-09
-8.541893210681514e-08
-1.900061255756765e-07
5.78064510981772e-10
1.909157640562966e-07
-1.110372362587895e-09
-3.082131769445928e-11
9.951614337359752e-10
8.441891198444398e-10
2.634793156170307e-11
-7.580584375492537e-10
5.368422356986543e-10
2.564752473034505e-11
-4.799583472368049e-10
4.177250066941538e-09
-4.140792946065923e-10
-3.95037513765746e-09
-3.965402762068888e-09
5.726644568069495e-10
3.882091868057411e-09
-3.694465909958704e-09
-7.842171431292748e-10
2.88914186070954e-09
4.156025229543562e-09
4.18299345627809e-10
-4.000218354785161e-09
-3.813472029271808e-09
-6.383218350310113e-10
3.874011316327135e-09
-4.39547915441922e-09
1.108879230515722e-09
3.225077797264153e-09
1.220123058000633e-09
-7.532168210354286e-11
-1.1713990193603e-09
-9.360552012470793e-10
5.952640668556157e-11
9.032728939187985e-10
-1.315615978507372e-09
8.576472003117078e-11
1.265105132132086e-09
1.306928094016594e-09
-1.65564618136945e-10
-1.164564879475661e-09
-8.003415057987227e-10
2.806225273043604e-10
6.875936525040494e-10
-1.249062169811075e-09
3.005301876006556e-10
1.093036583313273e-09
1.551624359436111e-09
-4.858432334791576e-10
-1.252142270570242e-09
-5.813461125985776e-10
-7.828705026575616e-11
6.491320525624512e-10
-1.188863594579507e-09
1.650297704283465e-10
1.10280798917665e-09
1.479606943875292e-09
-3.658390866668769e-10
-1.271377598902488e-09
-1.158941901526831e-09
3.414021417120116e-10
9.661213512020134e-10
-1.609053054413538e-09
4.395378947618063e-10
1.360140802257133e-09
-0.1711571972900887
0.003238403823681619
2.819575128341304e-05
0.03888982903498908
-0.003100296281835827
-2.630941903991226e-05
0.1800634043214307
-0.00131119199159212
-2.70409867537491e-05
-1.328182072028104e-08
-9.946802138436354e-09
-1.065581565985395e-08
1.004648987103559e-08
7.598817321740094e-09
8.173105488345424e-09
6.362276871577465e-09
4.654817255642378e-09
4.951473364187966e-09
1.041328183590208e-07
8.376379224993565e-10
-1.018488542833498e-07
-1.135379537055839e-07
-7.900113064364345e-10
1.110335127187857e-07
-1.658124415061645e-08
-2.404284658387243e-10
1.59530594903381e-08
8.067429645478845e-09
3.156344660375172e-10
-6.976678227843799e-09
-7.102094478750349e-09
7.631967692798329e-11
6.363871322754972e-09
-7.939189276352348e-10
-5.701959537796037e-10
3.329617532899659e-10
8.747127829272451e-09
-6.226011223179626e-10
-7.365362327981119e-09
-7.464970109521957e-09
9.830219799581797e-11
6.616033590218034e-09
-1.210761761796548e-09
7.59100583443007e-10
5.151411470328695e-10
-0.3805392255659555
0.0001377435761848686
1.259097507414959e-05
0.2423708696440565
-0.0008030706366593056
-1.672541733417304e-05
0.2499132437365952
0.0008898443242577286
2.909499943113549e-06
1.357709907502915e-07
8.965524436950212e-10
-1.306718573159208e-07
-1.462534979372414e-07
-8.552053605112462e-10
1.408925598802416e-07
2.99401625541171e-08
-3.541776802758402e-11
-2.861681356104378e-08
0.3737137726344404
0.002860261102759362
2.572794272435546e-05
-0.5758149619347087
-0.003816489088199272
-3.137966526408586e-05
0.5834586409822484
0.002559363515775825
1.447559880488155e-05
