# Created from matlab git hash 23998a2ad3b03124e7bddb615f9834a5ccd2ca3a
# name: foo
# type: matrix
# rows: 8
# columns: 1
4.242640687119281
0.351264176492592
0.2513319847635785
0.5995746249332885
0.3563174356563608
0.502918381411717
0.1002867689945157
0.287831678617016
