# Created from matlab git hash 7a85cb21101a410cc7fef3124c6f52da775c291f
# name: foo
# type: matrix
# rows: 1008
# columns: 1
0.002950782240569488
-3.528112091497449e-05
1.90149398819506e-07
-0.0006150926805012593
-4.666753788667326e-05
9.306211943334146e-08
-0.002590129578287614
5.7138108697523e-05
-3.257465701946725e-07
0.0008110914059195431
1.61833657661282e-05
3.936483452089756e-09
-0.0002704913739911399
-3.158607382552912e-06
8.630550227134647e-08
-0.0006684489994702738
-1.747115065857151e-05
-6.501904516421815e-08
-0.0005893508358085162
7.333601916842629e-07
-2.303341128870375e-09
4.247217298096785e-05
-1.770434284345215e-06
-2.416557366798194e-08
0.0005533051746345066
6.740851730224331e-07
-2.220963883243391e-08
-0.0002530963039374263
-1.117697813007323e-06
3.598831831085113e-09
4.140392925083802e-05
-6.539703652739396e-08
-2.559217445250934e-08
0.0002259150747020271
1.924058019210596e-06
1.458661802375889e-09
-3.856393555257855e-05
-3.050399113907125e-07
1.474674240892722e-09
7.642588260601396e-06
8.200568986404853e-08
-5.505243868494839e-09
3.383443616257921e-05
4.291181792884435e-07
1.863057418784809e-09
-3.319480984832679e-06
-3.652331081576831e-08
1.617220776367669e-10
7.294084011223298e-07
1.477331411284691e-08
-5.396831147484844e-10
2.886537721660667e-06
4.596917042150173e-08
3.364468994668119e-10
-1.950840879441509e-07
-2.680111729305188e-09
7.989720347479232e-12
4.583924216381919e-08
1.283052191170787e-09
-3.151605953764955e-11
1.686914963785891e-07
3.126806419483074e-09
3.134227696618293e-11
-8.747346977049853e-09
-1.407589090193642e-10
1.642100572560784e-13
2.153441664139446e-09
7.377609321638661e-11
-1.273597700170511e-12
7.534406921520396e-09
1.555032605911334e-10
1.932309573211443e-12
-3.21778191678989e-10
-5.816072366648402e-12
-3.88596852588959e-15
8.192627838351209e-11
3.22160219438412e-12
-3.893613061431815e-14
2.763630493414692e-10
6.171677641654818e-12
8.955543087215297e-14
-1.02328646509364e-11
-1.916187851468073e-13
-2.955550626691028e-16
2.647757134588871e-12
1.233384447487566e-13
-8.437366174707819e-16
8.768456718724873e-12
2.01509209300506e-13
3.488986383962915e-15
-8.049524318494652e-14
-1.650022614163236e-14
-1.8521673742839e-16
6.195251543879162e-14
1.305402307732328e-14
1.819903679507378e-16
3.843392334258421e-14
9.618120300505015e-15
4.295493968929858e-16
-1.173868546055506e-14
4.90279783843279e-15
-3.91626521207779e-17
-7.165477531504318e-15
3.814603497251763e-15
-4.449753376411643e-17
9.465651881232458e-15
-2.902095389014901e-15
1.221626502417809e-16
-1.495122551227354e-14
-4.253111303903697e-15
3.904527500594987e-17
1.153043474067689e-14
3.345551777434738e-15
-1.657131327081891e-17
7.124044256507626e-15
2.340737920855681e-15
7.172990567364628e-17
-2.760178430400348e-19
-3.620122183614924e-19
-4.379595548245942e-19
5.767470653352939e-19
5.202795662441731e-19
3.395513491052638e-19
1.55867148597723e-18
3.665739226771388e-19
2.158882726757121e-19
2.216188610838071e-18
2.01592597002568e-19
1.24530571770536e-21
1.439608479239383e-18
3.769046411310517e-19
4.070786283366575e-21
2.310369542870711e-18
-4.913097926163807e-20
9.585521704381333e-21
-4.926252272492856e-19
9.154676507955215e-20
-3.841910410093522e-21
-2.242471733518122e-18
1.36079415628556e-19
1.091294476769774e-20
-9.030682092267251e-19
-4.759270816790946e-19
4.446720213212474e-21
-3.811340969970535e-12
1.662415363316005e-12
1.366665316328612e-11
-1.233210263391213e-09
4.350941600530647e-12
1.373446368241458e-09
-1.592703580078279e-10
-6.740717748216572e-12
1.65651517118647e-10
-7.304755322581772e-11
1.501837841316467e-12
8.389467111611958e-11
3.51680510193757e-11
2.64664878682131e-12
-4.101181280554356e-11
-3.3247364284117e-10
-7.087067151412546e-13
3.286019725864805e-10
1.599817662713192e-11
-5.557065789203264e-13
-1.507446595946498e-11
-3.684224097826352e-11
4.799124404556335e-13
3.418856289209626e-11
-1.979785271475378e-11
-1.356907504790932e-13
1.831604773650083e-11
5.265355408385665e-13
9.626652683226148e-15
-4.781874772100372e-13
-5.762560591962081e-13
-8.68766862822701e-15
5.206441923744163e-13
-2.417042052759856e-13
-1.077840163279726e-14
2.203743845729275e-13
1.171893094422059e-15
-3.793894558075007e-17
-1.617289209475464e-15
-1.223314206090964e-15
2.517446585390705e-17
1.558041738033951e-15
-4.257307031700254e-16
3.126041211863899e-18
6.364360999901931e-16
5.264904867328508e-18
1.02192069605243e-18
3.426186460599634e-18
-2.094593064069395e-18
-1.825138919946378e-19
1.117450463253906e-18
-3.488057878209094e-18
-5.637191794244319e-19
-4.175205270355411e-18
2.871121640001795e-18
-2.622784590478643e-19
3.677899325413806e-19
-1.022922309897047e-18
2.437873985847368e-19
8.055571169083197e-19
-1.841941159328407e-18
8.763824043679801e-20
-1.060589880076394e-18
5.599462328621442e-19
1.739338298011886e-20
5.013519503435307e-19
-1.306454650968079e-19
9.410008388194841e-22
-1.173592192650285e-19
-5.476970162388835e-19
-1.781909935400394e-20
-4.902946407557482e-19
-2.086380784392393e-11
4.403821115052561e-12
1.446299189738415e-11
1.00270742702038e-10
-7.064480343418504e-12
-1.139385106876979e-10
1.820217373339398e-10
3.222510587814331e-11
-1.881647869782436e-10
-1.741089143807534e-12
1.013205960765177e-13
1.340728798921926e-12
-2.613191568847407e-13
-9.626522372289551e-14
3.97819893215088e-13
2.427868699220389e-12
-1.684173121316486e-14
-2.081462292502669e-12
-3.429775173987966e-16
-2.319385838772037e-16
-7.183613463818731e-16
2.126737230201298e-16
1.528760377133526e-16
5.875780109477588e-16
2.042910985871741e-16
1.258707072422272e-16
3.001167928560867e-16
-7.906999944631779e-18
-6.774115521635634e-18
4.029514970303702e-18
1.100405476857951e-18
1.309111203775269e-18
-5.83688025069557e-19
7.04529529257028e-18
5.819149247131508e-18
-3.637691406791436e-18
-2.085924233249009e-11
-4.938486788341973e-12
1.475884381776597e-11
9.971006042581938e-11
5.520324164790626e-12
-1.139407519612094e-10
1.915690229888682e-10
-3.455750047495085e-11
-1.952149545394106e-10
-1.896704202561445e-12
-1.69814048487227e-13
1.43759452109679e-12
-1.925161968141068e-13
1.462892667119817e-13
3.658837066012098e-13
2.51104131330275e-12
4.582761194673099e-14
-2.129926767382672e-12
-4.916357850152513e-16
-4.691867209184454e-16
-1.083792609569954e-15
3.064585831701585e-16
4.003062713886468e-16
8.605160665655224e-16
2.911433519194931e-16
1.95335179751922e-16
4.850408647627096e-16
-1.152936491216605e-17
6.307547327288036e-18
2.003423116897254e-18
1.678382232317573e-18
-4.378831230777077e-19
-2.475606723957567e-19
1.022994951942585e-17
-5.949553007294947e-18
-1.867391990032082e-18
-4.6387246973439e-12
-1.122602809351247e-12
4.774136988376412e-12
1.039377569582201e-11
2.030198553623043e-12
-1.055936669796186e-11
-2.162884144358715e-11
-4.13807096422438e-12
2.213411752117645e-11
-1.476569389360919e-15
-2.863181125220572e-16
1.241857716934929e-15
1.158797193812289e-15
2.241848160820801e-16
-9.49659647366011e-16
6.557666182202306e-16
1.27766302832544e-16
-5.729126710108323e-16
-4.382161745720186e-12
7.667324790545685e-13
4.39599805553935e-12
9.357871208427364e-12
-1.574481630697669e-12
-9.714345706308431e-12
-1.715423755092208e-11
4.418197846344818e-12
1.818915565129665e-11
-1.813285876993742e-15
-5.552901016652933e-16
1.580509056369072e-15
1.282629760465075e-15
2.969739552432956e-16
-1.06000398461876e-15
9.219911687530821e-16
3.626393279014223e-16
-8.542689581683837e-16
-4.276728260394048e-12
-5.80116448397032e-13
4.421684678092338e-12
9.276729645701782e-12
1.162910141717088e-12
-9.852560423441702e-12
-1.672667591722877e-11
-3.458046698875186e-12
1.841292092114276e-11
-2.423773631616801e-15
7.970300510817283e-17
1.886231282843824e-15
1.715472940395519e-15
1.634029818178322e-16
-1.31701030565212e-15
1.236107127903508e-15
-2.187109540245849e-16
-9.797313617447601e-16
-4.806463394531214e-12
1.37880871410764e-12
4.776260735918533e-12
1.103248757646172e-11
-2.523162048658464e-12
-1.083199592307876e-11
-2.285871228456945e-11
5.301816849083033e-12
2.249599761653223e-11
-2.407021904231925e-15
