# Created from matlab git hash 7a85cb21101a410cc7fef3124c6f52da775c291f
# name: foo
# type: matrix
# rows: 1008
# columns: 1
0.002803488823703683
-3.315045332602139e-05
1.048232700873215e-07
-0.0004723924450841493
-2.858306064327253e-05
2.891746032004645e-08
-0.002496007675043146
5.004023187418907e-05
-1.937409674878477e-07
0.0007966969830731508
9.575497901869102e-06
5.395820600145393e-09
-0.0002549301350002857
-1.726791265054282e-06
4.556417971733478e-08
-0.0006657911343017799
-1.095666686322324e-05
-3.428821214305049e-08
-0.0005891029880685141
4.778706466519704e-07
-2.497238908642116e-09
3.195854862955353e-05
-1.156924573391933e-06
-1.135354426074372e-08
0.000549535439186699
3.71974603526367e-07
-1.182717359745681e-08
-0.0002513676291520098
-7.523692772684023e-07
1.959079533074388e-09
3.757874857782276e-05
-1.681188297294335e-08
-1.323436848993358e-08
0.0002244268741361454
1.281454185118655e-06
7.818400032471197e-10
-3.827618287503559e-05
-2.062485482283792e-07
7.726861903055344e-10
7.171606433858417e-06
6.032805936746514e-08
-2.809915635741053e-09
3.365516368872486e-05
2.881733592741893e-07
1.005731396958204e-09
-3.296737151831058e-06
-2.471321690959454e-08
8.116945067168104e-11
6.964572608269301e-07
1.041867268457369e-08
-2.709069492636094e-10
2.874626797237287e-06
3.09394645119809e-08
1.800549550287025e-10
-1.938885759013574e-07
-1.813356471177361e-09
3.76517405993975e-12
4.421383968196018e-08
8.923507303845017e-10
-1.554248107592069e-11
1.681352799094585e-07
2.10595249633369e-09
1.665369067810937e-11
-8.698937325832959e-09
-9.521149446024874e-11
5.959535161241347e-14
2.090082896533492e-09
5.096003232782607e-11
-6.14613855052262e-13
7.513764859606567e-09
1.04751061035571e-10
1.021504731037729e-12
-3.201425146712547e-10
-3.932873026223422e-12
-3.203085358228723e-15
7.983824129587597e-11
2.216330359645555e-12
-1.822758459387179e-14
2.757102449717151e-10
4.157257026734453e-12
4.717122427186329e-14
-1.017664860097323e-11
-1.290552088506536e-13
-1.966386950945789e-16
2.591644712424609e-12
8.492514721023177e-14
-3.71608846461122e-16
8.74324703185018e-12
1.357083133057154e-13
1.838621444762241e-15
-5.606429276435888e-14
-1.143061989255398e-14
-1.00069370322463e-16
4.315570272706913e-14
8.997777259730404e-15
1.030001696071502e-16
2.652203212778288e-14
6.323266800837867e-15
2.254349374903107e-16
-8.141358198429678e-15
3.403972164422062e-15
-2.058908984769763e-17
-4.987880185743765e-15
2.65427515931675e-15
-2.518880226375405e-17
6.396197598276989e-15
-1.884686597280051e-15
6.388794524631425e-17
-1.046336475642527e-14
-3.025939860886203e-15
1.973908606245116e-17
8.068776196186531e-15
2.370092172171686e-15
-6.831043578778909e-18
4.937306086304407e-15
1.592959684796783e-15
3.855406839985717e-17
-3.710068940202924e-20
-1.089061173662269e-19
-1.926580670838126e-19
2.874733537101953e-19
2.5615518788524e-19
1.489613878225609e-19
9.964695057439614e-19
1.816460554938223e-19
9.434239731230398e-20
1.539414679039605e-18
1.355135562350216e-19
9.441257865150641e-22
9.898724249946895e-19
2.66742865519843e-19
2.078506262721034e-21
1.598005386116417e-18
-3.577284172863248e-20
4.968185624706997e-21
-3.053451177478829e-19
6.09958199328856e-20
-2.035433458993845e-21
-1.488189656575166e-18
8.045104626994006e-20
5.515323698059548e-21
-6.635007825625294e-19
-3.10821011258941e-19
2.189557526730212e-21
2.761587906288047e-12
9.666583713649523e-14
7.809803977599587e-13
-5.508101104248608e-10
1.407807331977853e-12
6.130665657366938e-10
1.428592446944798e-10
-3.030902108504214e-12
-1.632553078564492e-10
-4.689165825737212e-11
5.829760233924304e-13
5.066339443743424e-11
2.384944540016764e-11
9.035741479513453e-13
-2.63091356192948e-11
-1.320412951006565e-10
-1.817274085026419e-13
1.294405526529088e-10
7.420165536317231e-12
-1.942081699301657e-13
-6.950495946840212e-12
-1.580752938735887e-11
1.647680565390402e-13
1.460568047545825e-11
-8.546461938835613e-12
-5.13451722374483e-14
7.880046371710469e-12
2.154707247621782e-13
3.537450893045172e-15
-1.95117481796484e-13
-2.349822058460789e-13
-3.179417315958411e-15
2.119586425044587e-13
-9.716719674248701e-14
-3.787697301509789e-15
8.824701289516945e-14
4.77919831606236e-16
-1.133215809136356e-17
-6.160563734146839e-16
-4.973447402665294e-16
7.350292805161825e-18
6.002709267642424e-16
-1.693841467174014e-16
3.469752519651418e-19
2.344761868221124e-16
2.143445902539126e-18
3.217925201511818e-19
1.508004377189406e-18
-8.141293639221455e-19
-6.643385683950473e-20
4.130100004189596e-19
-1.429589824547069e-18
-1.831834584467672e-19
-1.786633949659926e-18
1.187930110535696e-18
-6.602679968508233e-20
1.385277084766479e-19
-4.367693864333047e-19
6.700838036196077e-20
3.269416870751997e-19
-7.460981889832112e-19
1.734691419627849e-20
-4.27915089460631e-19
2.293214829341534e-19
7.181456647471648e-21
2.052902590573781e-19
-4.601961583191956e-20
2.08051127653017e-22
-4.133745667172763e-20
-2.205205288593609e-19
-7.14808363632173e-21
-1.973958406571406e-19
-8.715959073323627e-12
2.123404140975563e-12
5.912156739860656e-12
4.727671034065155e-11
-2.67661918303454e-12
-5.34162594998661e-11
6.863110085834289e-11
1.30715617949235e-11
-6.976832913259144e-11
-6.731112794547418e-13
3.290065279504078e-14
5.41528636025926e-13
-1.26894348861227e-13
-3.228297646429626e-14
1.598406945709056e-13
9.654211280241483e-13
-4.084089324761552e-15
-8.392973496966673e-13
-1.000447562575668e-16
-8.033755589254195e-17
-2.175485305254159e-16
5.681661365894569e-17
5.042136691897021e-17
1.828582576272143e-16
6.430032602048719e-17
4.527928535553359e-17
8.611856514157421e-17
-2.968424987022437e-18
-2.644668425543817e-18
1.781686557083681e-18
4.08620031661244e-19
4.76637748369125e-19
-2.630820520406999e-19
2.644391726517082e-18
2.291859610641926e-18
-1.599457977046025e-18
-8.64157260764859e-12
-2.342964061921999e-12
5.987308203008636e-12
4.721869810154247e-11
1.977926291402241e-12
-5.357909603498457e-11
7.202836368523279e-11
-1.394438355850053e-11
-7.211421661282756e-11
-7.27467532269197e-13
-5.770962712602842e-14
5.77969872153214e-13
-1.023276889259101e-13
5.058096703609619e-14
1.461688738015095e-13
9.937497171668546e-13
1.430988726041112e-14
-8.569482070203574e-13
-1.368292685391852e-16
-1.45164304281418e-16
-3.293517052508749e-16
7.820574865410047e-17
1.278383878282698e-16
2.665358907424496e-16
8.697517432576901e-17
5.710474087482544e-17
1.420917187136205e-16
-4.148571285537751e-18
2.653938418621181e-18
1.208587678823171e-18
5.898969830058216e-19
-2.586596917492373e-19
-1.6997105595021e-19
3.685614829162349e-18
-2.449628806780096e-18
-1.097992070805966e-18
-2.006890422295513e-12
-5.084292356354513e-13
2.044611894574997e-12
4.327672171837016e-12
8.780157842692591e-13
-4.35690002756816e-12
-8.93104508697395e-12
-1.699047068383352e-12
9.033321995953222e-12
-4.64375071307725e-16
-9.62351601337053e-17
4.031150158699891e-16
3.663474887896933e-16
7.385019238500995e-17
-3.019904009108999e-16
2.043817458994194e-16
4.419350188228977e-17
-1.911204552343773e-16
-1.997974387259292e-12
3.217944312473039e-13
1.987960897775326e-12
4.05227946610893e-12
-6.614598668955856e-13
-4.176047816570532e-12
-7.334459246848008e-12
1.866294173713898e-12
7.737342752324133e-12
-5.948432845614631e-16
-2.010533645800021e-16
5.397886942171461e-16
4.09597485504596e-16
1.037772745975179e-16
-3.474567433356178e-16
3.116608907139399e-16
1.343298814582807e-16
-3.03866864474874e-16
-1.954080145368177e-12
-2.363307827797615e-13
1.999136675899125e-12
4.010051894680064e-12
4.780242931574358e-13
-4.225184710712669e-12
-7.149930488098954e-12
-1.438706395730325e-12
7.820498561836559e-12
-7.933419722459913e-16
4.194076292652343e-17
6.369881733991966e-16
5.460503792130075e-16
5.553667237499041e-17
-4.272002031342543e-16
4.170242030076604e-16
-9.115375015541838e-17
-3.451597347519445e-16
-2.080090229824886e-12
6.203999292942317e-13
2.046200651190647e-12
4.579218623786152e-12
-1.089008670605145e-12
-4.449624371762514e-12
-9.432899298298392e-12
2.188246770880356e-12
9.165542517106282e-12
-7.484431379876387e-16
