# Created from matlab git hash 7a85cb21101a410cc7fef3124c6f52da775c291f
# name: foo
# type: matrix
# rows: 144
# columns: 1
1.276955136434477e-08
2.696189214524478e-10
-1.125372629143927e-08
4.062068373282866e-08
2.218080526604194e-10
-3.94766951239853e-08
-6.07084931313953e-09
6.005188578410057e-10
8.368681143085556e-09
3.069559778876727e-09
-5.924067430570699e-11
-2.76012822204673e-09
-2.155123751660725e-09
2.792346156182982e-11
1.939163307482081e-09
-6.259587575110016e-10
4.495921814147546e-12
5.640600542780587e-10
-4.589796322194589e-10
-1.5342153328115e-10
4.033390207036728e-10
3.542227200859575e-10
2.095257327222049e-10
-3.002067446464389e-10
-1.483088236039891e-09
-2.361927557841748e-10
1.284418731856224e-09
-4.68746302479471e-10
1.966653348715529e-10
3.853456553490133e-10
4.371458523087686e-10
-2.720644734805744e-10
-3.312481545416629e-10
-1.670648460910567e-09
3.73262800824337e-10
1.356850365899642e-09
9.894771649821572e-11
-1.207890148810366e-11
-9.012762312538805e-11
-5.490712492274374e-11
1.216766602926523e-11
5.013211355603724e-11
-7.827864129001384e-11
1.312964663474884e-11
7.155952250730739e-11
-2.710701311808798e-11
2.237733523556379e-11
3.187139570412385e-11
1.36365151395225e-10
8.331526790682482e-12
-1.235304753931077e-10
1.292701914146079e-10
-5.592137355414224e-12
-1.20321368207415e-10
3.118337603640435e-11
-4.985740428670162e-11
7.227130643526115e-12
2.108701792002795e-10
-1.184830048484215e-10
-1.341737094978525e-10
1.611130213643579e-10
-7.214878185684801e-11
-1.174030872659164e-10
1.11918468590905e-10
-1.454139717071341e-11
-1.012807499908656e-10
-5.824581321500546e-11
7.781330161694427e-12
5.532583521115173e-11
-8.685290068875498e-11
1.085596080317762e-11
8.074527872107191e-11
-0.1821296730160343
0.0009608423143269448
-2.800566302320108e-06
0.0471712939908003
-0.0007929218979231458
2.68590662099269e-06
0.1847846217474352
-0.0006590609393351991
-1.004372728146721e-05
-1.502306696551724e-07
-8.927244847782977e-07
-1.327925674335307e-07
1.125159447106644e-07
6.588117551827349e-07
9.94774717023227e-08
8.878926080450446e-08
4.721633141716448e-07
7.856988188448742e-08
2.410252228740664e-08
1.858153525638089e-10
-2.406836735324175e-08
-2.779621271886074e-08
-1.107871099467701e-10
2.748011956484104e-08
-1.158198973900517e-08
-7.130351172537792e-11
1.093741655764991e-08
1.039629303496469e-09
6.811301251943637e-11
-8.920838257899903e-10
-4.692938682779105e-10
5.750778601223057e-11
4.034329082201872e-10
-7.843817512740332e-10
-1.895907546578504e-10
6.707522245145087e-10
1.215785529825178e-09
-1.59778174761873e-10
-9.855576503799523e-10
-5.45485240017001e-10
-2.938761448000748e-11
4.551085127198723e-10
-9.133989632393704e-10
2.803654774887175e-10
7.279020326165914e-10
-0.3883598664035325
0.0001420045754294072
4.638491316594066e-06
0.2484031316787559
-0.0003929914471982941
-4.831925507399091e-06
0.2534581653883117
0.0002963544120765946
-6.047225340100819e-07
2.689326213846897e-08
1.430351773621864e-10
-2.646016338561195e-08
-2.569210048183283e-08
-9.834707161791211e-11
2.542985655420894e-08
-1.982568964418097e-09
-8.47593852818711e-11
1.704696017625819e-09
0.3772957184879091
0.001189892997441254
5.554463858396834e-06
-0.5819975607914782
-0.001544267249076821
-5.93355930005765e-06
0.5913793115928702
0.0009598272939423747
1.077602601272372e-06
