# Created from matlab git hash 7a85cb21101a410cc7fef3124c6f52da775c291f
# name: foo
# type: matrix
# rows: 432
# columns: 1
0.02221429813047547
-0.0002596152179854143
2.593276647999838e-07
-0.004366148750026575
0.0002303693493159436
-5.262749796364896e-07
-0.01988635554593483
0.0001677466477208776
1.796706363171774e-06
-0.005139718770164139
-2.166600791202542e-06
-2.516873133704203e-08
0.0007865093141859163
-1.315007737378012e-05
-2.888406586881792e-07
0.004621796741272538
2.070515173181113e-05
-1.5121421238152e-07
-0.0001692681148637585
-2.996505316939851e-06
2.064398992993021e-08
5.636048448633167e-05
1.809603149984911e-06
-2.973444090619841e-08
0.0001413836384559696
3.097269225846539e-06
2.711606535986424e-08
-6.964745954568104e-07
-3.323289983560354e-08
-6.548255640378169e-10
2.740213177706541e-07
2.374316901901466e-08
4.882865700574696e-10
5.651130749953828e-07
2.429724111605817e-08
8.012267852117827e-10
-1.046474330707881e-09
-8.470253295113916e-11
-5.088219719933967e-12
4.433115681413659e-10
6.276115806177171e-11
3.983139567603887e-12
8.348310442751158e-10
5.39663339917966e-11
3.716943657054427e-12
-4.416831829997286e-14
-1.006189184745329e-13
-1.024567244129324e-14
2.161873828385578e-14
8.543858465423821e-14
8.067687011769059e-15
2.462892680103778e-14
4.830978728236252e-14
6.585536336869825e-15
-4.962083225878179e-15
-4.588322130187952e-15
6.524939029366174e-17
3.820970614510247e-15
3.534930673952288e-15
-3.394302645844557e-17
2.415585862361987e-15
2.245591951449181e-15
4.181784394828813e-17
-3.579286066495587e-19
3.176143887182232e-20
-8.599257650014963e-20
-1.178658662452533e-19
1.015573258926593e-19
6.835131512636092e-20
3.083318884382129e-20
-2.90588716621597e-19
4.098216462246666e-20
1.613264680976844e-09
-1.571414014909027e-11
-1.926028914045885e-09
4.721072022061392e-09
-3.174541190393781e-11
-5.17329602745014e-09
8.221257797922418e-09
3.369661173611986e-11
-8.523130937558741e-09
3.810306368524821e-10
-9.542150138437011e-12
-3.537107854683808e-10
-3.723748543300109e-10
6.119814634852548e-12
3.442628767814087e-10
-1.162483522076938e-10
1.129596668804028e-12
1.094722538510792e-10
-7.832807759467605e-14
3.630972707130867e-14
5.765616861643096e-14
5.672408817661804e-14
-2.815337865878011e-14
-4.185311496110809e-14
4.43069155551985e-14
-1.621099776816779e-14
-3.357434553683036e-14
-6.313122855081175e-17
2.462299895761927e-17
-7.234878327596878e-17
-3.423627813384114e-18
-2.266335459631964e-17
9.263970572831619e-18
6.431896797865739e-17
-8.955121941041582e-18
6.47538160601754e-17
-1.315772009641099e-10
-2.583637536834584e-11
1.343681691080117e-10
2.383188495369706e-10
4.073452178823035e-11
-2.403673267498765e-10
-7.074892178190057e-10
-7.709054436570655e-11
7.023526108164919e-10
3.765143094514686e-15
3.917236118037275e-15
-1.732875295825592e-14
-3.590549825630218e-15
-2.46772539176025e-15
1.177578894148493e-14
-1.009373227331467e-15
-2.250918951845908e-15
9.112263760483093e-15
-1.344847406179029e-10
3.294851984656344e-11
1.338704455409864e-10
2.56646575089042e-10
-4.921933568324159e-11
-2.516910512905578e-10
-7.396576482809889e-10
1.020395802653839e-10
7.174579209589761e-10
4.630870125374795e-14
-1.087007821546177e-14
-3.911600099883703e-14
-3.724373837515295e-14
7.132964755294941e-15
2.795607777221538e-14
-1.995220494542187e-14
5.926084554212981e-15
1.981109973802742e-14
1.467366819793604e-11
-1.948908308574011e-12
-1.399762293647795e-11
-1.476176102324146e-11
2.706092124478907e-12
1.452229259257422e-11
-1.159793365268532e-11
-3.519586686110035e-12
8.632818400966824e-12
-4.607111931045622e-12
-2.300064307256021e-12
2.548388034758574e-12
1.099782915597181e-11
3.795887952207636e-12
-6.883866090305978e-12
-3.859516637802515e-11
-7.782264205665938e-12
2.68643752460196e-11
-5.49764874093179e-12
4.39849162292396e-12
2.54707476818465e-12
1.287032776769754e-11
-7.731145828845395e-12
-7.072024473794849e-12
-4.38860820992501e-11
1.845800001544942e-11
2.785511094830433e-11
1.456194383319698e-11
1.997304282469869e-12
-1.425124068965106e-11
-1.435287671104808e-11
-2.981763280388059e-12
1.477085465761359e-11
-1.381388597891997e-11
4.977163191377652e-12
9.299918540107847e-12
4.031133896810893e-12
-1.02733209313185e-13
-3.935878554975888e-12
-3.125291839202806e-12
7.057291269177765e-14
3.070773712710534e-12
-4.327588267411532e-12
1.086557515150826e-13
4.237679076639524e-12
4.415234183779055e-12
-4.364853569568558e-13
-3.926961935756377e-12
-2.443458301468215e-12
9.52539613775142e-13
2.119242045378645e-12
-3.969967416245069e-12
9.536124450355162e-13
3.488838647387726e-12
3.962608334433148e-12
-1.999074034549274e-12
-2.588412298853779e-12
1.269039610652684e-12
-1.490416212915286e-12
-1.974760661908419e-13
-8.518380923031495e-13
-2.502601882905889e-13
1.061686529236975e-12
3.714412069547388e-12
1.31730689488798e-12
-3.289300463939752e-12
2.77976990860625e-12
9.769968546433343e-13
-2.288111180684666e-12
4.447252354595625e-13
1.734266365201305e-13
-2.570224041313213e-13
9.191697174664611e-12
-6.514172719682668e-12
-4.873127979725404e-12
5.954486013241908e-12
-4.749759452477651e-12
-2.675248729696873e-12
4.37499113477031e-13
-7.479440821880591e-13
1.615110976905789e-13
2.378908326314111e-12
-1.032853326666135e-13
-1.967002919179636e-12
1.890154390072464e-13
5.348670642077791e-13
-1.546959448172352e-13
-9.770118994341822e-13
4.742817283138524e-13
8.118599907256284e-13
5.578460478449347e-12
-2.014394837402641e-12
-4.28781154900504e-12
-1.625497476959874e-12
-4.778079662493978e-13
2.030895784661398e-12
-3.858930282145391e-12
5.512263850296613e-13
3.584183938189052e-12
5.029894882050155e-12
-1.440374906687376e-12
-4.20078580602419e-12
-4.012271803084204e-12
1.295984193106643e-12
3.275723948766448e-12
-5.479662104741964e-12
1.681120147014455e-12
4.519394503789319e-12
0.02671218200558049
0.0005602609718980424
-8.822647917477921e-07
-0.04681745738818448
-4.193751128077725e-05
2.748962493351723e-06
-0.01335689539109159
-0.0007414382380426074
-1.123430265482709e-06
-0.0003998490547758029
-5.975326444206409e-06
-3.354596125030005e-08
0.0002172818258593033
3.512559185442714e-06
1.578425238654231e-08
0.0002914427827329928
4.111703514865946e-06
3.173956254215253e-08
-1.932083850353704e-09
-8.582486579318269e-11
-4.952142730417787e-12
1.17764031943796e-09
6.118579083937955e-11
3.708410908721002e-12
1.293179319515555e-09
4.594306668825331e-11
2.464192832641987e-12
-3.711248723075824e-15
-3.441152934045412e-15
-1.101879825756321e-17
2.85919615620281e-15
2.650712304957533e-15
4.539742873708554e-18
1.689431057328633e-15
1.567972863336659e-15
1.204814679349005e-17
4.717257753029956e-09
-4.492401686078992e-12
-5.023339733367173e-09
-3.765255686450189e-09
2.276115106185991e-11
4.170786842521253e-09
-7.680230850586967e-09
-2.982417233431743e-11
7.118849662680053e-09
-7.077789041043701e-14
2.548936576020939e-14
5.004731636845381e-14
5.164070314644569e-14
-1.988456009069088e-14
-3.867243476576962e-14
3.565474770427464e-14
-1.137648762290203e-14
-2.374264596315986e-14
3.247516556596715e-10
3.682178488185305e-11
-3.184518200478424e-10
-3.582292001132145e-10
-3.787484461463924e-11
3.508826462944052e-10
-5.590365287095739e-11
-8.936248641538667e-12
5.360810356909898e-11
3.425153856620465e-10
-4.67919010150915e-11
-3.282544161361828e-10
-3.775428116282571e-10
4.868873057995076e-11
3.61546589660703e-10
-5.952520706945247e-11
1.036773527971158e-11
5.554057957321207e-11
2.717925284588863e-11
1.356515568051836e-12
-2.341665482400759e-11
-2.467840498546004e-11
4.416995189592126e-13
2.214733699357022e-11
-1.48163783154491e-12
-2.651301030760767e-12
-9.631893256650741e-14
3.304851789195565e-11
5.239149758491231e-12
-2.355337351828864e-11
-1.589202861493631e-11
-1.562896266973359e-12
1.183119763384477e-11
-2.356727437329181e-11
-5.25722368426357e-12
1.61223941845693e-11
3.737753823992859e-11
-1.349959719338379e-11
-2.450580844623183e-11
-1.77517090609259e-11
5.002723463077771e-12
1.241022003888536e-11
-2.69204648099382e-11
1.198211959525102e-11
1.670797017176975e-11
2.925781392760263e-11
