# Created from matlab git hash 85a8ed2c2a63311b81b4bd4ee8154db314cb195d
# name: foo
# type: matrix
# rows: 8
# columns: 1
1.41421356237309
0.0244941654758044
0.0002755452996048029
2.292794523798684e-06
4.749646730968398e-05
7.068858961709859e-07
4.995510594848096e-05
7.253128285723618e-07
