# Created from matlab git hash 7a85cb21101a410cc7fef3124c6f52da775c291f
# name: foo
# type: matrix
# rows: 432
# columns: 1
0.02159176936272757
-0.0001296738752500718
1.839618193909077e-07
-0.003715666823800874
0.0001484035630012931
-5.759446832861451e-08
-0.01954688999347113
4.582780138320479e-05
8.695705219022096e-07
-0.005086505455313161
-7.954625612315677e-07
-2.092943460897118e-08
0.0007119093089194908
-6.80039025929116e-06
-9.162238700716764e-08
0.004579431554915457
1.012668332505299e-05
-5.023015331957451e-08
-0.0001679991116609012
-1.521067533582084e-06
7.186879749894561e-09
5.515602049314232e-05
9.296737718362919e-07
-1.009615519731743e-08
0.0001410588573637335
1.570692965807566e-06
9.376472613796943e-09
-6.956113033618452e-07
-1.696083894766415e-08
-2.325333822733742e-10
2.729061819800599e-07
1.216837153546251e-08
1.751271643989156e-10
5.65731383175051e-07
1.236240618420063e-08
2.791187717201868e-10
-1.046480520127217e-09
-4.309189416932739e-11
-1.772675037449493e-12
4.428094552359276e-10
3.199398853762287e-11
1.390075093065849e-12
8.358054725676519e-10
2.737529352971292e-11
1.285770602755205e-12
-2.060811871857054e-14
-5.092430837065128e-14
-3.495429279818402e-15
9.513303536977925e-15
4.321696729869886e-14
2.757318927183495e-15
1.124602808148924e-14
2.430946524159689e-14
2.241855651991639e-15
-2.559675796128579e-15
-2.375178723262326e-15
2.058078094333755e-17
1.967658506778738e-15
1.826505930549524e-15
-1.000073226152289e-17
1.2294251414211e-15
1.144812514258437e-15
1.531825493075027e-17
-1.841289394211284e-19
5.587083636136718e-20
-2.549733942851885e-20
-1.005941547450431e-19
1.20775598320948e-20
2.039753705364576e-20
3.173935849954861e-21
-1.657049677291537e-19
1.182083377895765e-20
5.393917564558007e-10
-3.640491758127827e-12
-6.170302975437076e-10
1.398648123753103e-09
-7.913808999113757e-12
-1.512290957219862e-09
2.119871992574177e-09
7.248378654265818e-12
-2.176943396693175e-09
1.027496841365298e-10
-2.118937733934522e-12
-9.449025549110711e-11
-9.887379735234519e-11
1.369219903887725e-12
9.068265495917448e-11
-3.183301776752561e-11
2.837295789548721e-13
2.957427954027493e-11
-2.262214600188091e-14
7.976168357377222e-15
1.81877730407034e-14
1.649384118638546e-14
-6.175564713270878e-15
-1.336372002092293e-14
1.253007330715301e-14
-3.544795055538817e-15
-1.016008763784231e-14
-1.753171098075017e-17
4.014714348346846e-18
-1.87075861606799e-17
1.739409560123463e-19
-4.048759977500563e-18
2.498513748919236e-18
1.716040255090987e-17
-1.214722082620021e-18
1.669690701038552e-17
-2.831586158683149e-11
-7.41487978714015e-12
2.886881197056739e-11
5.433708915709046e-11
1.120781489902149e-11
-5.393320253312819e-11
-1.845944931991533e-10
-1.969788351108238e-11
1.794235519723298e-10
5.199971856592965e-16
1.603106618014946e-15
-3.765882982591311e-15
-6.066919504661957e-16
-1.098099437235885e-15
2.461617212931945e-15
-3.150507008989298e-17
-8.441239859201775e-16
2.057951173730221e-15
-2.908901743195874e-11
9.193261886378389e-12
2.872574460162331e-11
5.85406042861586e-11
-1.341444392424655e-11
-5.623675432026173e-11
-1.923604928981659e-10
2.591559392023098e-11
1.826468820863912e-10
1.030706694175017e-14
-1.356127876642966e-15
-9.176793003066026e-15
-8.355561009782097e-15
7.06135068036094e-16
6.463759530255198e-15
-4.362627157185225e-15
8.840154997836984e-16
4.708686340688969e-15
5.536051104243799e-12
-3.59649295906917e-13
-5.272167880542151e-12
-5.843501203470239e-12
5.106910656312456e-13
5.670841587025979e-12
-2.50122041054161e-12
-7.401453239950682e-13
1.804679809748361e-12
-9.33597570691885e-14
-7.196730665464359e-13
-3.521923100317251e-13
1.500804397643951e-12
1.147544529545762e-12
-5.465957984923148e-13
-9.273656616378514e-12
-2.206292742457158e-12
6.323109591289282e-12
-3.48531113886666e-13
1.202632090733504e-12
-3.531353335216961e-13
2.022495451729898e-12
-2.073328710974753e-12
-5.932794963622919e-13
-1.075289188758762e-11
4.817713400067007e-12
6.603978564816276e-12
5.543469810178043e-12
2.799547926579452e-13
-5.345830657932631e-12
-5.805301752890861e-12
-4.590660240259422e-13
5.754241931353593e-12
-2.9448486192813e-12
1.00526229792438e-12
1.939875669925297e-12
1.137663709042797e-12
1.063885421610899e-14
-1.126516471424546e-12
-8.867194524060915e-13
-1.40697402206887e-14
8.841284082829365e-13
-1.233692632913082e-12
-1.266494048960743e-14
1.224635570745005e-12
1.566188430361456e-12
-2.049952665863474e-13
-1.393571426737861e-12
-1.046019376053904e-12
3.027871249091922e-13
9.134984524200815e-13
-1.554908519222663e-12
3.345655208132888e-13
1.370120953861934e-12
1.164901195041673e-12
-4.79182110523479e-13
-8.388829370393896e-13
1.144795008702587e-14
-2.754075054792065e-13
1.935312977657369e-13
-5.42668970896945e-13
6.072776214259537e-15
5.526676962120394e-13
1.101482517184967e-12
3.129593267552948e-13
-9.904750425417525e-13
4.979941568894881e-13
2.791945186840484e-13
-3.998766396328192e-13
-1.327162630210742e-13
7.999015431759159e-14
1.56940700391374e-13
2.597658317650206e-12
-1.737209756694778e-12
-1.445220753851506e-12
1.251858059451964e-12
-1.116034071472157e-12
-4.621957901941856e-13
-2.23725150559249e-13
-7.952094578103561e-14
3.154675743424555e-13
8.070285482270786e-13
-1.014378027192466e-13
-6.761530295506006e-13
-2.196515476661909e-13
1.904362708177327e-13
1.821694561759525e-13
-5.607568498965349e-13
1.993086094313664e-13
4.695148527541069e-13
1.849953182695848e-12
-6.041276507825254e-13
-1.47216540953005e-12
-9.094769564361856e-13
6.024330972973673e-14
8.997675558139828e-13
-1.577306592820098e-12
3.26408805490857e-13
1.395242803686266e-12
1.475158767752099e-12
-4.752341315113273e-13
-1.198867363362714e-12
-1.184443784526914e-12
4.220975052836577e-13
9.414040460544534e-13
-1.621432767255954e-12
5.51506098571651e-13
1.302576950212385e-12
0.02616449699975957
0.0003178871535118
-2.21454788586888e-07
-0.04646993570863527
-6.014385976355761e-05
8.815340708400133e-07
-0.01319773727813516
-0.0003878906867009222
-4.718730617109981e-07
-0.0003992812043580466
-3.00853765939233e-06
-1.126052051434728e-08
0.0002168016406377927
1.772975945780616e-06
5.318736194208592e-09
0.0002912637734544933
2.065773925154979e-06
1.069228624645599e-08
-1.933384083117898e-09
-4.345599153449197e-11
-1.713757110419074e-12
1.178492555018675e-09
3.101880442086904e-11
1.28468135850456e-12
1.293983005817506e-09
2.320991704515433e-11
8.505415818572911e-13
-1.900217880954197e-15
-1.7663114820519e-15
-5.111453862602996e-18
1.465040855880553e-15
1.361726519732927e-15
2.595204374838726e-18
8.630767980143976e-16
8.027633656231143e-16
4.708027424436547e-18
1.306340954508107e-09
-1.400841505678904e-12
-1.368931903645589e-09
-1.078649009707624e-09
5.336250078529426e-12
1.163843712173574e-09
-1.984218660691856e-09
-5.741639310072586e-12
1.839939030981125e-09
-2.000951426827186e-14
5.581766465812908e-15
1.525091129249421e-14
1.467535308132279e-14
-4.358456524351044e-15
-1.179153540321779e-14
9.991124547849327e-15
-2.484047023442175e-15
-7.168635907118328e-15
8.291465995576234e-11
9.556127660250743e-12
-7.962690994472207e-11
-9.294056474850869e-11
-9.644777415995432e-12
8.909507910435592e-11
-1.222650123102872e-11
-2.61506172495017e-12
1.160416381373368e-11
8.709371678551903e-11
-1.207271029299077e-11
-8.166397193083738e-11
-9.749553373373167e-11
1.235881828249022e-11
9.132911388265502e-11
-1.306017162388926e-11
3.00961352243558e-12
1.19800939531598e-11
8.35618647092738e-12
3.384721138539417e-13
-7.365076205020733e-12
-8.203630675812284e-12
3.045665164834838e-14
7.486354360926945e-12
4.851196856138722e-13
-5.371792830843286e-13
-8.226627484178904e-13
8.971223703280806e-12
1.413900622212246e-12
-6.510984730874803e-12
-5.010600626465122e-12
-3.58594985445137e-13
3.903317640755128e-12
-5.33430394167624e-12
-1.511513424879458e-12
3.480808275509981e-12
1.01729856520775e-11
-3.466773891615171e-12
-6.78344783110593e-12
-5.526616370709822e-12
1.237302388521549e-12
4.068142353554027e-12
-6.269500412322827e-12
3.144174739412483e-12
3.64286216827539e-12
8.803891666933918e-12
-6.8008022485252e-13
