# Created from matlab git hash 7a85cb21101a410cc7fef3124c6f52da775c291f
# name: foo
# type: matrix
# rows: 432
# columns: 1
0.02300651557883113
-0.0005039358012635405
-5.612040899221627e-08
-0.005215430652281672
0.00024154733806514
-2.699919796200643e-06
-0.0202797484985867
0.0005015257305317945
2.554676619474312e-06
-0.005209056919615358
-6.078559334415516e-06
9.757032212724342e-08
0.000897465767833547
-2.490312732907206e-05
-1.007686963924112e-06
0.004676138245589554
4.216713348241969e-05
-4.947448013947464e-07
-0.000171630571737298
-5.810593235008691e-06
6.267049472977021e-08
5.862262843420121e-05
3.423243165094742e-06
-9.51588635417399e-08
0.0001420303337920539
6.021770066760936e-06
8.450434821644101e-08
-6.994994201678458e-07
-6.383977256243578e-08
-1.92617305783941e-09
2.772626727656975e-07
4.521745680455856e-08
1.404536149572693e-09
5.650944924541727e-07
4.698770858714973e-08
2.451327468208571e-09
-1.052418307387194e-09
-1.639551346554464e-10
-1.550384510172965e-11
4.489830305533024e-10
1.20988195051035e-10
1.209148383115344e-11
8.371160350095958e-10
1.05174738468791e-10
1.150630896739927e-11
-9.914817593328194e-14
-1.976616754609956e-13
-3.258510850263438e-14
5.27401861831484e-14
1.67908764705455e-13
2.554679153592829e-14
5.720209264757002e-14
9.624507512843088e-14
2.105660343151531e-14
-9.328552426144581e-15
-8.564662339319369e-15
2.448103438450185e-16
7.204655225256672e-15
6.618697910856404e-15
-1.419689976254968e-16
4.661729164059784e-15
4.318898543482122e-15
1.107542971574361e-16
-1.062477637041277e-18
-3.572654599287708e-19
-2.570295642895325e-19
-3.305026072169165e-20
6.037992538033872e-19
2.146060116785116e-19
2.481345413248755e-19
-3.687554677385642e-19
1.294520263129532e-19
4.762692658417392e-09
-9.701251960632088e-11
-6.134199458269978e-09
1.689142203468858e-08
-1.663857045398487e-10
-1.882970558699792e-08
3.982502799507864e-08
1.959263137497816e-10
-4.187537682888796e-08
1.634244685584889e-09
-5.515231907019418e-11
-1.550471921615564e-09
-1.652778588895107e-09
3.488388102412066e-11
1.5549336394139e-09
-4.78605207107988e-10
5.03117890623519e-12
4.661672757465353e-10
-2.818358182986501e-13
2.141919843195657e-13
1.360019146694207e-13
1.997210638640062e-13
-1.666070214418729e-13
-9.207339566030849e-14
1.68701226254619e-13
-9.665013977248257e-14
-9.604081198279718e-14
-2.826306990719273e-16
1.941893281833689e-16
-3.602031399459377e-16
-4.569031628194802e-17
-1.672021243445183e-16
4.28248740527907e-17
3.052970084616996e-16
-7.906789809612885e-17
3.233430130870681e-16
-6.838255132602702e-10
-9.927693661426968e-11
7.02898729716082e-10
1.227638079746687e-09
1.687051885923271e-10
-1.263700365543499e-09
-3.249468804987771e-09
-3.47675427576762e-10
3.319789409797296e-09
2.300662750857382e-14
-7.042257977720146e-15
-9.871733389126044e-14
-2.018785426163423e-14
8.417108418579476e-15
6.908156480656551e-14
-7.814618453651677e-15
6.043070181157553e-16
5.040493398615996e-14
-6.961480164667144e-10
1.323935455094908e-10
7.009334366943926e-10
1.330705258757609e-09
-2.034067602972803e-10
-1.338823467339159e-09
-3.415519612521557e-09
4.621027338338133e-10
3.414600955817419e-09
2.355663719984443e-13
-1.155895722442641e-13
-1.854143903648645e-13
-1.884744870893875e-13
8.369981791750201e-14
1.33278652600307e-13
-1.032766387497534e-13
5.727558907536223e-14
9.408817730398225e-14
3.346549859876567e-11
-1.01210912473814e-11
-3.238154824030136e-11
-2.785033884837501e-11
1.43742245248408e-11
2.924073500806976e-11
-6.531574603792401e-11
-1.99998066002582e-11
5.033191343383495e-11
-3.66057887904563e-11
-7.719109700117224e-12
2.637896605336125e-11
7.037400380815281e-11
1.328371063568543e-11
-5.068433025342924e-11
-1.915746841399121e-10
-2.859603452218237e-11
1.3846346268692e-10
-3.982281144116175e-11
1.793483892369322e-11
2.630453980846186e-11
7.754664213476458e-11
-3.233726009614471e-11
-5.149649525491291e-11
-2.113232377862963e-10
7.935023898893524e-11
1.419657591410316e-10
3.228094214558113e-11
1.185705705378716e-11
-3.319960147296584e-11
-2.439471973590332e-11
-1.785434142448988e-11
2.959830253410772e-11
-7.895208171849616e-11
2.949910647071366e-11
5.466135461851656e-11
1.546856627571795e-11
-1.256370255975295e-12
-1.469376257391085e-11
-1.174696719975041e-11
1.023379009771267e-12
1.121498140819032e-11
-1.631699335746679e-11
1.383414243118311e-12
1.554197751841291e-11
1.291909300322528e-11
-1.32286364701838e-13
-1.144767453379609e-11
-3.353112292423806e-12
3.248861156180438e-12
2.829815735089186e-12
-8.573719605118265e-12
2.618763754188329e-12
7.487003418525119e-12
1.776833099381411e-11
-1.096250802322909e-11
-1.026883674202216e-11
1.153993798478445e-11
-9.045990952523818e-12
-5.213846452274776e-12
8.977247573922292e-13
-2.088568712040991e-12
6.404518109346897e-13
1.579809780839099e-11
5.928975708872714e-12
-1.352527093385902e-11
1.618713337414454e-11
3.993656716858718e-12
-1.344328964840736e-11
5.437824745503558e-12
4.401678364427997e-13
-4.326755795935748e-12
3.794813755049912e-11
-2.825294911722815e-11
-1.944160442601955e-11
3.129964132899091e-11
-2.30717318910152e-11
-1.591689966875292e-11
7.194212292668748e-12
-5.207622484241648e-12
-3.569856018637231e-12
9.212708967182544e-12
7.327068423872856e-13
-7.470871660226588e-12
5.511276192018254e-12
1.647987092499163e-12
-4.463396487603348e-12
6.892201900115578e-14
9.690314506633508e-13
-4.65483103506534e-14
1.921480025480518e-11
-8.820269329770946e-12
-1.340723601512284e-11
1.742912472861345e-12
-5.439593293880049e-12
2.114537911547462e-12
-7.446987564504065e-12
-2.358204128985649e-13
7.819727225149295e-12
1.819234105246291e-11
-4.15715659363649e-12
-1.580834745753363e-11
-1.414026785365909e-11
3.800186867320351e-12
1.20255649064187e-11
-1.943868174848215e-11
4.887376178544864e-12
1.668664761998524e-11
0.02736474780751396
0.0008921688970336845
-3.721330278217762e-06
-0.04722036778467507
0.0001415198203213231
9.361697130519975e-06
-0.0135561137093315
-0.001356070722640012
-2.229637987170772e-06
-0.0004009390270333308
-1.178403837787354e-05
-1.108812166516231e-07
0.0002181950745862411
6.892198648922611e-06
5.189667580349611e-08
0.0002918027646492757
8.144225675244487e-06
1.040155122465283e-07
-1.935157660523157e-09
-1.677775230116288e-10
-1.531462058092325e-11
1.180195631343885e-09
1.19324041516691e-10
1.144197467900027e-11
1.294368387012694e-09
9.021466590921643e-11
7.663951873676128e-12
-7.081825634623018e-15
-6.533603385894263e-15
-5.496514999963431e-18
5.447497297541322e-15
5.024311859557153e-15
-8.454457756227146e-18
3.238620646476894e-15
2.992973561167388e-15
2.496258862437487e-17
1.966479336960256e-08
-1.405466720064253e-11
-2.138342338742721e-08
-1.458133662792779e-08
1.258189237763563e-10
1.686139036170136e-08
-3.624614349925964e-08
-2.133720633061366e-10
3.35536489119657e-08
-2.710671712721874e-13
1.512066443560738e-13
1.384429636501474e-13
1.945292901476215e-13
-1.178385527719967e-13
-1.072278764630166e-13
1.402104877271686e-13
-6.773293286887164e-14
-6.792115667438148e-14
1.530019298012322e-09
1.634684891008112e-10
-1.541809389358559e-09
-1.665000657683719e-09
-1.720287653060465e-10
1.678772011160817e-09
-2.957994941889238e-10
-3.263398662755297e-11
2.849327463224636e-10
1.626019960920668e-09
-2.072077544145362e-10
-1.605573884825354e-09
-1.76889153278166e-09
2.20084837387589e-10
1.747474687624325e-09
-3.161052923239888e-10
3.74892001373602e-11
2.984391885335429e-10
1.009011637126486e-10
8.756130862237618e-12
-8.432028850666688e-11
-7.872985788552751e-11
1.30885871032189e-12
6.872453778128788e-11
-2.530990707231219e-11
-1.479895332498165e-11
1.655290037224591e-11
1.500829810693404e-10
1.999434131150441e-11
-1.079059619091871e-10
-6.266624619167492e-11
-6.663589150972595e-12
4.543966142750404e-11
-1.215922635936838e-10
-1.916128083658473e-11
8.763117997445449e-11
1.66407149094351e-10
-5.897410303690435e-11
-1.112933499057552e-10
-6.960646739954314e-11
2.27234304096551e-11
4.757271359489692e-11
-1.342174698839935e-10
5.124662406700764e-11
8.982144144396812e-11
1.131743780152237e-10
