# Created from matlab git hash 4284e9d6e699002e822fb6963cd26e597ecaa80f
# name: foo
# type: matrix
# rows: 8
# columns: 1
4.242640687119268
0.4072483023927929
0.4192326409000439
0.2468701339375373
0.2737920412879522
-0.5098852517916028
0.6712967214028764
0.5765856464398023
