# Created from matlab git hash d4591680ada8fa22940eade8d507cd43dc65ed5c
# name: foo
# type: matrix
# rows: 8
# columns: 1
0.2506617949393443
-4.336808689942017e-20
-0.1202403739531841
-2.023844055306275e-20
-0.1352421776957637
-0.184437593337739
-0.1352421776957638
0.1844375933377391
