# Created from matlab git hash 4284e9d6e699002e822fb6963cd26e597ecaa80f
# name: foo
# type: matrix
# rows: 8
# columns: 1
0.1253313438903165
4.77048955893622e-19
-0.1918381222514723
4.13442428441139e-19
0.1176313418152684
0.04930625767951741
0.1176313418152683
-0.04930625767951738
