# Created from matlab git hash 23998a2ad3b03124e7bddb615f9834a5ccd2ca3a
# name: foo
# type: matrix
# rows: 8
# columns: 1
4.242640687119281
0.3093211231451833
-0.09723054826850175
2.290116101397992
1.679593971726698
2.131323324019062
-0.9891267556277005
1.210535864679255
