# Created from matlab git hash 7a85cb21101a410cc7fef3124c6f52da775c291f
# name: foo
# type: matrix
# rows: 1008
# columns: 1
0.003106891951189076
-2.341280214104956e-05
3.465718399070042e-07
-0.0007597618043083591
-6.887588264047562e-05
2.627121011456128e-07
-0.002679553292856926
4.857159587749883e-05
-5.200806543103375e-07
0.0008288570791570056
3.168619450859695e-05
-3.066689036796982e-08
-0.0002906813328358254
-6.507469533862648e-06
2.06302217283314e-07
-0.0006723719134012858
-3.197388153948088e-05
-1.288283861162113e-07
-0.0005892829941641839
1.276140508180165e-06
4.822476303996692e-09
5.734996532104241e-05
-2.956856498114348e-06
-6.270936060786984e-08
0.0005549692176909238
1.271267176125446e-06
-4.887452747482907e-08
-0.0002556015646741632
-1.840531739868282e-06
7.220497494478612e-09
4.734738188130846e-05
-2.079035048485879e-07
-5.903207424756026e-08
0.0002276366721568771
3.183398672065129e-06
3.79187517044502e-09
-3.903164180117613e-05
-4.958304644261874e-07
3.262615561008075e-09
8.431559317592034e-06
1.120069659578514e-07
-1.30683047271883e-08
3.409484774058319e-05
7.03194287504344e-07
4.104423816591074e-09
-3.35885660178436e-06
-5.919616554620438e-08
3.89935791039362e-10
7.872829763610179e-07
2.201416461039521e-08
-1.323687669804701e-09
2.905819945058515e-06
7.512688395632824e-08
7.436691795853143e-10
-1.972306377808848e-07
-4.342118826815312e-09
2.13145417636459e-11
4.877734210585633e-08
1.965711777880358e-09
-7.982998660572186e-11
1.696515436128751e-07
5.106033040016042e-09
6.996846355323617e-11
-8.83628014270992e-09
-2.281040090831703e-10
5.803945214968257e-13
2.270093313286816e-09
1.145734035607798e-10
-3.34571511612965e-12
7.571645536639834e-09
2.539047560939126e-10
4.350369613473129e-12
-3.248306515562745e-10
-9.42913674711944e-12
3.930092789686386e-16
8.581931774201373e-11
5.04302263320378e-12
-1.071615194785645e-13
2.775812108613935e-10
1.007854975196252e-11
2.029703562193479e-13
-1.033681616056095e-11
-3.128830239853729e-13
-3.387829972198683e-16
2.754823254872157e-12
1.927719792094065e-13
-2.525021317274521e-15
8.815786864110495e-12
3.293241226878429e-13
7.895728170636395e-15
-1.231752746338788e-13
-2.558382273603514e-14
-4.001038411727369e-16
9.471613846530646e-14
2.036713209245425e-14
3.515714975732977e-16
5.988470142354564e-14
1.636622401995631e-14
9.782108559945716e-16
-1.812749801287199e-14
7.558586229511889e-15
-8.81915046099688e-17
-1.096341623694589e-14
5.834618524856319e-15
-8.49874277401162e-17
1.534094023421143e-14
-5.03578033367199e-15
2.785849650211126e-16
-2.264202491812594e-14
-6.228489331603949e-15
9.347772199766652e-17
1.745309116213678e-14
4.930276254769765e-15
-5.238656004055407e-17
1.099419745948503e-14
3.735982312195103e-15
1.5578296498484e-16
-1.250719800575648e-18
-1.300946670450789e-18
-1.264108648687214e-18
1.497814659815058e-18
1.353680659545547e-18
9.846976286754078e-19
2.857110722857621e-18
9.597448008229648e-19
6.335267541753632e-19
3.408416578284089e-18
3.297945439877931e-19
-1.607085996361986e-22
2.258088600106258e-18
5.573442288681138e-19
1.041451590703572e-20
3.58173131874191e-18
-6.75771845559505e-20
2.254463211818164e-20
-8.174155304659358e-19
1.56412972231574e-19
-8.592442342601009e-21
-3.655277832539492e-18
2.73509460960583e-19
2.679947425765797e-20
-1.299827724887006e-18
-8.252560910951171e-19
1.138847706555727e-20
2.790960699165807e-10
1.339916864723853e-11
-2.800871066293239e-10
-3.180960997633943e-09
1.98250992992523e-11
3.54714835527786e-09
-2.818623445863194e-09
-1.92974411978378e-11
3.09662613421386e-09
-2.199898596324612e-11
5.456250158854754e-12
6.268499730039271e-11
5.258737161158368e-12
1.144235385290831e-11
-2.049081817615073e-11
-1.151478322361913e-09
-4.342036327285655e-12
1.151171052007725e-09
3.94715349632776e-11
-2.349235155010249e-12
-3.738834767463476e-11
-1.115402048321906e-10
2.094859252163202e-12
1.041316593749852e-10
-5.828538152684166e-11
-4.832299945242451e-13
5.409979986886704e-11
1.74371313729825e-12
3.642055828265354e-14
-1.593319114236114e-12
-1.928796410494461e-12
-3.315029892366293e-14
1.748088992529777e-12
-8.240347904665454e-13
-4.503821448738831e-14
7.576456313536172e-13
3.843601315166806e-15
-2.280100791540365e-16
-6.19263940730158e-15
-4.071751774328966e-15
1.580351042052221e-16
5.850828296206566e-15
-1.442782602556362e-15
4.120048709873228e-17
2.568331224537174e-15
1.62816581787538e-17
5.437856538152739e-18
8.473369918648883e-18
-7.57259320113333e-18
-6.423546723549379e-19
4.510882709259085e-18
-1.031244930543449e-17
-2.876616253773717e-18
-1.158067454840478e-17
8.867459929781775e-18
-1.849010271257166e-18
1.011881524188089e-18
-2.954731523812592e-18
1.577166035684547e-18
2.844813009651046e-18
-5.880501719532707e-18
7.442294112990154e-19
-3.330966536754289e-18
1.744447803704261e-18
5.322061595850519e-20
1.562512290987036e-18
-5.456214992641584e-19
6.219289837723962e-21
-4.901854457896237e-19
-1.774158248000488e-18
-5.846177858861727e-20
-1.588504567813068e-18
-7.643434048667253e-11
9.82562078897958e-12
5.892415790993174e-11
2.553856378627866e-10
-2.445545877077914e-11
-2.929280119239857e-10
6.811795711683461e-10
1.05445624063582e-10
-7.177322181589073e-10
-6.469633040783888e-12
4.758461404837487e-13
4.552987240173685e-12
-5.636386303993891e-13
-4.324189133014902e-13
1.430350763058846e-12
8.604289903219994e-12
-1.054713718853612e-13
-7.164024477158585e-12
-1.982376121976024e-15
-1.030216937800425e-15
-3.908962352570222e-15
1.348404087907596e-15
7.337285284895689e-16
3.096545327818249e-15
1.078335281592665e-15
5.24078263021631e-16
1.734238730643188e-15
-2.965641067662236e-17
-2.391988390777108e-17
1.004535271957868e-17
4.233868962840618e-18
5.494729817150119e-18
-1.292640588271779e-18
2.642832789853443e-17
2.002078750666995e-17
-9.279861264757921e-18
-7.775545261749641e-11
-1.172262749793381e-11
6.092486584610175e-11
2.505616806753493e-10
1.982951840482025e-11
-2.898161508633722e-10
7.211166182647051e-10
-1.140266633884764e-10
-7.502808353931779e-10
-7.126797268325127e-12
-7.370107058721949e-13
4.905981469393867e-12
-2.897387574151226e-13
6.188089026768683e-13
1.3549085206387e-12
8.975491987946287e-12
2.212672796603102e-13
-7.356087762621992e-12
-2.963746471960425e-15
-2.498792399928979e-15
-5.856917193519319e-15
2.015243902308514e-15
2.047262901279199e-15
4.55590573507886e-15
1.625666643009407e-15
1.115930468188457e-15
2.733858343379144e-15
-4.601279934047681e-17
1.767910857382949e-17
-4.883713487057804e-19
7.10991675876267e-18
6.809828331798485e-19
5.878868201299444e-19
4.067567366173402e-17
-1.801430784515342e-17
-1.321479404201409e-19
-1.421754048712374e-11
-3.244181551225289e-12
1.484828204200503e-11
3.419066054519968e-11
6.330694344639593e-12
-3.518081734509565e-11
-7.147328344951969e-11
-1.360498178493611e-11
7.435640685598673e-11
-7.655191598702914e-15
-1.349464513630867e-15
6.215477190411809e-15
5.974476647553823e-15
1.086491792984968e-15
-4.874671724130014e-15
3.436409912574423e-15
5.779589532516643e-16
-2.770873166880123e-15
-1.244451892439201e-11
2.381499765812476e-12
1.263375036388674e-11
2.935725526796957e-11
-4.838842734926385e-12
-3.069535921199052e-11
-5.45183744405537e-11
1.352715599988118e-11
5.80364272491996e-11
-8.979260083468046e-15
-2.396430538574223e-15
7.336340820388007e-15
6.597600262430279e-15
1.392679274770378e-15
-5.24219191503235e-15
4.368031037264244e-15
1.476654626255394e-15
-3.702724417266984e-15
-1.210369342375574e-11
-1.835946363490314e-12
1.269279595977507e-11
2.926381927235495e-11
3.578128686815158e-12
-3.127690841069619e-11
-5.330245054270785e-11
-1.058829649693018e-11
5.888220551675531e-11
-1.203420128654429e-14
1.50954682788125e-16
8.974565000227803e-15
8.853245580432857e-15
6.588644646072647e-16
-6.640757607587747e-15
5.876577605775565e-15
-6.817694564474826e-16
-4.364438168137314e-15
-1.470992714661377e-11
3.999131324730383e-12
1.483591155513503e-11
3.652302500107231e-11
-7.846014380593437e-12
-3.640252787607675e-11
-7.567200176978039e-11
1.726900782992819e-11
7.583401449155234e-11
-1.280864392457657e-14
