# Created from matlab git hash 4284e9d6e699002e822fb6963cd26e597ecaa80f
# name: foo
# type: matrix
# rows: 180
# columns: 1
1.279870028051532e+64
8.832573795327785e+67
4.047148605958995e+76
-2.209370113942687e+64
-1.527488629200703e+68
-6.986946536348833e+76
2.833100886850207e+64
1.95456169859962e+68
8.961075474261428e+76
-2.804325395349396e+64
-1.91714668212413e+68
-8.872744872271636e+76
2.164791306515883e+64
1.494261746244119e+68
6.849992005017186e+76
1.267001227134823e+64
8.932554595870696e+67
4.007449377676443e+76
-3.884525600670831e+64
-2.703218186493766e+68
-1.229936672740628e+77
2.987925936918653e+64
2.063178703421481e+68
9.462862508856002e+76
1.773611084892207e+64
1.214248105099354e+68
5.611244994889619e+76
4.099991949059545e+54
-1.350307011921329e+66
-1.644252612959589e+69
2.628000486402471e+54
1.032498072572455e+66
1.264702529626308e+69
-1.233037715393391e+55
6.248745834440049e+65
7.564625511406133e+68
-5.292407548532404e+64
-3.653001507093175e+68
-1.669785165075143e+77
4.023344188067465e+64
2.771764769623752e+68
1.275437176205794e+77
2.428256050662872e+64
1.66064759900167e+68
7.776701730572738e+76
3.55823981365938e+56
9.371156857390846e+65
7.22263895260129e+69
-3.228156290099539e+55
-7.284208673979384e+65
-7.495287670019842e+68
-7.076603112077819e+55
-4.787699275720556e+65
-3.328225731578986e+69
-1.528721598782156e+56
-1.744891881984858e+66
-2.137085671504599e+69
6.318662235996001e+55
1.310702506075878e+66
1.606150060122431e+69
-9.382301807597175e+55
8.690051134941027e+65
1.063882440979499e+69
-3.755967130902308e+53
-5.453340784473089e+62
1.249415761663706e+65
-2.952424740765993e+53
-3.748067042743842e+61
-1.432771246081443e+64
1.589272686218186e+53
4.866704228729744e+62
-1.106525745808746e+65
1.5722194504409e+81
1.834612289976239e+80
1.42165995513129e+81
-2.714259571245097e+81
-3.167251026536147e+80
-2.454335590140378e+81
3.481160015261966e+81
4.062141453484651e+80
3.147795835581858e+81
-3.446844527811787e+81
-4.022098234092872e+80
-3.116766510776287e+81
2.661054069884611e+81
3.105164780793039e+80
2.406225220842797e+81
1.556796581396768e+81
1.816615118395838e+80
1.407714030640895e+81
-4.777999356416013e+81
-5.575411325069722e+80
-4.320446873606399e+81
3.676086849450967e+81
4.289597434996801e+80
3.324056127647255e+81
2.179831608531637e+81
2.543629893398785e+80
1.971085758383827e+81
-1.992026591393837e+69
-6.350523599346673e+69
-6.244685436142046e+68
1.176128641086864e+69
4.900034274561491e+69
1.601182263319844e+68
1.185445358783706e+69
2.912633491050578e+69
5.291237365090499e+68
-9.294086217181253e+80
-6.220760634309952e+80
3.38337878289964e+80
1.604519133115065e+81
1.073944150786246e+81
-5.841022211121029e+80
-2.057867883083069e+81
-1.377381647281597e+81
7.491374560562726e+80
-1.430963620448366e+81
1.022900568977479e+81
4.471467866679347e+80
2.470397217577844e+81
-1.765922418174074e+81
-7.719485163965068e+80
-3.168395337528799e+81
2.264874811687856e+81
9.900587456983202e+80
2.037582340967673e+81
1.3638040626305e+81
-7.417529601818604e+80
-1.573066790176181e+81
-1.052892367132694e+81
5.726527037238154e+80
-9.202914168050941e+80
-6.15973706766214e+80
3.350189671870007e+80
3.137162571743449e+81
-2.242548633594251e+81
-9.802993192490828e+80
-2.421971413466802e+81
1.7313061077914e+81
7.568167144810108e+80
-1.416926254812453e+81
1.012866212507291e+81
4.427604778286244e+80
3.022488663021934e+79
1.604337440720298e+79
-2.50195962256054e+79
-5.217984858388459e+79
-2.76970711751414e+79
4.319350473622016e+79
6.692297920639074e+79
3.552272611135441e+79
-5.539759654306671e+79
-5.53995759142094e+80
-4.613473767111033e+80
4.04407917085621e+80
9.564111383581202e+80
7.964641182351853e+80
-6.981647204434772e+80
-1.226640156959232e+81
-1.021500814908433e+81
8.954278155096189e+80
-2.015911028804829e+81
1.574429048646419e+81
7.252790947441424e+80
3.480242776203415e+81
-2.71807401087412e+81
-1.252112583287377e+81
-4.463567259500741e+81
3.486051742278054e+81
1.605890773970179e+81
9.896422678525131e+79
-7.674951107594879e+79
-4.088171753676637e+79
-1.708505460920029e+80
1.324993515420475e+80
7.057766407310322e+79
2.191234342528733e+80
-1.699363191373315e+80
-9.051900217047204e+79
