# Created from matlab git hash 7a85cb21101a410cc7fef3124c6f52da775c291f
# name: foo
# type: matrix
# rows: 432
# columns: 1
0.02267212603003759
-0.0003838290450829995
1.61216847276995e-07
-0.004851762272438542
0.0002557967785204266
-1.436393481530069e-06
-0.02012036408583444
0.0003268385822564942
2.400898732374899e-06
-0.005179323487977935
-3.972616676127433e-06
1.032817428561177e-08
0.0008472487229411718
-1.915472310899056e-05
-5.953870552139596e-07
0.004653162127802367
3.145423499628317e-05
-3.006737990102468e-07
-0.0001704777069104249
-4.426093391503292e-06
3.94349128691273e-08
5.751554983683362e-05
2.640359223436708e-06
-5.829514427825335e-08
0.0001417079269848511
4.580546097429324e-06
5.240190813735491e-08
-6.977903002171629e-07
-4.884910841416509e-08
-1.230325485180542e-09
2.754903038506121e-07
3.475129683220986e-08
9.076405090932187e-10
5.649156605821715e-07
3.583109190186703e-08
1.534868649970442e-09
-1.048527566122271e-09
-1.249562227137995e-10
-9.73385083807718e-12
4.45430136461655e-10
9.239934828370182e-11
7.606030772894012e-12
8.353128712956506e-10
7.987209203172087e-11
7.164936510025653e-12
-7.042727790813088e-14
-1.49434395921548e-13
-2.002837657619157e-14
3.609636502220644e-14
1.269298840051233e-13
1.573781814620684e-14
3.999485796476485e-14
7.222534383531759e-14
1.290395656366004e-14
-7.215695747346848e-15
-6.648593022764684e-15
1.384150262859168e-16
5.565010408669621e-15
5.130621631653489e-15
-7.636637023830675e-17
3.55938378205068e-15
3.303318493574808e-15
7.509797699069423e-17
-6.475153363193254e-19
-9.938023698051652e-20
-1.719183321050778e-19
-9.304455597015799e-20
2.925517948933142e-19
1.38222866088517e-19
1.080415406885449e-19
-3.616914964364555e-19
8.400816969872343e-20
3.083305667065175e-09
-4.33647485537382e-11
-3.825899814952444e-09
9.980077243567024e-09
-8.0582587274165e-11
-1.104212600227957e-08
2.01619533379e-08
9.234737973378099e-11
-2.106522600579418e-08
8.825784890365935e-10
-2.594658441543764e-11
-8.278802141516029e-10
-8.769408880950443e-10
1.652258652100619e-11
8.176771039376663e-10
-2.642499607087727e-10
2.704458276628893e-12
2.527922496647087e-10
-1.67485598881231e-13
9.982544994364e-14
1.061783692431105e-13
1.201935761208738e-13
-7.752189749323558e-14
-7.542708765761636e-14
9.71618497707684e-14
-4.47952752864023e-14
-6.607781253996024e-14
-1.459121253228859e-16
8.118856549923666e-17
-1.782949035222732e-16
-1.705066835341743e-17
-7.151681608577396e-17
2.191367803947852e-17
1.540880685373953e-16
-3.182893921713958e-17
1.598980562092882e-16
-3.430099490728429e-10
-5.644551523748858e-11
3.513958094999755e-10
6.131054339445291e-10
9.249624626315481e-11
-6.255638856234638e-10
-1.694409763356351e-09
-1.84165705285792e-10
1.709651753861281e-09
1.153396320195811e-14
3.184922171153248e-15
-4.717109414278769e-14
-1.033395310042284e-14
-1.038856004558129e-15
3.271336298216952e-14
-3.730637860721856e-15
-2.670046606396311e-15
2.429537453563581e-14
-3.497257013525769e-10
7.37133444830773e-11
3.502979979674373e-10
6.619843170180792e-10
-1.11969361529091e-10
-6.586950778530204e-10
-1.776373320981124e-09
2.445147790585681e-10
1.752436469131371e-09
1.204590016054623e-13
-4.20625330567581e-14
-9.791899405234361e-14
-9.649444192768219e-14
2.95443420853498e-14
7.043261011376979e-14
-5.246964363395167e-14
2.147185221649045e-14
4.942366743131611e-14
2.461396400537145e-11
-5.167392085151556e-12
-2.360335825664581e-11
-2.299064038259346e-11
7.230565801296232e-12
2.317204198269436e-11
-3.136260463617185e-11
-9.587487230435104e-12
2.38108097825906e-11
-1.634354424394932e-11
-4.684164164871253e-12
1.107466158505279e-11
3.30755487345534e-11
7.918666009301118e-12
-2.282338925619094e-11
-9.701832942836091e-11
-1.678690042444636e-11
6.884830057011779e-11
-1.825096226627146e-11
9.949789750339826e-12
1.105991985536711e-11
3.719762369195587e-11
-1.774241240273837e-11
-2.326924068263692e-11
-1.08535531890419e-10
4.308101558261088e-11
7.095815184819506e-11
2.414580375122993e-11
5.772909211787827e-12
-2.412285251637907e-11
-2.156053279536698e-11
-8.588022935533784e-12
2.356803249865727e-11
-3.766140759577443e-11
1.389763418351435e-11
2.574481197065533e-11
8.833099093348617e-12
-4.936561718408354e-13
-8.502044596778223e-12
-6.786430220284019e-12
3.873240801531458e-13
6.569606169246637e-12
-9.399277356573602e-12
5.369276571746267e-13
9.073686429602365e-12
8.202519282542001e-12
-4.62354180230896e-13
-7.285462808377594e-12
-3.383272782970768e-12
1.931244481381862e-12
2.905396192839937e-12
-6.445325797439474e-12
1.735323308281046e-12
5.647046306634205e-12
9.177745663882551e-12
-5.26972554111669e-12
-5.555281085960504e-12
4.848842739969248e-12
-4.242274191460511e-12
-1.84724412004718e-12
-4.329095567242692e-13
-9.157334088962787e-13
1.130684952343363e-12
8.390813993208352e-12
3.185529360145229e-12
-7.300224033496517e-12
7.811154763517769e-12
2.192901552772556e-12
-6.474540555170716e-12
2.246884764787349e-12
2.778340263937554e-13
-1.700803586733436e-12
2.074663066419977e-11
-1.519162493901143e-11
-1.072209984654885e-11
1.568129000928392e-11
-1.188136915647008e-11
-7.630209195795811e-12
2.786960300774852e-12
-2.383959908587497e-12
-1.047171424943319e-12
4.992065850303098e-12
1.514002403230002e-13
-4.079510765212991e-12
1.942847997338891e-12
1.011656678713525e-12
-1.583423728190097e-12
-8.04264465768975e-13
7.344821151668645e-13
6.647250339914521e-13
1.125156283175026e-11
-4.608432901776045e-12
-8.245934486409808e-12
-1.004073820437623e-12
-2.1737148281527e-12
2.611466611354821e-12
-5.969495790090937e-12
4.057155823030139e-13
5.854623758833414e-12
1.066661742180876e-11
-2.717739947530482e-12
-9.108723530311285e-12
-8.414950742976925e-12
2.470617834628393e-12
7.025903638667368e-12
-1.151437267785918e-11
3.187452954286571e-12
9.708596614790515e-12
0.02709781487876029
0.0007467167756210756
-2.050260221837506e-06
-0.04705805461934696
3.067167659610787e-05
5.594922137388306e-06
-0.01347258674810165
-0.00106263963030476
-1.757861466830307e-06
-0.0004004015568344777
-8.900276319568939e-06
-6.677438694541832e-08
0.0002177462158208424
5.218771452732557e-06
3.132752011992165e-08
0.0002916225049773439
6.137754524144459e-06
6.291615559545539e-08
-1.932735257471054e-09
-1.272309173421871e-10
-9.541560344424088e-12
1.178254534537154e-09
9.059488126384689e-11
7.137238988582906e-12
1.293335414925884e-09
6.826087074008946e-11
4.761047625947578e-12
-5.437170771564332e-15
-5.028883528255569e-15
-1.283162306295494e-17
4.185649731224143e-15
3.870471908205765e-15
2.133413370740161e-18
2.480748646759973e-15
2.297471687737117e-15
1.963479006043116e-17
1.073275454124152e-08
-8.78513280796812e-12
-1.156473283658875e-08
-8.266541194396935e-09
5.98963991276201e-11
9.364823481433206e-09
-1.863248126753083e-08
-9.101037562382864e-11
1.725862125927973e-08
-1.5548668589337e-13
7.027806405525316e-14
9.736817556943284e-14
1.126574944472059e-13
-5.479155960084566e-14
-7.52523273970686e-14
7.922578344061716e-14
-3.143373736965038e-14
-4.679139384171742e-14
7.891618824302684e-10
8.71109512168118e-11
-7.860121258623043e-10
-8.629941290924767e-10
-9.079562899638833e-11
8.593363468087821e-10
-1.46443255401531e-10
-1.906808825849764e-11
1.409762007349275e-10
8.355188382285971e-10
-1.107668579342905e-10
-8.143388502720963e-10
-9.132751226569035e-10
1.166134973444742e-10
8.89980898832124e-10
-1.560799132397874e-10
2.210171715687558e-11
1.468037621993205e-10
5.754104463182919e-11
3.854316549904098e-12
-4.869771324760323e-11
-4.830430138896165e-11
1.023727784134357e-12
4.27041494889422e-11
-9.186368642902467e-12
-7.192188156494712e-12
4.932481803712051e-12
7.822896098357925e-11
1.158720904888968e-11
-5.573591790942504e-11
-3.432780738237325e-11
-3.718826375885846e-12
2.498081280323161e-11
-6.082197646683689e-11
-1.126900393328665e-11
4.285650620493773e-11
8.770039204535157e-11
-3.182234093834114e-11
-5.776166610032759e-11
-3.837889047969351e-11
1.207182185075073e-11
2.62287792245133e-11
-6.814993644567696e-11
2.78769391019669e-11
4.413666401280014e-11
6.329178461484923e-11
-7.415826215505697e-12
