# Created from matlab git hash 4284e9d6e699002e822fb6963cd26e597ecaa80f
# name: foo
# type: matrix
# rows: 180
# columns: 1
-7782.572610353401
-12221285537.15376
-995046.0091367053
13440.54493060105
21098698927.59896
1717862.762463944
-17250.27858371342
-27060101088.40601
-2203308.434667223
17098.185164247
26793460907.68656
2181697.550028408
-13204.92692625555
-20685279377.92178
-1684355.749182178
-7714.561480506622
-12101447441.89281
-985333.5667877477
23750.25519832884
37141253822.13667
3024563.51952047
-18285.78362225527
-28575733380.92368
-2327112.46282825
-10813.855211091
-16944554437.06318
-1379736.625634213
1.153969128612355e-12
3.297540956179343e-08
3.984838250849951e-05
-9.124428270472693e-13
-2.507252601581537e-08
-3.070022388608755e-05
-5.111674289696652e-13
-1.533963368804933e-08
-1.829675910039912e-05
32693.19623238527
50424366209.97602
4107343.152093949
-24824.54350369067
-38515993082.36198
-3137391.188517527
-14704.53352701546
-23483866254.24195
-1912109.372900897
-1.02559536003935e-07
-9.172663540384178e-07
-0.0001894951758131569
7.697027362326383e-08
6.768871054756584e-07
2.852339888878885e-05
6.244334435602512e-08
4.823986494967266e-07
8.82973742220121e-05
1.558348972002828e-12
4.238911312956618e-08
5.189169745153713e-05
-1.183010031658537e-12
-3.182787868678097e-08
-3.900882560281123e-05
-7.601219246156071e-13
-2.11172755938226e-08
-2.582702356824253e-05
-3.767309583067686e-15
2.933788069720502e-11
-6.807818759521073e-09
-1.443510579305266e-14
1.803690405899061e-12
7.803977967329894e-10
1.537399226186644e-15
-2.633211029470355e-11
6.029354588038036e-09
-41810197.14039436
-5128296.480357308
-37819376.29811414
72180590.18163972
8853424.912887605
65290888.28161062
-92574854.43354997
-11354914.22585565
-83738502.31585971
91662299.22452456
11242981.03114334
82913052.12389331
-70765690.93251929
-8679874.632684842
-64011043.68863893
-41400055.23398237
-5077988.809525906
-37448383.17866027
127061840.0892289
15584960.13893236
114933677.8947241
-97758564.85591391
-11990721.40171394
-88427426.13499294
-57968491.34531835
-7110214.852328099
-52435347.87670325
3.92999619161765e-05
0.0001537786263679278
-4.496770381574575e-06
-3.442296711916049e-05
-0.0001189537164335199
-2.440913368291982e-07
-1.547806764817243e-05
-7.032903681284707e-05
4.360974941671783e-06
8102109.106674119
11786821.90018029
-23880353.61144441
-13987385.49646483
-20348620.8986963
41226730.30525121
17939471.14310486
26098027.29968011
-52875118.50082053
23641620.24280698
-31302697.16647417
-25553249.33222533
-40814596.33218495
54040572.58685318
44114796.37522709
52346569.28704888
-69309455.85778572
-56579193.86156747
-17762662.5733086
-25840774.50261931
52353876.22741791
13713247.48964967
19949755.47376696
-40418553.97154345
8022644.131688199
11671201.46022744
-23646084.29573757
-51830583.27899942
68626224.36645974
56021439.74049633
40014570.15824249
-52981235.20377214
-43250009.13365727
23409714.0520668
-30995623.05681033
-25302570.02221458
1586024.153096845
653080.3263875498
-5087383.887938738
-2738091.43569296
-1127469.462314325
8782791.026287155
3511724.442478933
1446030.135351791
-11264315.69804381
10855847.8306212
-12952200.28127021
-35667335.1466951
-18741403.11950864
22360497.49561832
61575613.60044444
24036708.23808239
-28678304.47176244
-78973448.82889304
40010414.48144319
-51203105.31841843
-40763987.07119986
-69073474.30269282
88396373.23234694
70374409.56447981
88589853.52819793
-113372291.1724191
-90258303.56435144
10430740.01390591
-10270347.6657923
-6076483.082441128
-18007489.94284549
17730590.17659345
10490358.69795669
23095399.89787736
-22740262.30824109
-13454346.69053004
