# Created from matlab git hash 7a85cb21101a410cc7fef3124c6f52da775c291f
# name: foo
# type: matrix
# rows: 180
# columns: 1
0.03132125796313547
-0.0009730881841241983
1.727896907184665e-05
-0.04724200570680248
0.002757687343231245
4.553757794113836e-05
-0.009960824520668743
-0.003524900024047922
5.760859287240488e-05
-0.0003657046912233837
-0.0001205021608087944
5.280851965272594e-06
0.0001931468884536129
8.77720553965577e-05
-3.730792374026582e-06
0.0002733502179211692
7.73253560685548e-05
6.381850879012033e-07
-2.233926320331505e-08
-1.632220848278617e-08
-1.954554284553886e-08
1.662605281529199e-08
1.248359448299554e-08
1.480649398943421e-08
1.194677118581624e-08
9.230441582623558e-09
1.018758013396186e-08
-1.607212997933219e-12
-1.320449968782488e-12
-1.065877736703506e-11
1.222616393837125e-12
1.054852825955863e-12
8.095141407248625e-12
8.1050820905848e-13
8.748244385473747e-13
5.189646017896461e-12
-2.963930626148767e-08
1.696194826857884e-09
3.480718956550234e-08
1.448365082141524e-07
2.579557428043445e-09
-1.460927439500397e-07
-3.278909536022664e-07
9.750605314965999e-10
3.322742035059798e-07
-1.904139981499319e-09
-5.216563224691431e-11
1.707014534481502e-09
1.448583347966448e-09
4.532970373212809e-11
-1.301268076671097e-09
9.216339972766445e-10
4.652769728500933e-11
-8.24069737488666e-10
5.987103219622675e-09
-7.209803808124802e-10
-5.666561335009411e-09
-5.430334656766742e-09
1.017599338248492e-09
5.375145715000163e-09
-6.649745347857969e-09
-1.477951441443954e-09
5.219672090777459e-09
5.925662021114206e-09
7.780140977415043e-10
-5.735384384324304e-09
-5.109253230462152e-09
-1.198167759242385e-09
5.321711037325585e-09
-7.988875233336215e-09
2.122018777595238e-09
5.872586096791325e-09
1.957780110189506e-09
-1.543409202270835e-10
-1.863636052438668e-09
-1.496868000689499e-09
1.248586039504483e-10
1.430727582413297e-09
-2.10274914946507e-09
1.751056570023873e-10
2.004237377618292e-09
2.014870136404944e-09
-2.137765832394807e-10
-1.800845622146619e-09
-1.131979758457156e-09
4.411897528455215e-10
9.721730610042162e-10
-1.842946928728995e-09
4.505911225849972e-10
1.616182869555341e-09
2.482617831255907e-09
-8.374749889692203e-10
-1.966571726393531e-09
-7.258656011450006e-10
-2.26590882272319e-10
8.969926680558392e-10
-1.737664903820337e-09
2.111263595397318e-10
1.632788120973479e-09
2.334754977067608e-09
-5.370422965656536e-10
-2.030203666663587e-09
-1.815754319746461e-09
5.08617313362409e-10
1.530135589857696e-09
-2.52518191753119e-09
6.508930446569933e-10
2.158386909653714e-09
-0.171527895861604
0.003958088502328953
4.021617675307787e-05
0.03917393565588385
-0.003769697169703429
-3.713672399552014e-05
0.1802093339737285
-0.001638792109148047
-3.926793654294557e-05
-1.835840079498664e-08
-1.349488632376609e-08
-1.542398468794637e-08
1.393658023929642e-08
1.029849665630003e-08
1.183004102572583e-08
8.71969557935029e-09
6.334929176702132e-09
7.178388597398381e-09
1.770456383844021e-07
1.657746881560835e-09
-1.746660502928475e-07
-1.92212146889996e-07
-1.576684418392216e-09
1.897255483361708e-07
-2.928667976318245e-08
-4.844785162389742e-10
2.818890443246114e-08
1.291956931698973e-08
6.599755722123037e-10
-1.106316833607278e-08
-1.093909283960821e-08
7.013929650588737e-11
9.722505568252572e-09
-1.937597803917268e-09
-1.057993639536498e-09
1.089249015212317e-09
1.419644875467857e-08
-1.218920499393916e-09
-1.178978891158368e-08
-1.160262528217352e-08
2.178616274902258e-10
1.017703038385142e-08
-2.744535145209244e-09
1.447892606345134e-09
1.458257382816524e-09
-0.3807827614782501
0.0002139876001194869
1.846851543123153e-05
0.2425614030318876
-0.00101396544072359
-2.437038598023943e-05
0.2500191542838056
0.001060191003411357
4.000703360886139e-06
2.275472423705537e-07
1.769861242794324e-09
-2.209532192535976e-07
-2.442090381377351e-07
-1.689679434786297e-09
2.375211906382234e-07
4.781584943973982e-08
-7.188748502241336e-11
-4.639631932683502e-08
0.3738156493345612
0.003469274615595474
3.714330334780038e-05
-0.575993742581585
-0.00461806416906262
-4.518729946561991e-05
0.5836948816617104
0.00307120064432403
2.060222186817876e-05
