# Created from matlab git hash 85a8ed2c2a63311b81b4bd4ee8154db314cb195d
# name: foo
# type: matrix
# rows: 8
# columns: 1
0.1253313438903165
9.540979117872439e-20
-0.1924363047394789
8.673617379884034e-20
0.1186401182716908
0.056697287719428
0.1186401182716908
-0.05669728771942797
