# Created from matlab git hash 7a85cb21101a410cc7fef3124c6f52da775c291f
# name: foo
# type: matrix
# rows: 180
# columns: 1
0.02827714286021183
-0.0001574246257548272
1.396180649143024e-06
-0.04733678961917311
0.000472668993702913
4.610006976309622e-06
-0.01272238297859857
-0.0009388744785740417
3.558721582574136e-06
-0.0003914237196262086
-2.479409544773857e-05
4.285106072531638e-07
0.0002111365809990832
1.816053058013231e-05
-3.022800733274081e-07
0.0002866683150661416
1.615214256515519e-05
1.89705683229974e-08
-3.363533683046462e-09
-2.685693331540662e-09
-1.502395274206715e-09
2.261002799117332e-09
2.027496869006782e-09
1.135816512291493e-09
2.033647337506135e-09
1.385642965156732e-09
7.748973242093641e-10
-3.572470916576218e-14
-4.311780177071118e-14
-1.7399617597996e-13
2.719451020816937e-14
3.321609444140452e-14
1.32107578219039e-13
1.779947132125364e-14
2.309257023442559e-14
8.46642305551769e-14
3.830479662929239e-10
2.946226137276422e-11
-1.59466728694044e-10
4.401060144879223e-09
3.517578031457529e-11
-4.255891450091055e-09
-1.024642724480423e-08
2.374405965848462e-11
9.916618004550151e-09
-5.83116686106989e-11
-1.168711751894951e-12
5.219614569539438e-11
4.424641535016481e-11
9.761725527852495e-13
-3.966551859009255e-11
2.810964684209096e-11
8.802692806181626e-13
-2.511504763971075e-11
3.909770892840621e-10
-1.63540149205168e-11
-3.719165123910339e-10
-4.05945984918823e-10
2.158635428130463e-11
3.921093089691946e-10
-1.559564636796631e-10
-2.597044046265817e-11
1.206627948342683e-10
3.93106028812529e-10
7.64904675978929e-12
-3.761768852328078e-10
-4.04921013488314e-10
-1.35802694389359e-11
3.954963512419088e-10
-1.78403870402058e-10
3.354473368576085e-11
1.312637781444075e-10
7.508953382971501e-11
4.811050897333237e-13
-7.412330520838982e-11
-5.752786208878333e-11
-7.086994564468393e-13
5.727061431241266e-11
-8.187545026424361e-11
-3.022856902443529e-13
8.097433176929815e-11
1.010208248213243e-10
-1.808234443906832e-11
-8.86743688324921e-11
-7.360129825037811e-11
2.017432371468643e-11
6.311131555507451e-11
-1.063561745789271e-10
2.456537921275263e-11
9.222729589824331e-11
1.095466009931317e-10
-2.906556130457479e-11
-9.15838462800361e-11
-6.672787134616811e-11
9.152320550092592e-12
6.198801698894006e-11
-1.048558330750195e-10
2.093284557756808e-11
9.267363404401979e-11
9.773140154555314e-11
-3.072181623686127e-11
-7.971586793870463e-11
-7.709502341825155e-11
2.726816354639928e-11
6.128070963472523e-11
-1.075768652664946e-10
3.589457981288108e-11
8.66830308614537e-11
-0.1715465738306097
0.0008499208419146733
3.40662277615384e-06
0.0392243668227883
-0.0008421647104503855
-3.273137119133924e-06
0.1802733357671154
-0.0003006400145629902
-3.038701694397706e-06
-3.37258416735426e-09
-2.112327280261955e-09
-1.178826948469073e-09
2.449161996153789e-09
1.618721466661491e-09
9.042121696966841e-10
1.769654147621833e-09
9.795603899017962e-10
5.460098886734853e-10
5.707262498351072e-09
2.501866969664579e-11
-5.4023219556092e-09
-6.369838501889602e-09
-2.345576894802603e-11
6.01869793743268e-09
-7.107270578488241e-10
-6.766387538298711e-12
6.789979532464503e-10
5.637424323104429e-10
7.530095225889285e-12
-5.074147977133319e-10
-5.568032864062834e-10
5.765258410084704e-12
5.143970007401085e-10
3.68199832867007e-11
-1.948727179318621e-11
-5.386578846466951e-11
5.884939129392967e-10
-2.392154251288891e-11
-5.224326549649736e-10
-5.722442216812196e-10
9.040581554184468e-12
5.257968660871172e-10
2.475864150459424e-11
2.096607147320829e-11
-4.954441227711331e-11
-0.3808213814839306
-3.836867355956846e-05
1.382113447713465e-06
0.2425908330294421
-0.0001634710125193041
-1.87003646351799e-06
0.2500362067392419
0.0002845588030278957
3.799333253651801e-07
8.029343883130627e-09
2.816150000720199e-11
-7.486596237902119e-09
-8.811854456141304e-09
-2.716513459526084e-11
8.211042125104113e-09
2.19488547634152e-09
-1.206380002339428e-13
-2.015240742268754e-09
0.3738365318204594
0.0008208539752006106
2.939267551967016e-06
-0.5760277123701407
-0.001112129001252338
-3.612424612112477e-06
0.5837352923257755
0.0007866075369611426
1.72103572958694e-06
