# Created from matlab git hash 4284e9d6e699002e822fb6963cd26e597ecaa80f
# name: foo
# type: matrix
# rows: 180
# columns: 1
1.008477825908771e+21
1.583579041119885e+27
4.194440669182636e+27
-1.741642981251142e+21
-2.733874216046112e+27
-7.241229207568171e+27
2.235304316358309e+21
3.506325811938275e+27
9.287203258087656e+27
-2.215583660183419e+21
-3.471775780164529e+27
-9.195656143302726e+27
1.711091872074453e+21
2.680305175983258e+27
7.099287463835299e+27
9.99658480355166e+20
1.568050961568683e+27
4.153295725144048e+27
-3.077530021946651e+21
-4.812596100177682e+27
-1.274697980007161e+28
2.369442573519715e+21
3.702714606291563e+27
9.807244835352161e+27
1.401258142579342e+21
2.195598915096946e+27
5.815458472340187e+27
469984.0133505156
-1.153864367718595e+17
-1.403265430173343e+20
117531.9730379874
8.814772345257274e+16
1.079630521582025e+20
-1108131.447026454
5.344243041713638e+16
6.453866258387386e+19
-4.236293293972574e+21
-6.533761873939809e+27
-1.730552660703981e+28
3.216681874952755e+21
4.990728610803121e+27
1.321853074442109e+28
1.905387548014208e+21
3.042933436575907e+27
8.059720311817229e+27
-8274265465.381461
8.170144364212965e+16
6.240148229438797e+20
6113635995.653961
-6.344410069966189e+16
-6.939832043181205e+19
4371223468.009398
-4.176562434331702e+16
-2.880610905665414e+20
-12851557.22431692
-1.489771364219888e+17
-1.824436338708166e+20
5258293.118623883
1.118988385354498e+17
1.371226874373222e+20
-8073739.19452539
7.419841237059427e+16
9.082071297788307e+19
-44882.38592342025
-55939420683483.09
1.282339368284977e+16
-33777.00626263754
-3844701749314.532
-1469965185140567
18986.36432141839
49921804950563.7
-1.135688823344076e+16
1.360038176404879e+32
1.59293697032061e+31
1.229904044783733e+32
-2.34795253285447e+32
-2.750025868023469e+31
-2.123290637413081e+32
3.011354763630098e+32
3.527031481386878e+31
2.723215792119988e+32
-2.981670382965287e+32
-3.492263197090042e+31
-2.696371762574359e+32
2.301927473297886e+32
2.696118308254539e+31
2.081669487707067e+32
1.3466967278144e+32
1.577310584956414e+31
1.217839173630595e+32
-4.1331772091487e+32
-4.840956800092666e+31
-3.73769769848756e+32
3.179974980945178e+32
3.724524464360877e+31
2.875701825340424e+32
1.885649119211458e+32
2.208554974764989e+31
1.705222371616758e+32
-1.709043659905466e+20
-5.419303201247223e+20
-5.046667632712828e+19
1.030019918740817e+20
4.183019280563941e+20
1.322651970835152e+19
1.00235084518316e+20
2.484502545869508e+20
4.26476130509903e+19
-7.1142583617152e+31
-5.129448127177044e+31
3.767528660016279e+31
1.228196492418771e+32
8.85541370681247e+31
-6.504213168423699e+31
-1.57521730561905e+32
-1.135746648126004e+32
8.341945575255157e+31
-1.160061015848272e+32
9.04804316769259e+31
4.593006254503448e+31
2.002714477876958e+32
-1.562042554174496e+32
-7.929307083975907e+31
-2.568571323953534e+32
2.003389705679101e+32
1.016969249365581e+32
1.559689692329032e+32
1.124551040264919e+32
-8.259714310945131e+31
-1.204121228222882e+32
-8.681827966645983e+31
6.376715173038225e+31
-7.044470541824918e+31
-5.079130207688334e+31
3.730570350802776e+31
2.543251524266765e+32
-1.983641101877253e+32
-1.006944402663866e+32
-1.9634566155536e+32
1.531422722901596e+32
7.773873761276832e+31
-1.148681197031682e+32
8.959284338409976e+31
4.547950228718026e+31
-3.96959517783447e+28
-6.63426102966308e+28
-9.710602446035639e+28
6.85299092722437e+28
1.145326516224246e+29
1.676430983734953e+29
-8.789097931332454e+28
-1.468923060233938e+29
-2.150110810426985e+29
-5.044330953462914e+31
-2.884339597993819e+31
4.455439603200453e+31
8.708468008005644e+31
4.979486937972406e+31
-7.691813803655237e+31
-1.116900074825863e+32
-6.386415794140719e+31
9.865096749547967e+31
-1.709306206346828e+32
1.383487097811262e+32
7.025905134679949e+31
2.950924202593852e+32
-2.388434270379258e+32
-1.212943245505486e+32
-3.784692563713599e+32
3.063273954178176e+32
1.555654181244835e+32
8.653259673238812e+29
-6.701277321581325e+29
-6.013566535052336e+29
-1.493889507921447e+30
1.156901359755006e+30
1.038175068292821e+30
1.915985107286448e+30
-1.483781608326847e+30
-1.3315078186174e+30
