# Created from matlab git hash 7a85cb21101a410cc7fef3124c6f52da775c291f
# name: foo
# type: matrix
# rows: 144
# columns: 1
9.302863391007896e-08
1.368893510238032e-09
-8.797800965833354e-08
2.547897464642384e-07
1.449118157361668e-09
-2.520093180873506e-07
1.082945420609462e-07
6.385799395031143e-09
-8.863055427091895e-08
1.615288001201088e-08
-3.151044959886444e-10
-1.457865199658203e-08
-1.048392065954309e-08
1.319858528611413e-11
9.475719640755252e-09
2.72948998525365e-09
-3.061524791884637e-11
-2.428461629228161e-09
-1.978044240827231e-09
-7.840667879444151e-10
1.738341392492475e-09
2.929740114690178e-09
1.171333481859604e-09
-2.537846101971462e-09
-1.040049500726804e-08
-1.74848155377657e-09
9.115105838906875e-09
-2.088692544267074e-09
1.061148091449251e-09
1.693599451816721e-09
3.606520270172893e-09
-1.562246889285106e-09
-2.897095262376165e-09
-1.211792010530219e-08
2.760275139286304e-09
1.001893338987161e-08
7.121919333380319e-10
-9.416359216995891e-11
-6.421691515427146e-10
-3.398538434426018e-10
9.704372765380518e-11
3.040749480848803e-10
-5.660976815063132e-10
1.141723737920916e-10
5.087715416209144e-10
3.165510152006737e-10
1.106538590584525e-10
-2.372843587869417e-10
6.806127963441412e-10
9.822610924092739e-11
-6.054413747497869e-10
4.151651860885938e-10
2.16848506466498e-11
-3.896330523307936e-10
7.994034558915808e-10
-5.695850571424713e-10
-4.228185085763262e-10
1.156934034154677e-09
-7.222738706475221e-10
-6.993822223227787e-10
5.681568041722997e-10
-3.119252445611525e-10
-3.781726554921385e-10
8.209176587615121e-10
-1.061838277605736e-10
-7.422120592453547e-10
-3.45204611557046e-10
3.986659837366402e-11
3.374879698359165e-10
-6.210539475510435e-10
7.507920187763589e-11
5.816519931255005e-10
-0.1951080084225163
0.001379929045485693
-5.345150736070953e-06
0.05685490253935818
-0.0005596590642337169
2.021003798309384e-05
0.1899904016200787
-0.002026207748120787
-2.951185960598372e-05
-1.063848582919973e-06
-1.86367292507364e-06
-9.614914467349272e-07
7.929846454472198e-07
1.38051116489857e-06
7.162257297610922e-07
6.04974447103763e-07
1.011890940444662e-06
5.463731809454822e-07
2.033629769467203e-07
2.290856386406894e-09
-2.001397539512048e-07
-2.076578245467972e-07
-1.735051701331428e-09
2.046341088980566e-07
-8.778823861333376e-08
-1.479402791949735e-09
8.292885446433782e-08
8.780535312569557e-09
8.834975847721646e-10
-7.658833894458634e-09
-4.045824930532772e-09
-1.361260665511147e-11
3.536119781410336e-09
-6.391697587803282e-09
-1.286142659148064e-09
5.554449582908264e-09
1.041048194243189e-08
-1.590481344346422e-09
-8.650145835633227e-09
-4.76653697608797e-09
2.745759591791923e-10
4.040826439079596e-09
-7.563304935041031e-09
1.92321460236607e-09
6.236089752335399e-09
-0.3973518256296455
0.000836822092156091
2.381383568385986e-05
0.2553530125448582
-0.001269629344886654
-2.343737184267266e-05
0.2575142155298021
0.0003231626597399846
-4.373779943477255e-06
2.01992175883007e-07
2.027448189496604e-09
-1.975366266502449e-07
-1.809052540923829e-07
-1.315875650091775e-09
1.788284633305141e-07
-3.824770559386678e-08
-1.370385035827619e-09
3.425254364492253e-08
0.3813665930135524
0.002562765438904719
2.539346651975548e-05
-0.5890390967783401
-0.003144095091676034
-2.587956063817511e-05
0.6004365229113151
0.001582227255525065
2.009652462299252e-06
