# Created from matlab git hash 7a85cb21101a410cc7fef3124c6f52da775c291f
# name: foo
# type: matrix
# rows: 1008
# columns: 1
0.003046559323994835
-3.131781702009272e-05
2.748557212776877e-07
-0.0007047419530308502
-5.996156383674145e-05
1.754444331786151e-07
-0.002646166727719995
5.550886470732428e-05
-4.377634929514722e-07
0.0008212439950631288
2.365002138150679e-05
-6.320489196702589e-09
-0.0002819097190524075
-4.797288744249471e-06
1.394266668895476e-07
-0.0006705683727015831
-2.452616731325038e-05
-9.857342697871621e-08
-0.0005893624570913197
9.981533913560453e-07
-4.468708759937279e-11
5.069951324195401e-05
-2.374005383246533e-06
-4.145735838256403e-08
0.0005548275517421513
9.832233701189984e-07
-3.469190544657091e-08
-0.0002544767756379443
-1.479662287074447e-06
5.412721234087688e-09
4.461428242345064e-05
-1.310982758657815e-07
-4.104108310659123e-08
0.0002269454953134996
2.559085231878279e-06
2.423622719824855e-09
-3.881353234663134e-05
-4.014372299117784e-07
2.32213414388678e-09
8.059789710726037e-06
9.89941332125934e-08
-8.954355785837796e-09
3.397891033964849e-05
5.675020440344053e-07
2.902710030534767e-09
-3.340100117850318e-06
-4.800748096171877e-08
2.657884568076873e-10
7.595802553997494e-07
1.862236577299073e-08
-8.923713096378468e-10
2.896865572194022e-06
6.069767209719246e-08
5.262459342097017e-10
-1.961955325042137e-07
-3.522467065436135e-09
1.385290339137967e-11
4.73574298641267e-08
1.640029113341123e-09
-5.298057502548479e-11
1.691951500178471e-07
4.126664915549714e-09
4.930374217751917e-11
-8.793065208557287e-09
-1.85031955257134e-10
3.354575187683194e-13
2.213373044679052e-09
9.494801697643415e-11
-2.182308901175181e-12
7.553666003195224e-09
2.052107075275372e-10
3.053514939348766e-12
-3.233396177100595e-10
-7.647292161085643e-12
-2.878221336805483e-15
8.391847569068024e-11
4.162737212702681e-12
-6.841038013574432e-14
2.769862580600131e-10
8.145005823335329e-12
1.420089525235687e-13
-1.028619305468454e-11
-2.528881178220221e-13
-3.513562954420757e-16
2.702147608984736e-12
1.592420589199788e-13
-1.552717962635554e-15
8.792630624080555e-12
2.660280893753239e-13
5.528988995410878e-15
-1.028036468815441e-13
-2.120404413102597e-14
-2.86700781234099e-16
7.909452338022562e-14
1.683841528415163e-14
2.672620026207683e-16
4.95347790249102e-14
1.297202931996872e-14
6.829683821811295e-16
-1.50589245959272e-14
6.28379458534313e-15
-6.199712915158982e-17
-9.152659319622666e-15
4.872653488850202e-15
-6.508250875020956e-17
1.244748782242675e-14
-3.955497283810665e-15
1.945291998180522e-16
-1.899840230641969e-14
-5.315051506646172e-15
6.382223103462841e-17
1.464961284438908e-14
4.195662837013579e-15
-3.158627806564628e-17
9.139232438358903e-15
3.055182848238063e-15
1.113848522418339e-16
-6.808016756611946e-19
-7.612321240735887e-19
-7.957776828054333e-19
9.799873677989789e-19
8.872144714956685e-19
6.184864025941941e-19
2.177710187933445e-18
6.256028127259655e-19
3.953886401114782e-19
2.837723815683924e-18
2.66436020142876e-19
9.857494288194371e-22
1.861639234152883e-18
4.733809252564142e-19
6.809595029303263e-21
2.970385138771086e-18
-5.970917567919651e-20
1.546948204615754e-20
-6.445839605337438e-19
1.230168293951271e-19
-6.052816762467403e-21
-2.953874344695256e-18
2.006801171316643e-19
1.80152245882645e-20
-1.12685194228521e-18
-6.472961979834936e-19
7.508527907880312e-21
4.988093388123105e-11
5.72896729283821e-12
-3.736221570283239e-11
-2.146585899465034e-09
1.014851850781114e-11
2.392098307255693e-09
-1.072862804962092e-09
-1.213967249071804e-11
1.170513980426071e-09
-7.322572281360387e-11
3.058634813848761e-12
9.619909801491643e-11
3.248190694484701e-11
5.971496868843842e-12
-4.283201268580877e-11
-6.634944995629313e-10
-1.944110657587976e-12
6.599504197603266e-10
2.713797317160766e-11
-1.234868739620484e-12
-2.567264082200341e-11
-6.858009000081349e-11
1.084224979876826e-12
6.386091088853663e-11
-3.643635680968172e-11
-2.774674654781663e-13
3.37856513510174e-11
1.025872768311892e-12
2.027857369720857e-14
-9.344811645718363e-13
-1.128141233492912e-12
-1.837794932075232e-14
1.020889411410207e-12
-4.782283878512962e-13
-2.381704164952567e-14
4.378164661758618e-13
2.280935843537444e-15
-1.002613253173002e-16
-3.384815636570672e-15
-2.394743639856068e-15
6.8066339933411e-17
3.22812859308398e-15
-8.444094472999819e-16
1.342350837591532e-17
1.369921596847024e-15
1.002190222490079e-17
2.540257007947009e-18
5.928657593524627e-18
-4.269753836485875e-18
-3.774666424956313e-19
2.407602662581471e-18
-6.526226580850018e-18
-1.367911651260045e-18
-7.555094066982813e-18
5.441696883722891e-18
-7.657567117429471e-19
6.885416606692384e-19
-1.881131950680754e-18
6.752693486805715e-19
1.607964893016853e-18
-3.551047946420502e-18
2.877567391577968e-19
-2.034195642803354e-18
1.065796611647854e-18
3.281419476595306e-20
9.544442499040493e-19
-2.882715448056327e-19
2.728998323553237e-21
-2.589686432026163e-19
-1.062083029398672e-18
-3.473735515014873e-20
-9.508483427273154e-19
-4.20604463709699e-11
7.111636903878782e-12
3.064572489712992e-11
1.709844636418343e-10
-1.422708596187825e-11
-1.952295406700601e-10
3.788156406183373e-10
6.25260458820102e-11
-3.959928856281395e-10
-3.594957524288714e-12
2.384974289852849e-13
2.647090506286937e-12
-4.172155349509621e-13
-2.210756684548568e-13
8.014160519033786e-13
4.887312718731101e-12
-4.706845592144748e-14
-4.129707633925518e-12
-8.976637979205731e-16
-5.266030555604622e-16
-1.818625838591544e-15
5.883785178083144e-16
3.61998136883766e-16
1.459957151696807e-15
5.07017609416959e-16
2.761119361525585e-16
7.870932500472168e-16
-1.647002655310578e-17
-1.365458264844333e-17
6.97241397224228e-18
2.319640471864264e-18
2.863223758512647e-18
-9.710519859963351e-19
1.467738466260996e-17
1.159559902572605e-17
-6.349762368178459e-18
-4.242914776282244e-11
-8.173998773661491e-12
3.149425203955082e-11
1.690434673837845e-10
1.140946976471416e-11
-1.943621466483711e-10
3.998395165696852e-10
-6.734812610243782e-11
-4.123904806711836e-10
-3.940698799635335e-12
-3.83804152917552e-13
2.847063853536582e-12
-2.684069324305336e-13
3.260703306281993e-13
7.461552908199938e-13
5.07714836065184e-12
1.100547227239859e-13
-4.233723842176712e-12
-1.321167960328957e-15
-1.171795912122613e-15
-2.734365638499323e-15
8.678288594789526e-16
9.767460109659445e-16
2.144492756183658e-15
7.473415860297752e-16
5.079397424000601e-16
1.254074547391523e-15
-2.485457674896941e-17
1.151613578060418e-17
1.869186158610622e-18
3.719312150713178e-18
-3.115446757874378e-19
-9.678367446453871e-20
2.201768575310153e-17
-1.120790865913067e-17
-1.902165129051746e-18
-8.650376449943722e-12
-2.027630761218867e-12
8.975605113070438e-12
2.010131976995999e-11
3.816267634331656e-12
-2.056641054380697e-11
-4.200310894015243e-11
-8.035813780366152e-12
4.337705227848495e-11
-3.638565738238849e-15
-6.691520647971799e-16
2.995595155462384e-15
2.845750853929035e-15
5.321839968786042e-16
-2.32472917374492e-15
1.626179895422469e-15
2.918532434313224e-16
-1.354677818332211e-15
-7.836483812131079e-12
1.447160640237375e-12
7.912306803614804e-12
1.760075228913188e-11
-2.960591158360912e-12
-1.835217728417694e-11
-3.253834232496619e-11
8.281460970036802e-12
3.458883918360033e-11
-4.343746606559485e-15
-1.229204114720976e-15
3.655743611950673e-15
3.13874357150738e-15
6.849684250090944e-16
-2.538386800920509e-15
2.155016860157221e-15
7.806874002751308e-16
-1.904846065651823e-15
-7.634312314130465e-12
-1.109974969381756e-12
7.95585380117142e-12
1.749197436495138e-11
2.19918647254817e-12
-1.865689939882211e-11
-3.176196378848836e-11
-6.50524328895838e-12
3.505722663426103e-11
-5.815059505395306e-15
1.152815147586958e-16
4.416790518941613e-15
4.206380790175081e-15
3.606180763260477e-16
-3.185647906792091e-15
2.894380264472203e-15
-4.127819309024928e-16
-2.212669395167823e-15
-8.957847634204882e-12
2.497526925532921e-12
8.974406750998376e-12
2.14042610623135e-11
-4.739357586592882e-12
-2.118920805157209e-11
-4.442782944786134e-11
1.024485361266844e-11
4.416132572285727e-11
-6.008687837004736e-15
