# Created from matlab git hash 85a8ed2c2a63311b81b4bd4ee8154db314cb195d
# name: foo
# type: matrix
# rows: 8
# columns: 1
4.242640687119268
0.4052694095962575
0.4160250167194398
0.2444051389091654
0.2406566068726641
-0.4080131454183552
0.6686728551839699
0.5123215074437332
