# Created from matlab git hash 7a85cb21101a410cc7fef3124c6f52da775c291f
# name: foo
# type: matrix
# rows: 144
# columns: 1
1.54077230060092e-07
1.330327189073141e-09
-1.508652917246989e-07
4.142450360639071e-07
1.626639671689283e-09
-4.135932852418351e-07
3.123810128287189e-07
1.331917838545256e-08
-2.785401349724264e-07
2.378545807069432e-08
-2.613371524156139e-10
-2.151083659040276e-08
-1.43788502892814e-08
-3.09863422721847e-10
1.303156054733778e-08
1.108196290861861e-08
-1.627442106187608e-10
-9.922880201587158e-09
-2.541869934453814e-09
-1.239041515661413e-09
2.239024838353823e-09
5.71912486075627e-09
1.921180849993233e-09
-5.011793662606276e-09
-1.786978351166562e-08
-3.079267330274606e-09
1.576691137441642e-08
-2.863476620409811e-09
1.709869742920761e-09
2.30040338361169e-09
6.967793712650356e-09
-2.567208014338551e-09
-5.737188320866248e-09
-2.127295666882305e-08
4.843789057588409e-09
1.777258379267762e-08
1.264552127300748e-09
-1.670419729491048e-10
-1.138056449331097e-09
-5.672499342134743e-10
1.755767174977016e-10
5.041626283825429e-10
-9.955584737486963e-10
2.088663198908469e-10
8.911409047620098e-10
8.066944013673508e-10
1.614716903899876e-10
-6.439259921195425e-10
1.067041424840851e-09
1.899425379436189e-10
-9.421775007489512e-10
4.959388715749721e-10
7.029198387834623e-11
-4.693863928562305e-10
1.646847454539103e-09
-1.062484080220313e-09
-9.712134090585528e-10
1.871548621494487e-09
-1.210496032513505e-09
-1.119191693325021e-09
7.428285076169455e-10
-4.704485783586409e-10
-4.577789662716103e-10
1.47143255682731e-09
-1.933127291016838e-10
-1.327835753705473e-09
-5.620715552034325e-10
6.256823004591317e-11
5.553495641227788e-10
-1.08850754567942e-09
1.327102134681891e-10
1.020247600814887e-09
-0.199523492899139
0.001410362748484547
-3.255977680611556e-06
0.06015445597066397
-0.0001947803995104
3.489296946380503e-05
0.1916293678975191
-0.002679701565180576
-3.447836741056076e-05
-1.899424009404776e-06
-1.981479851633116e-06
-1.718068003662186e-06
1.413011284878794e-06
1.473968068944458e-06
1.27717503070211e-06
1.064595056241753e-06
1.110154504270945e-06
9.623087877395179e-07
3.832298268210057e-07
4.6538357088984e-09
-3.745683788386622e-07
-3.71454010771212e-07
-3.848740535851164e-09
3.648428785917672e-07
-1.587051461880117e-07
-3.721295048294429e-09
1.501747264002371e-07
1.628671928286812e-08
1.709473162192588e-09
-1.430400970634611e-08
-7.460034586041838e-09
-2.003726780323608e-10
6.561618422398918e-09
-1.180110766891474e-08
-2.226084948407338e-09
1.03329044167904e-08
1.944786893161332e-08
-2.937759391906923e-09
-1.634991368036195e-08
-8.849776431249485e-09
6.704722939205872e-10
7.575126830424536e-09
-1.409451397127734e-08
3.309689426375013e-09
1.179495970322178e-08
-0.4002745551226249
0.001237878816449188
3.762319818214664e-05
0.2576252995124292
-0.001716608980997084
-3.627936174728012e-05
0.2588117369470408
0.0002574495492321262
-7.442476869262717e-06
3.60603845233253e-07
4.424703736027951e-09
-3.507254438419172e-07
-3.122292861677947e-07
-2.751394232817428e-09
3.072651224315223e-07
-8.946057019976836e-08
-3.230003230174961e-09
8.13432269377607e-08
0.3826468859649836
0.003102767712986775
3.867417492078058e-05
-0.5912658011306571
-0.003729543008022039
-3.874131458310475e-05
0.6033324492536665
0.001710139855751413
1.523005682878601e-06
