# Created from matlab git hash d4591680ada8fa22940eade8d507cd43dc65ed5c
# name: foo
# type: matrix
# rows: 8
# columns: 1
0.2506617949393443
-1.980475968406855e-19
-0.1148801143111936
-1.214306433183765e-19
-0.1417526311373848
-0.1679193137164732
-0.1417526311373848
0.1679193137164733
