# Created from matlab git hash 7a85cb21101a410cc7fef3124c6f52da775c291f
# name: foo
# type: matrix
# rows: 144
# columns: 1
2.205412967518302e-07
-1.689097068106733e-10
-2.242675635855329e-07
5.955071345693925e-07
3.233122202281979e-10
-6.005579420777273e-07
6.679244149956677e-07
2.439676706775496e-08
-6.180776443514715e-07
3.079968815332617e-08
2.477511836783412e-10
-2.791152986898136e-08
-1.668775459754209e-08
-1.178967171174765e-09
1.51727032786199e-08
2.687103448864829e-08
-4.831964703524e-10
-2.412228317093691e-08
-2.676340833179433e-09
-1.785418966544261e-09
2.368339567621359e-09
9.968752676927452e-09
2.86376988840182e-09
-8.822732729640728e-09
-2.72357337872376e-08
-4.809804117059977e-09
2.419528865310894e-08
-3.456105577738212e-09
2.500258605061017e-09
2.748839137231873e-09
1.198218754831226e-08
-3.811344140053589e-09
-1.007175521519759e-08
-3.323880385938818e-08
7.530086517669509e-09
2.806691121944657e-08
1.997525207097279e-09
-2.614115445829136e-10
-1.795708221666351e-09
-8.449482766345132e-10
2.808067799818859e-10
7.465422844903902e-10
-1.552008208050886e-09
3.353118908578028e-10
1.385072170373605e-09
1.5415811395167e-09
2.120847161086671e-10
-1.260240083251317e-09
1.544399638364581e-09
3.124481729652824e-10
-1.355401330080433e-09
5.31421646588589e-10
1.441409098215088e-10
-5.090472905527e-10
2.823151776822025e-09
-1.707413069620284e-09
-1.773151586896546e-09
2.754912011454066e-09
-1.822122785663102e-09
-1.646669454857004e-09
8.945223244318182e-10
-6.55493166170113e-10
-5.013601929251574e-10
2.344244015093421e-09
-3.118725149405971e-10
-2.111980813568628e-09
-8.125024242279347e-10
8.648884808836872e-11
8.118547964137583e-10
-1.689663379415681e-09
2.067512978556949e-10
1.58507296575919e-09
-0.2029375343101754
0.001420119141813687
1.310749903521071e-06
0.0627109461837012
0.0002145792061435024
5.329636847424975e-05
0.1928100808471013
-0.003307811027474677
-3.550327575239725e-05
-3.020686688149917e-06
-1.876560770260352e-06
-2.731101210458116e-06
2.243307472404991e-06
1.406827778917018e-06
2.026641630097635e-06
1.672519483906163e-06
1.113045780006417e-06
1.511400746123303e-06
6.385056509636922e-07
8.020603022763114e-09
-6.204063810813351e-07
-5.910053918077817e-07
-7.224575364073974e-09
5.785341914724146e-07
-2.553609807803036e-07
-7.851131677505838e-09
2.422273985121168e-07
2.660163101416974e-08
2.834930268168322e-09
-2.350591147240211e-08
-1.203904406301693e-08
-4.9947364094803e-10
1.064821339891203e-08
-1.929589407002092e-08
-3.446551480110581e-09
1.701191246341399e-08
3.201800998153763e-08
-4.70616449696157e-09
-2.720502714122072e-08
-1.440582433840054e-08
1.23483691625219e-09
1.24441981136377e-08
-2.326990430625912e-08
5.069858440316697e-09
1.973514672851002e-08
-0.4024409211073355
0.001644509238241778
5.407128199244622e-05
0.2593195690969438
-0.002161179589901062
-5.124879912644876e-05
0.2597581931079867
0.000178102463478313
-1.12350536763719e-05
5.718732099501516e-07
8.220871121364303e-09
-5.530594537425501e-07
-4.787780906476918e-07
-4.861542961792067e-09
4.686009075247794e-07
-1.743443933520204e-07
-6.497001925737205e-09
1.603659436215039e-07
0.3835640312109657
0.003613194049417948
5.397962547402073e-05
-0.5928702387255818
-0.004273137060680044
-5.329643621664564e-05
0.6054434063994767
0.001805130516075389
3.670119558334871e-07
