# Created from matlab git hash d4591680ada8fa22940eade8d507cd43dc65ed5c
# name: foo
# type: matrix
# rows: 8
# columns: 1
0.2506617949393443
-7.950815931560365e-20
-0.1189097382903392
-5.493291007259888e-20
-0.1369245880539057
-0.1802351483284476
-0.1369245880539057
0.1802351483284477
