# Created from matlab git hash 4284e9d6e699002e822fb6963cd26e597ecaa80f
# name: foo
# type: matrix
# rows: 8
# columns: 1
0.1253313438903165
9.540979117872439e-20
-0.1924363047394789
8.673617379884034e-20
0.1186401182716908
0.056697287719428
0.1186401182716908
-0.05669728771942797
