# Created from matlab git hash 15d6ecd77b971f955de2852a201e878a95b43822
# name: foo
# type: matrix
# rows: 8
# columns: 1
4.242640687119281
0.4042890789048726
0.4145436535064411
0.2427386626755716
0.2257749949934593
-0.3648353755573178
0.6660665373309135
0.4844544607582218
