# Created from matlab git hash 23998a2ad3b03124e7bddb615f9834a5ccd2ca3a
# name: foo
# type: matrix
# rows: 8
# columns: 1
4.242640687119281
0.342151762215833
0.4549553356753963
-0.8881185113671421
-0.744645892134751
-0.9897797705511101
0.7560817738139932
-0.4037257412608546
