# Created from matlab git hash 4284e9d6e699002e822fb6963cd26e597ecaa80f
# name: foo
# type: matrix
# rows: 180
# columns: 1
-4.061602681791676e+39
-2.323121590345267e+44
-1.215755042965945e+52
7.011422906933359e+39
4.011406476256872e+44
2.098864220431344e+52
-8.991084763983284e+39
-5.14345631270581e+44
-2.691888399127647e+52
8.900149853642133e+39
5.087466021666173e+44
2.665353995395343e+52
-6.870547126889448e+39
-3.931799018440371e+44
-2.057723244754519e+52
-4.020935324401654e+39
-2.305805998236845e+44
-1.203829440078739e+52
1.232950978587818e+40
7.065582577777884e+44
3.694703810311839e+52
-9.483987723230403e+39
-5.431227294430984e+44
-2.842623873701828e+52
-5.628948937813649e+39
-3.217900398426078e+44
-1.68560625545353e+52
-1.336006627172608e+30
3.95137109662239e+41
4.810643125507814e+44
-6.573548105821926e+29
-3.020966159694773e+41
-3.700325170241159e+44
3.66854532094719e+30
-1.828784742472152e+41
-2.213103498592125e+44
1.680375529123606e+40
9.587786469388166e+44
5.015998863920752e+52
-1.277390098799902e+40
-7.317771648180771e+44
-3.831385820341237e+52
-7.704915467107713e+39
-4.452787966745891e+44
-2.336104777282723e+52
-1.037638805640907e+32
-2.750205520877498e+41
-2.116884779830942e+45
9.623444327753199e+30
2.137431662943415e+41
2.219550219040906e+44
2.04213465425732e+31
1.405192833706066e+41
9.757222115166119e+44
4.452031580937417e+31
5.105395819537815e+41
6.252826374054096e+44
-1.833949759381833e+31
-3.834958615959934e+41
-4.699405929802849e+44
2.752732623578813e+31
-2.542648529571079e+41
-3.112761198377099e+44
1.151247743309052e+29
1.642693987835777e+38
-3.763837355256627e+40
9.049078376621888e+28
1.129019328814743e+37
4.315890260208955e+39
-4.872186632601746e+28
-1.465983163608235e+38
3.333386092563012e+40
-4.609385679072436e+56
-5.381246968779457e+55
-4.168026222250526e+56
7.957584543469812e+56
9.290115453196812e+55
7.195627239591015e+56
-1.020596019177181e+57
-1.191498961501079e+56
-9.228715727843096e+56
1.010535508004605e+57
1.179753566858473e+56
9.13774387731707e+56
-7.801598258382524e+56
-9.108005355847295e+55
-7.054577140966541e+56
-4.564169376528456e+56
-5.328458035742374e+55
-4.127139526667309e+56
1.400799476080196e+57
1.635368162148274e+56
1.266669699043106e+57
-1.077744082673682e+57
-1.25821588121083e+56
-9.745476101307555e+56
-6.390764724486691e+56
-7.460922794129931e+55
-5.778834172609013e+56
5.855532963549842e+44
1.857969278078294e+45
1.833294285823047e+44
-3.458815080040024e+44
-1.433676754258768e+45
-4.703699762475503e+43
-3.483499707405745e+44
-8.520955054173007e+44
-1.553258892968339e+44
2.67841068482572e+56
1.811195238102038e+56
-1.034150223322309e+56
-4.623973902581831e+56
-3.126824275054011e+56
1.785343800647686e+56
5.930454355013838e+56
4.010292700870407e+56
-2.289783920918235e+56
4.157729266621429e+56
-3.008411417446342e+56
-1.345870093629199e+56
-7.17785042935718e+56
5.193682867519356e+56
2.323492965140308e+56
9.20591546365373e+56
-6.661131522009579e+56
-2.979984342369815e+56
-5.871994672794611e+56
-3.970761134598078e+56
2.267212664227115e+56
4.533333290333524e+56
3.065531342702092e+56
-1.750347504764369e+56
2.652136362405496e+56
1.793428034456191e+56
-1.024005725015546e+56
-9.115167322485496e+56
6.595468886468838e+56
2.950609306136537e+56
7.037147178207199e+56
-5.091874211929915e+56
-2.277947539037348e+56
4.116943099498777e+56
-2.978899769932259e+56
-1.33266767921121e+56
-7.485099359771071e+54
-3.945985101119373e+54
6.339800816748975e+54
1.292217790125807e+55
6.812297125767985e+54
-1.094494971586024e+55
-1.657326945195289e+55
-8.737074664115263e+54
1.403738683669217e+55
1.65168680220372e+56
1.305730314918618e+56
-1.219476291453427e+56
-2.85145079916723e+56
-2.254195874755841e+56
2.105288438970651e+56
3.657113447908106e+56
2.89110697130165e+56
-2.700127522469678e+56
5.906212211058149e+56
-4.61891296071751e+56
-2.150290868872726e+56
-1.019640852275961e+57
7.974031781161718e+56
3.712234725722966e+56
1.307735069942392e+57
-1.022705314370816e+57
-4.761108160835531e+56
-2.528926205357556e+55
1.964574137007959e+55
1.059808347362876e+55
4.365905209805999e+55
-3.391615157957535e+55
-1.829639347850661e+55
-5.599468127585189e+55
4.3498976795655e+55
2.34659416412498e+55
