# Created from matlab git hash 4284e9d6e699002e822fb6963cd26e597ecaa80f
# name: foo
# type: matrix
# rows: 8
# columns: 1
0.1253313438903165
1.908195823574488e-19
-0.1922870034256237
1.763635533909754e-19
0.1184081971302679
0.05480319800540739
0.1184081971302679
-0.05480319800540736
