# Created from matlab git hash 4284e9d6e699002e822fb6963cd26e597ecaa80f
# name: foo
# type: matrix
# rows: 8
# columns: 1
0.1253313438903165
3.816391647148976e-19
-0.1919879573246513
3.295974604355934e-19
0.117903576680346
0.05110802531871271
0.1179035766803459
-0.05110802531871268
