# Created from matlab git hash 4284e9d6e699002e822fb6963cd26e597ecaa80f
# name: foo
# type: matrix
# rows: 8
# columns: 1
4.242640687119268
0.4033143643070662
0.4131309443910969
0.2408250006233155
0.2119289437941472
-0.3263171676553729
0.6626969204715063
0.4591535208071168
