# Created from matlab git hash 7a85cb21101a410cc7fef3124c6f52da775c291f
# name: foo
# type: matrix
# rows: 144
# columns: 1
4.423588816529498e-08
8.206955062521885e-10
-4.044117103917992e-08
1.272812242239643e-07
7.784229631810643e-10
-1.247704181103708e-07
1.606276037582681e-08
2.46578409160352e-09
-7.240912838389716e-09
8.851004630723031e-09
-1.894433073763534e-10
-7.973027487098716e-09
-6.022100103280689e-09
6.445962390446799e-11
5.430031548916435e-09
-4.196246266312007e-10
4.94031363059289e-12
3.869303759559311e-10
-1.204050528553762e-09
-4.20765721296102e-10
1.057347335919792e-09
1.247586177531259e-09
6.027474345760632e-10
-1.067659128245998e-09
-4.921890737501739e-09
-8.063162166290765e-10
4.286225512157896e-09
-1.236683667791544e-09
5.554415155204709e-10
1.010933387510502e-09
1.543016909808116e-09
-7.964890194516638e-10
-1.204946001689708e-09
-5.630834416684593e-09
1.275458618769888e-09
4.610479410286913e-09
3.291107090742313e-10
-4.274206819198207e-11
-2.977964646948102e-10
-1.682632490127996e-10
4.33546781679486e-11
1.51830325630279e-10
-2.62558890643053e-10
4.971746477052426e-11
2.374523278334045e-10
5.143543090326964e-11
6.238813349328084e-11
-2.324763399857557e-11
3.709174996983908e-10
3.835003082237596e-11
-3.328027533147023e-10
2.871509186015675e-10
-2.153372447761906e-12
-2.680252617596316e-10
2.706723325708651e-10
-2.324800922093227e-10
-1.087091604804713e-10
6.029615586904034e-10
-3.584383186253476e-10
-3.725629068243824e-10
3.690557455090062e-10
-1.79020505451897e-10
-2.60064132353363e-10
3.755296682941094e-10
-4.800350894543542e-11
-3.400734501475105e-10
-1.74623776591586e-10
2.117619504592777e-11
1.687042194573921e-10
-2.890785329469051e-10
3.484889177569944e-11
2.702772442960692e-10
-0.189423698170142
0.001278280970563336
-5.042058683041272e-06
0.05261226081598974
-0.000816441167949426
9.417782937128631e-06
0.1877641041339388
-0.00134825691828331
-2.097740515718408e-05
-4.909415510973318e-07
-1.506987132487482e-06
-4.41827195678455e-07
3.667967520709903e-07
1.113645658780448e-06
3.299417901013077e-07
2.841198972084106e-07
8.042342529562732e-07
2.555743196696666e-07
8.76066045303817e-08
8.600193542571644e-10
-8.686729430395482e-08
-9.481933590993851e-08
-5.891228431351098e-10
9.367945178082279e-08
-3.972795909988333e-08
-4.39215656345361e-10
3.750065135234423e-08
3.810430189814545e-09
3.43634714307396e-10
-3.297957444530059e-09
-1.749238135634911e-09
6.753257957793125e-11
1.517467765364398e-09
-2.810466604994267e-09
-6.119730384426775e-10
2.422807026848853e-09
4.488681198886068e-09
-6.685801281668706e-10
-3.68291791257115e-09
-2.049261056561867e-09
4.554238845046683e-11
1.72070186500682e-09
-3.296937975503635e-09
9.144024837990877e-10
2.674426011986089e-09
-0.3934677025084889
0.000456957684965921
1.274570892425597e-05
0.2523458420902431
-0.0008243335241887484
-1.28608726676078e-05
0.2557703515329026
0.0003547570556782018
-2.074998690001247e-06
9.219186410065388e-08
7.094721909844637e-10
-9.055729962735158e-08
-8.535350780008121e-08
-4.762312660351866e-10
8.458814990685268e-08
-1.200872962216668e-08
-4.474107142744298e-10
1.054011052884155e-08
0.3796248448826932
0.00195742562478956
1.426294507451878e-05
-0.5860216183928687
-0.002463695093467309
-1.484364052936309e-05
0.596542915751454
0.001374626976966803
1.840903694545174e-06
