# Created from matlab git hash d4591680ada8fa22940eade8d507cd43dc65ed5c
# name: foo
# type: matrix
# rows: 8
# columns: 1
0.2506617949393443
-1.604619215278547e-19
-0.1162295001895969
-8.962737959213502e-20
-0.1401794770134649
-0.1719763948577063
-0.1401794770134649
0.1719763948577064
