# Created from matlab git hash 7a85cb21101a410cc7fef3124c6f52da775c291f
# name: foo
# type: matrix
# rows: 180
# columns: 1
0.02998973484279534
-0.0003977691277554237
4.407928766080284e-06
-0.0479161062772773
0.001063136159486713
1.238938128884611e-05
-0.01218134156940666
-0.001751016577320817
1.156610813657919e-05
-0.0003844917142151089
-4.936567582777968e-05
1.22263087322017e-06
0.0002062420202222812
3.611136844390858e-05
-8.625246876409794e-07
0.0002827024678596936
3.201839030278348e-05
7.790912118557912e-08
-6.283312710744789e-09
-5.506566388789244e-09
-4.357365845215924e-09
4.470311844642493e-09
4.169561487615195e-09
3.295486097245631e-09
3.546243430306025e-09
2.900712925941366e-09
2.251559283941537e-09
-1.503058610818316e-13
-1.632180368247186e-13
-8.325485272507867e-13
1.144374256165225e-13
1.266867036603422e-13
6.321717644526038e-13
7.519865225630293e-14
9.158667302665349e-14
4.051568551740453e-13
9.131235721727486e-11
1.391009678953561e-10
7.317404185008758e-10
1.772655294547553e-08
1.780821055829811e-10
-1.734358574329434e-08
-3.956276359888855e-08
1.077492987071864e-10
3.885952883586043e-08
-2.299158374868942e-10
-5.548162882837336e-12
2.058958369967946e-10
1.74572684940752e-10
4.651994259101775e-12
-1.565971026241537e-10
1.109347686589657e-10
4.242773047609293e-12
-9.913700996693298e-11
1.266333688517676e-09
-7.589864391413891e-11
-1.200202734971307e-09
-1.284722804372279e-09
1.013036957295062e-10
1.24250525621786e-09
-6.711318348844698e-10
-1.244955930698259e-10
5.211342769615875e-10
1.269445746531909e-09
5.745677019487873e-11
-1.214760150492367e-09
-1.270244224822643e-09
-8.967944475377182e-11
1.250781544060915e-09
-7.797890998809417e-10
1.677055524084061e-10
5.722928000960454e-10
2.843599675238173e-10
-5.383292135705606e-12
-2.782006306073956e-10
-2.185235949649722e-10
3.422078356247793e-12
2.153438435100631e-10
-3.089297509692325e-10
6.620724811823395e-12
3.028175362267123e-10
3.483327237654814e-10
-5.71452838572604e-11
-3.07661538962248e-10
-2.429363282816586e-10
7.140757390000072e-11
2.086415697986132e-10
-3.573818969895041e-10
8.361719282115006e-11
3.110916687322082e-10
3.867684057903431e-10
-1.061001477447621e-10
-3.214399315956462e-10
-2.079548439062739e-10
1.468112174417849e-11
2.029466845226278e-10
-3.474761194638431e-10
6.145248679333886e-11
3.129096224287496e-10
3.603861613975274e-10
-1.044796171690409e-10
-2.999864380625236e-10
-2.844125683519179e-10
9.431324280231221e-11
2.303507301871705e-10
-3.953693176081275e-10
1.231725622642583e-10
3.245657696925177e-10
-0.1710181053838602
0.001685105379871537
9.493657270374405e-06
0.03880029118597077
-0.001639750844086164
-9.038816554509508e-06
0.1800283860580233
-0.0006392127417818351
-8.726238243149054e-06
-5.667444001162444e-09
-4.37919440292399e-09
-3.422259613487317e-09
4.209124273315854e-09
3.35271850479688e-09
2.62499324285508e-09
2.832142236926447e-09
2.036354579296334e-09
1.586446443297683e-09
2.210497590683057e-08
1.228828176000415e-10
-2.117657825708658e-08
-2.442523803871993e-08
-1.14865585175098e-10
2.33677382926421e-08
-3.087102547165764e-09
-3.387980717961272e-11
2.959401893219339e-09
1.994113509615619e-09
3.890890564819389e-11
-1.768159174772859e-09
-1.898841713486186e-09
2.466398253306292e-11
1.734577966646436e-09
2.269786658330839e-11
-9.315793919707664e-11
-1.002171773851228e-10
2.106228281309218e-09
-9.957865907889876e-11
-1.834464395622479e-09
-1.96395846931066e-09
2.165082276843585e-11
1.781890377339283e-09
-3.884448483982443e-11
1.120730324095608e-10
-7.624381915437976e-11
-0.3804528823734261
5.361665197318804e-06
3.990666762067304e-06
0.2423037831125148
-0.0003741766521435802
-5.369544422176728e-06
0.2498744274725872
0.0005066520318758566
1.03963126323238e-06
3.011895776426738e-08
1.347534755339121e-10
-2.839646420768097e-08
-3.280096869077259e-08
-1.291203546835295e-10
3.091713829629527e-08
7.573513636255875e-09
-3.058019956724616e-12
-7.035169939140595e-09
0.3736768918325415
0.001543155379642497
8.39435728729377e-06
-0.5757499709273839
-0.002074394641649248
-1.029057344463024e-05
0.5833730488034256
0.001427758922992079
4.853443606918793e-06
