# Created from matlab git hash 4284e9d6e699002e822fb6963cd26e597ecaa80f
# name: foo
# type: matrix
# rows: 8
# columns: 1
4.242640687119268
0.4042891829165756
0.4145475756486096
0.2427219131284874
0.2257778139899159
-0.3649164211671186
0.6660553028730051
0.4844930502198499
