# Created from matlab git hash 15d6ecd77b971f955de2852a201e878a95b43822
# name: foo
# type: matrix
# rows: 8
# columns: 1
4.242640687119281
0.4023443733551791
0.411756568254685
0.2387833856530401
0.1990362234070884
-0.2916456217290652
0.6586986516226989
0.4360061330254078
