# Created from matlab git hash 7a85cb21101a410cc7fef3124c6f52da775c291f
# name: foo
# type: matrix
# rows: 1008
# columns: 1
0.002584623107390749
-2.224209521868077e-05
3.655086908731351e-08
-0.0002488754610239497
-8.553386616002605e-06
-2.339069265206658e-09
-0.00233580689740551
3.025950364174661e-05
-6.858386265686734e-08
0.0007745749185799529
4.103838850912585e-06
2.723418071845907e-09
-0.0002323354190294571
-6.335623630301028e-07
1.654073137294413e-08
-0.0006619758859351381
-5.104095407846016e-06
-1.147101306525342e-08
-0.0005883060012019335
2.30995609411771e-07
-1.372217291915319e-09
1.802285204426545e-05
-5.544043177935894e-07
-3.354171966470089e-09
0.0005421571667762066
1.225896521637961e-07
-4.165243190713582e-09
-0.0002491602192837291
-3.808514377024798e-07
6.948115546689391e-10
3.295315099745475e-05
7.589325579649392e-09
-4.531236796399007e-09
0.000222322246841814
6.369064080319233e-07
3.042953013268911e-10
-3.794203792824775e-05
-1.046805503349129e-07
2.665358764486659e-10
6.636713330429027e-06
3.322939435735165e-08
-9.514066556320402e-10
3.343349438061951e-05
1.449597110312842e-07
3.662092438655954e-10
-3.271566084562544e-06
-1.25477724860437e-08
2.676162081023415e-11
6.603721543308935e-07
5.509966518914122e-09
-9.016962289516507e-11
2.860892075159272e-06
1.561249931615461e-08
6.466008406546834e-11
-1.926004253278489e-07
-9.205257801119133e-10
1.144277195440463e-12
4.247137418102165e-08
4.654770073643776e-10
-5.071660425018959e-12
1.675206216676679e-07
1.063742406392822e-09
5.929435884008872e-12
-8.647633840745851e-09
-4.831618678284442e-11
1.028582302801732e-14
2.023065362587011e-09
2.640107885268527e-11
-1.953624165798637e-13
7.491628720914292e-09
5.29252268207907e-11
3.616953104039383e-13
-3.184285554945709e-10
-1.995063606024302e-12
-1.586581508732518e-15
7.764970653394922e-11
1.143586477993864e-12
-5.566286303822885e-15
2.750264845146991e-10
2.100453217766119e-12
1.66420473369085e-14
-1.011734884229793e-11
-6.518415325049172e-14
-8.564059733742155e-17
2.533810866138317e-12
4.386110428684211e-14
-1.035901323537041e-16
8.716987792068451e-12
6.856160287831141e-14
6.48960298796962e-16
-2.930703817789943e-14
-5.948193802929812e-15
-3.636616510494153e-17
2.255787452233729e-14
4.652510253213512e-15
3.892663001638751e-17
1.373413261667114e-14
3.109010297269679e-15
7.90735261485541e-17
-4.238828130416337e-15
1.7744502331689e-15
-7.208895859186443e-18
-2.604797348333883e-15
1.385079169269329e-15
-9.455151257878064e-18
3.240378457126687e-15
-9.135005910384473e-16
2.226056223903557e-17
-5.494337291034845e-15
-1.615046366224868e-15
6.511662901720756e-18
4.235712100395807e-15
1.258698692447337e-15
-1.633197460839e-18
2.566926787037006e-15
8.124219743961829e-16
1.387112845944988e-17
4.642858602440289e-20
4.43716411596402e-21
-5.291753756309052e-20
1.02350249379599e-19
8.883259897593642e-20
4.078891472199992e-20
4.822075590368103e-19
6.407196473082628e-20
2.581407318673812e-20
8.024056788917952e-19
6.826389483017246e-20
4.192762214309466e-22
5.107077504642193e-19
1.415920274002567e-19
7.38136972890839e-22
8.293416428790642e-19
-1.945175003245224e-20
1.723211034837474e-21
-1.333432541725299e-19
3.076628866391288e-20
-7.204444831135408e-22
-7.386606167447996e-19
3.471643586739258e-20
1.860552569620272e-21
-3.67023489134235e-19
-1.521903758108981e-19
7.186697499042118e-22
7.045867336241336e-12
-1.320440538356555e-13
-6.91570703927612e-12
-1.486621502127239e-10
2.639327051068383e-13
1.653225310584376e-10
1.044867133390738e-10
-8.623968889168996e-13
-1.170792525716692e-10
-1.711388095464284e-11
1.373995345028577e-13
1.778977339600404e-11
9.127352697876746e-12
1.831017122885881e-13
-9.697277530089937e-12
-3.232443211644049e-11
-2.19154028544301e-14
3.134600019032094e-11
2.119830897838356e-12
-4.064205534536388e-14
-1.970970721177559e-12
-4.231275795487294e-12
3.382129947746482e-14
3.889473407367587e-12
-2.287894879045089e-12
-1.161446557595616e-14
2.100220340050084e-12
5.487948017160697e-14
7.76658057314831e-16
-4.955680654508941e-14
-5.973919552482879e-14
-6.953662654412609e-16
5.379650076652126e-14
-2.421961104703949e-14
-7.97366239012653e-16
2.191511418507006e-14
1.210326071213621e-16
-2.086492556314884e-18
-1.456067528108277e-16
-1.25909335370979e-16
1.327832441357512e-18
1.438385244924026e-16
-4.149235622575857e-17
-2.936129877382953e-20
5.313316267496598e-17
5.19287006065062e-19
6.127062801604708e-20
3.936648947315708e-19
-1.943395115298694e-19
-1.411179395386747e-20
9.517323270190962e-20
-3.43784832520292e-19
-3.627507855508406e-20
-4.593517199062394e-19
2.991788289472529e-19
-9.00695895225743e-21
2.574626496908158e-20
-1.147212119856891e-19
1.072522455894361e-20
8.400235303662832e-20
-1.821744869119502e-19
1.078975543900931e-21
-1.024464235739549e-19
5.629588569945985e-20
1.775078640720352e-21
5.038862070995415e-20
-9.688402632273855e-21
1.282540639284763e-23
-8.70232003593847e-21
-5.330369260467112e-20
-1.722974893634023e-21
-4.771226553539881e-20
-2.458267888131732e-12
6.141882428991237e-13
1.721863353928845e-12
1.407155377309507e-11
-5.745638485952778e-13
-1.577889691275441e-11
1.566920962518015e-11
3.199298867478174e-12
-1.549753602764927e-11
-1.629993036148416e-13
6.238043918232785e-15
1.367036615548736e-13
-3.724974660253424e-14
-6.399871497647063e-15
4.044568049855132e-14
2.40636609729758e-13
-3.953376457325746e-16
-2.119155294367191e-13
-1.711752021116054e-17
-1.698793862340465e-17
-3.86081500036157e-17
8.356787635111989e-18
1.010018959732649e-17
3.383704468287392e-17
1.228915434485358e-17
9.95418784241351e-18
1.394808712183131e-17
-6.673375955549598e-19
-6.240404305510555e-19
4.682667226396441e-19
9.083575164576011e-20
1.062664904431119e-19
-6.964021188886176e-20
5.944574567135534e-19
5.44266349324903e-19
-4.188591301129002e-19
-2.423568996363805e-12
-6.699382112076219e-13
1.732305185952488e-12
1.409970064721273e-11
3.703521343730966e-13
-1.585497652704643e-11
1.639911317413093e-11
-3.388766869602959e-12
-1.596304688840088e-11
-1.743594362545321e-13
-1.155783359782374e-14
1.449234410339967e-13
-3.202794193929176e-14
1.036165401401526e-14
3.704650045676747e-14
2.464228069602714e-13
2.523000196113591e-15
-2.157979774028542e-13
-2.14203856086317e-17
-2.662703990630643e-17
-5.867583853596312e-17
1.034407603870952e-17
2.448785761391442e-17
4.897494800272558e-17
1.530739524676593e-17
9.635295063973861e-18
2.382511284543806e-17
-8.852680675760348e-19
6.63082723554774e-19
3.889405514032585e-19
1.232877775238236e-19
-7.703512007012121e-20
-5.676835888093087e-20
7.873239848473813e-19
-6.028725877499981e-19
-3.494781171023664e-19
-5.449103793433881e-13
-1.49626989202237e-13
5.481840721662394e-13
1.132309215962481e-12
2.444352533835275e-13
-1.126225753528107e-12
-2.314256081552517e-12
-4.349271401043585e-13
2.303681935242399e-12
-8.746943027346233e-17
-1.966142877507274e-17
7.938211726195626e-17
6.95132786067369e-17
1.469494235126636e-17
-5.780635323039555e-17
3.802723708653276e-17
9.360286747982132e-18
-3.90200529852471e-17
-5.818075221526138e-13
8.256754433863355e-14
5.724217434734484e-13
1.121459284298747e-12
-1.694808357029641e-13
-1.141589589327838e-12
-1.998176576361244e-12
4.815830338077247e-13
2.085437712226201e-12
-1.187925788826894e-16
-4.491411396181741e-17
1.126631083544127e-16
7.913259957882869e-17
2.261380951921357e-17
-6.92064626637949e-17
6.447176493558514e-17
3.047478254744153e-17
-6.620773350508647e-17
-5.705820881809739e-13
-5.699453820482239e-14
5.751831919869018e-13
1.108986735498566e-12
1.164667010553505e-13
-1.152084428444222e-12
-1.950137134504106e-12
-3.583203706395587e-13
2.10378009353197e-12
-1.578882670188231e-16
1.258063396109884e-17
1.317296499224116e-16
1.049321122459907e-16
1.089732207025536e-17
-8.41994711098676e-17
8.606171201456564e-17
-2.277778789445595e-17
-7.480213067292052e-17
-5.648971896715625e-13
1.802723808909619e-13
5.485288169176628e-13
1.194523519745659e-12
-3.00875453064266e-13
-1.144907866255152e-12
-2.443124139925012e-12
5.626740823996478e-13
2.333291846058277e-12
-1.399950298602206e-16
