# Created from matlab git hash 4284e9d6e699002e822fb6963cd26e597ecaa80f
# name: foo
# type: matrix
# rows: 180
# columns: 1
-4.338682428529704e+88
-2.994344449453031e+92
-1.376592787699301e+101
7.489631822755616e+88
5.178386194385294e+92
2.376532507294157e+101
-9.604041633216653e+88
-6.626193488801955e+92
-3.048010617425878e+101
9.506494446451391e+88
6.498879954656947e+92
3.017965953659024e+101
-7.338512344646486e+88
-5.065734857274804e+92
-2.32994895986097e+101
-4.295057966634291e+88
-3.028699280487475e+92
-1.363089541027825e+101
1.316830817904532e+89
9.164817347214273e+92
4.183493484935343e+101
-1.012888923765928e+89
-6.994499865578457e+92
-3.218687973649594e+101
-6.012434917434778e+88
-4.116221823643706e+92
-1.90860287283983e+101
-1.372852038365064e+79
4.611767977880003e+90
5.615876414791915e+93
-9.198964876714424e+78
-3.526423122360103e+90
-4.319509560686424e+93
4.199200933892918e+79
-2.134117284283682e+90
-2.583687459887379e+93
1.794094329783295e+89
1.238403347841049e+93
5.679589547270921e+101
-1.363889482891462e+89
-9.396629782396688e+92
-4.338258503545941e+101
-8.231641988755192e+88
-5.629758244312341e+92
-2.645159037016581e+101
-1.215923819008076e+81
-3.198985724846289e+90
-2.466113788664153e+94
1.098280890680557e+80
2.486635571222438e+90
2.554649192937524e+93
2.422184335404472e+80
1.634329349629708e+90
1.136346187296843e+94
5.22557741457182e+80
5.959542824973779e+90
7.299069055206247e+93
-2.161132286050858e+80
-4.476610519812071e+90
-5.485689705764445e+93
3.203034255052815e+80
-2.968015830952397e+90
-3.633620591593149e+93
1.274211929560269e+78
1.852950203288906e+87
-4.245256173631011e+89
1.001616759054783e+78
1.273527892755296e+86
4.868328281258026e+88
-5.391191301491846e+77
-1.653621320709838e+87
3.75974519464245e+89
-5.367862243911451e+105
-6.263243345446895e+104
-4.853814567328383e+105
9.267008793556746e+105
1.081278263741326e+105
8.379563479657556e+105
-1.188535570247619e+106
-1.386787855194136e+105
-1.07471672297409e+106
1.176819597041024e+106
1.373117368613172e+105
1.064122727672158e+106
-9.085354888949463e+105
-1.060082435779141e+105
-8.215305626962806e+105
-5.315205576641102e+105
-6.201802208520016e+104
-4.806200557208065e+105
1.631301682407749e+106
1.903408042848937e+105
1.475081850355195e+106
-1.255087373360753e+106
-1.464439802270396e+105
-1.134895302933856e+106
-7.442368039726141e+105
-8.683781903555192e+104
-6.729657632147357e+105
6.794476471605872e+93
2.168999918848269e+94
2.128425766793979e+93
-4.012607808909204e+93
-1.673574536387247e+94
-5.458570717264934e+92
-4.042634060035942e+93
-9.948108147374419e+93
-1.803411644967146e+93
3.182684598429871e+105
2.126463506510799e+105
-1.14649421581886e+105
-5.494545896330491e+105
-3.671099368856757e+105
1.979293075814361e+105
7.047001983108025e+105
4.708349953436138e+105
-2.538532698644515e+105
4.892954240844154e+105
-3.490532249178489e+105
-1.519791112470637e+105
-8.447133361469007e+105
6.026010091426597e+105
2.623748020191644e+105
1.083382775275667e+106
-7.728628582419098e+105
-3.365075035966004e+105
-6.977535768531178e+105
-4.661937234681721e+105
2.513509561931316e+105
5.38683986637134e+105
3.59913734175655e+105
-1.940495188671514e+105
3.151463460000043e+105
2.105603613387088e+105
-1.135247738697782e+105
-1.0727032226895e+106
7.652443033912224e+105
3.331904087395432e+105
8.281548947505164e+105
-5.907885861566638e+105
-2.572317106252161e+105
4.844955678643369e+105
-3.456291146779901e+105
-1.504882652078826e+105
-1.06017576054227e+104
-5.632971207632099e+103
8.745666274884513e+103
1.830273546104294e+104
9.724687578385147e+103
-1.509840418806562e+104
-2.34740730013856e+104
-1.247234439783338e+104
1.936437673618218e+104
1.883525230262278e+105
1.583391846021731e+105
-1.375976437025257e+105
-3.25169368499394e+105
-2.733547111320588e+105
2.375468346216929e+105
4.170442919964226e+105
3.505896287262663e+105
-3.0466455499322e+105
6.881574507830965e+105
-5.375909499481461e+105
-2.473402537773369e+105
-1.188026139450152e+106
9.280900849665379e+105
4.270050612183441e+105
1.523696742062909e+106
-1.190317130707566e+106
-5.476532206695909e+105
-3.451782010350123e+104
2.676275115918258e+104
1.42296054813145e+104
5.959111273142583e+104
-4.620286321994294e+104
-2.45658052823679e+104
-7.642825548041487e+104
5.925722931361599e+104
3.150674080835428e+104
