# Created from matlab git hash 4284e9d6e699002e822fb6963cd26e597ecaa80f
# name: foo
# type: matrix
# rows: 8
# columns: 1
1.41421356237309
0.0163297147389788
0.0001224704773838521
6.815562852549471e-07
2.128982837252445e-05
2.130649939887499e-07
2.201570131133975e-05
2.163607376408172e-07
