# Created from matlab git hash d4591680ada8fa22940eade8d507cd43dc65ed5c
# name: foo
# type: matrix
# rows: 8
# columns: 1
0.2506617949393443
-1.228762462150238e-19
-0.1175727441159323
-8.384496800554566e-20
-0.1385702414969441
-0.1760815447122216
-0.1385702414969442
0.1760815447122217
