tol = 1e-6, Deg = 2
Lev Lmax         L2         LamMax          LamMin    Cond          Iter
2   5.6951e-03   4.6338e-02 57024.430978    18.878869 3020.542718   54
3   5.7293e-04   1.1669e-02 240478.526698   18.944817 12693.631670  73
4   5.2287e-05   2.9251e-03 977313.341427   18.792018 52006.833005  131
5   4.6595e-06   7.3205e-04 3926302.820517  18.754528 209352.263631 273
6   4.1286e-07   1.8310e-04 15722813.057832 18.743123 838857.696443 511

Multiwavelet
2	2.2689e-02   4.6338e-02   57000.606538        18.878870   3019.280619       53
3   5.5197e-03   1.1669e-02   240325.556323      18.944817   12685.557146    73
4   1.3721e-03   2.9251e-03   967594.006696      18.792019   51489.625308    125
5   3.4273e-04   7.3205e-04   3926302.538525    18.754462   209352.983582   268
6   
   

   

Deg = 3
Lev Lmax         L2         LamMax          LamMin    Cond            Iter
2   2.2612e-04   2.7613e-03 390653.841257   18.762569  20820.914159   104
3   1.2008e-05   3.5137e-04 1631101.376555  18.725176  87107.398789   138
4   5.5528e-07   4.4120e-05 6605880.278280  18.739728  352506.726599  290
5   2.4821e-08   5.5220e-06 26512507.597910 18.739309  1414807.078682 571

Multiwavelet
2  5.8236e-04   2.7613e-03 390473.280474 18.762345 20811.538802 103
3 7.1924e-05   3.5137e-04    1631109.965402 18.725177 87107.855082 138
4 6.8607e-06   4.4120e-05    6606018.620291 18.739728 352514.116290 290
5  6.1784e-07   5.5220e-06   26512166.161984 18.739309 1414788.858359 571


Deg = 4
2  1.0338e-05   1.2191e-04 1558862.024776 18.729517 83230.229223 90
3 2.6618e-07   7.7191e-06  6465795.265607  18.739240 345040.415361 99
4 6.1067e-09   4.8612e-07 25880500.920109 18.739210 1381088.168674 20
5 1.3618e-10   3.0310e-08 104161989.481832 18.739209 5558505.186208 18
6 3.0148e-12   1.8927e-09 208632188.971009 18.739209 11133457.722958 9

2 2.8315e-05   1.2191e-04  1558258.985809 18.729508 83198.075655 90
3 1.7596e-06   7.7191e-06  6463584.921308  18.739240  344922.462667 98
4 8.4061e-08   4.8612e-07  25880500.453577 18.739210 1381088.143797 20
5 3.7866e-09   3.0309e-08  104162860.983888  18.739209 5558551.693146 18
6  1.6805e-10   1.8926e-09 208621237.804132 18.739209 11132873.324451 9
   
  

