tol = 1e-6, Deg = 2
Lev Lmax         L2         LamMax          LamMin    Cond          Iter
2   5.6951e-03   4.6338e-02 57024.430978    18.878869 3020.542718   54
3   5.7293e-04   1.1669e-02 240478.526698   18.944817 12693.631670  73
4   5.2287e-05   2.9251e-03 977313.341427   18.792018 52006.833005  131
5   4.6595e-06   7.3205e-04 3926302.820517  18.754528 209352.263631 273
6   4.1286e-07   1.8310e-04 15722813.057832 18.743123 838857.696443 511

Deg = 3
Lev Lmax         L2         LamMax          LamMin    Cond            Iter
2   2.2612e-04   2.7613e-03 390653.841257   18.762569  20820.914159   104
3   1.2008e-05   3.5137e-04 1631101.376555  18.725176  87107.398789   138
4   5.5528e-07   4.4120e-05 6605880.278280  18.739728  352506.726599  290
5   2.4821e-08   5.5220e-06 26512507.597910 18.739309  1414807.078682 571
  

