# Created from matlab git hash 8acae4b4da1e22f9e9caa2c593af6b1871deaba1
# name: foo
# type: matrix
# rows: 32
# columns: 1
-39.26033286167326
-3.222795690733658
43.49374118629681
51.67635998999479
-273.6527576993223
133.7521376005801
5.670102297586325
19.95162798317128
-170.8795919280623
-7.207156123814432
101.5158857081078
95.61443702892055
-317.9591296115486
145.9131037880678
-39.38350260976047
10.58164951284996
-115.3328301429036
-41.38330386181696
49.42964754726167
67.62582549381146
-395.8492314478755
201.319341567588
5.127740841512413
28.27821066567648
-241.6771416673949
-14.32227361578703
132.8912720336133
116.9014386759163
-446.7921173243356
189.2774947237217
-61.45224916606372
33.31260161473011
