# Created from matlab git hash 88d5ed852c06746169389081f8981de2355f335e
# name: foo
# type: matrix
# rows: 1
# columns: 8
-1 -0.7142857142857143 -0.4285714285714286 -0.1428571428571429 0.1428571428571428 0.4285714285714286 0.7142857142857142 1
