# Created from matlab git hash 23998a2ad3b03124e7bddb615f9834a5ccd2ca3a
# name: foo
# type: matrix
# rows: 1
# columns: 8
-1 -0.7142857142857143 -0.4285714285714286 -0.1428571428571429 0.1428571428571428 0.4285714285714286 0.7142857142857142 1
