# Created from matlab git hash 23998a2ad3b03124e7bddb615f9834a5ccd2ca3a
# name: foo
# type: matrix
# rows: 5
# columns: 5
17 8.5 5.666666666666667 4.25 3.4
8.5 5.666666666666667 4.25 3.4 2.833333333333333
5.666666666666667 4.25 3.4 2.833333333333333 2.428571428571428
4.25 3.4 2.833333333333333 2.428571428571428 2.125
3.4 2.833333333333333 2.428571428571428 2.125 1.888888888888889
