# Created from matlab git hash 23998a2ad3b03124e7bddb615f9834a5ccd2ca3a
# name: foo
# type: matrix
# rows: 1
# columns: 49
1 2 3 4 6 7 8 9 10 11 12 14 15 16 17 18 19 20 21 22 23 24 26 27 28 30 31 32 33 34 36 37 38 40 41 42 43 44 47 48 50 51 52 54 55 56 62 63 64
