# Created from matlab git hash f0b5e20aa54da6d0eb71e79117aff0ebdd6f4724
# name: foo
# type: scalar
265
