# Created from matlab git hash 23998a2ad3b03124e7bddb615f9834a5ccd2ca3a
# name: foo
# type: matrix
# rows: 15
# columns: 2
0 0
1 0
0 1
2 0
1 1
0 2
3 0
2 1
1 2
0 3
4 0
3 1
2 2
1 3
0 4
