# Created from matlab git hash 23998a2ad3b03124e7bddb615f9834a5ccd2ca3a
# name: foo
# type: matrix
# rows: 5
# columns: 2
0 4
1 3
2 2
3 1
4 0
