# Created from matlab git hash b90189e32f296c582a35ba07468663c1bf571faf
# name: foo
# type: matrix
# rows: 2
# columns: 32
0.2499999999999988 0 0.2499999999999988 0 0.2499999999999988 0 0.2499999999999988 0 0.2499999999999988 0 0.2499999999999988 0 0.2499999999999988 0 0.2499999999999988 0 0.2499999999999988 0 0.2499999999999988 0 0.2499999999999988 0 0.2499999999999988 0 0.2499999999999988 0 0.2499999999999988 0 0.2499999999999988 0 0.2499999999999988 0
-0.4059494080239531 0.01562499999999982 -0.3518228202874263 0.01562499999999982 -0.2976962325508992 0.01562499999999982 -0.2435696448143723 0.01562499999999982 -0.1894430570778449 0.01562499999999982 -0.135316469341318 0.01562499999999982 -0.08118988160479093 0.01562499999999982 -0.02706329386826409 0.01562499999999982 0.02706329386826409 0.01562499999999982 0.08118988160479093 0.01562499999999982 0.135316469341318 0.01562499999999982 0.1894430570778449 0.01562499999999982 0.2435696448143723 0.01562499999999982 0.2976962325508992 0.01562499999999982 0.3518228202874263 0.01562499999999982 0.4059494080239531 0.01562499999999982
