# Created from matlab git hash b90189e32f296c582a35ba07468663c1bf571faf
# name: foo
# type: matrix
# rows: 2
# columns: 16
0.4592793267718439 -0.08838834764831781 0.1530931089239483 -0.08838834764831781 -0.1530931089239483 -0.08838834764831781 -0.4592793267718439 -0.08838834764831781 -0.4592793267718439 0.08838834764831781 -0.1530931089239483 0.08838834764831781 0.1530931089239483 0.08838834764831781 0.4592793267718439 0.08838834764831781
-0.2209708691207934 0.07654655446197364 0.04419417382416002 0.07654655446197364 0.3093592167691144 0.07654655446197364 0.5745242597140678 0.07654655446197364 -0.5745242597140678 0.07654655446197364 -0.3093592167691144 0.07654655446197364 -0.04419417382416002 0.07654655446197364 0.2209708691207934 0.07654655446197364
