# Created from matlab git hash b90189e32f296c582a35ba07468663c1bf571faf
# name: foo
# type: matrix
# rows: 2
# columns: 16
0.3535533905932725 0 0.3535533905932725 0 0.3535533905932725 0 0.3535533905932725 0 0.3535533905932725 0 0.3535533905932725 0 0.3535533905932725 0 0.3535533905932725 0
-0.5358258812338177 0.04419417382415883 -0.3827327723098702 0.04419417382415883 -0.2296396633859221 0.04419417382415883 -0.07654655446197456 0.04419417382415883 0.07654655446197456 0.04419417382415883 0.2296396633859221 0.04419417382415883 0.3827327723098702 0.04419417382415883 0.5358258812338177 0.04419417382415883
