# Created from matlab git hash ec4862f6ba2edc4c1e4b8ea3bb8e13f636fd2b65
# name: foo
# type: matrix
# rows: 24
# columns: 1
0.9999833146669684
-1.443366021513818e-05
-3.726726665810499e-06
1.162355040165433e-11
1.70842329636932e-12
-1.047017763658583e-11
6.101836605098198e-14
7.611467930433013e-15
-3.523554540305672e-14
1.553691383848048e-12
-2.575479263227099e-14
-1.428833513561783e-12
-9.810619305381775e-15
-9.425455738118154e-16
-3.709349657522989e-14
2.282973455933294e-14
1.059956094208943e-14
-2.32229138528091e-14
6.191292100883006e-14
-3.223229679941067e-14
-3.730203361701451e-14
4.595694609601852e-14
-2.152588718023305e-14
-2.866748895634941e-14
