# Created from matlab git hash ec4862f6ba2edc4c1e4b8ea3bb8e13f636fd2b65
# name: foo
# type: matrix
# rows: 64
# columns: 1
0.9999833263855595
-1.443366040224752e-05
-3.726726625490291e-06
1.575013527577033e-11
9.364731212713197e-14
2.953603405961031e-15
-1.769589323226088e-12
6.720013543022596e-16
4.673617048922551e-14
-4.501798933631562e-14
-3.485967070560037e-14
2.190225778520016e-14
4.729661107205629e-14
4.890687854697262e-14
-3.523625835555322e-14
-2.338862437056832e-14
5.006373093863203e-14
-3.906786005813955e-14
-4.423239552409086e-14
2.134148413546199e-14
-4.217583524159467e-15
-3.110181871960153e-15
3.557044021727305e-15
1.840319218591584e-15
-7.077376880177742e-15
6.03712001101847e-15
5.263900055331607e-15
-2.735840613338589e-15
5.361555643901283e-14
4.253131180576019e-14
-4.645883677767414e-14
-2.254418873803843e-14
1.813105221515342e-15
1.375544123050076e-14
-4.625722027640222e-14
2.651479036330783e-14
9.037368622830535e-18
4.232737181685742e-16
-1.339927740205799e-16
8.070990915853911e-17
2.584555438102695e-18
4.243538115372165e-16
-1.280291599135566e-16
8.095791980786413e-17
-2.049463425755802e-15
-7.40553423754912e-16
3.263379688028803e-15
1.350392508138977e-15
-7.522437656086105e-15
6.393058182959555e-15
5.909069160237673e-15
-2.9818417266955e-15
1.834145060522747e-18
4.265198295924944e-16
-1.268430655446499e-16
7.919754655420241e-17
1.675600121704661e-18
4.260493681730006e-16
-1.261756108323816e-16
7.925041272861978e-17
2.489131123439847e-14
1.416156081290864e-14
-4.249756102581159e-14
-1.537903138171259e-14
