# Created from matlab git hash ec4862f6ba2edc4c1e4b8ea3bb8e13f636fd2b65
# name: foo
# type: matrix
# rows: 8
# columns: 1
0.9999832247906503
-1.443318402463513e-05
-3.598364326535197e-06
2.334746891668873e-08
-6.142061853730758e-07
2.308680172303585e-08
-6.421293602902955e-07
4.786149031981472e-08
