# Created from matlab git hash ec4862f6ba2edc4c1e4b8ea3bb8e13f636fd2b65
# name: foo
# type: matrix
# rows: 24
# columns: 1
0.9999832865424316
-1.443365978672404e-05
-3.726726575866359e-06
1.161391403517463e-11
1.700645389774191e-12
-1.051753356405196e-11
1.267084215328396e-13
1.251843073646342e-14
-7.471612217813118e-14
1.563884785527697e-12
-3.795719294430455e-14
-1.464021447043385e-12
-1.141087224709736e-14
8.155642827745168e-15
-6.629541360325676e-14
4.239788745596144e-14
1.787524205573241e-14
-4.641346514497817e-14
1.029726540235422e-13
-5.010990411409067e-14
-6.881268038958032e-14
8.44865288840424e-14
-3.447814256318793e-14
-5.888844967216755e-14
