# Created from matlab git hash ec4862f6ba2edc4c1e4b8ea3bb8e13f636fd2b65
# name: foo
# type: matrix
# rows: 8
# columns: 1
0.9999832249569467
-1.443327400230625e-05
-3.597926233204782e-06
2.432148320536078e-08
-6.131886787001881e-07
2.411456863793405e-08
-6.42418318377542e-07
4.993054387987596e-08
