# Created from matlab git hash ec4862f6ba2edc4c1e4b8ea3bb8e13f636fd2b65
# name: foo
# type: matrix
# rows: 64
# columns: 1
0.9999833240418547
-1.443366036831705e-05
-3.726726602984738e-06
1.575029158033218e-11
1.130020521600272e-13
2.722114397226642e-15
-1.779055084734042e-12
2.780742826215439e-16
5.433520300357486e-14
-5.383626877630831e-14
-4.101563533254193e-14
2.633293583187424e-14
5.559464000270964e-14
5.754996479367947e-14
-4.184785851180095e-14
-2.774636076452452e-14
5.735811825502423e-14
-4.441091938645058e-14
-5.187006379969716e-14
2.463007575670417e-14
-5.786280518245569e-15
-4.336692420257155e-15
4.953545358635254e-15
2.503250552617634e-15
-8.090873338004039e-15
6.794400829318721e-15
6.248908719039852e-15
-3.185593073242735e-15
6.139200259269728e-14
4.832445554825426e-14
-5.43303180222665e-14
-2.596101111862481e-14
-3.766986722553165e-16
1.249067516084779e-14
-5.17879072958749e-14
2.33990604669998e-14
-1.382776991429934e-17
4.726314011448033e-16
-1.748197523958405e-16
5.813590134750599e-17
2.584747080797226e-18
4.535393698200344e-16
-1.845857285218833e-16
6.827836277150314e-17
-2.6860044008758e-15
-1.031283933854751e-15
4.384392560011374e-15
1.723897735965696e-15
-7.790196984095337e-15
6.520131563134287e-15
6.516235526990687e-15
-3.127274791106221e-15
2.603212761112656e-18
4.554649377548718e-16
-1.838388206079678e-16
6.640695755359824e-17
1.657329549375215e-18
4.551636820052961e-16
-1.82153505756521e-16
6.647512065949817e-17
2.685385247502836e-14
1.473787758499156e-14
-4.745404069694814e-14
-1.627398216186293e-14
