# Created from matlab git hash ec4862f6ba2edc4c1e4b8ea3bb8e13f636fd2b65
# name: foo
# type: matrix
# rows: 24
# columns: 1
0.9999833052921228
-1.443366007201102e-05
-3.726726636042583e-06
1.161891382924277e-11
1.705451030131897e-12
-1.04877999818852e-11
8.431014631862505e-14
9.637671561816857e-15
-4.912225931250504e-14
1.557306899245199e-12
-3.13596894719802e-14
-1.442631954866445e-12
-1.113205687969891e-14
1.430704716424587e-15
-4.831111986875287e-14
3.017974149505666e-14
1.351159395712436e-14
-3.159109591423762e-14
7.858143609790768e-14
-3.996713989645687e-14
-4.918732718925769e-14
6.051823767579223e-14
-2.696947126567914e-14
-3.942828021762488e-14
