# Created from matlab git hash ec4862f6ba2edc4c1e4b8ea3bb8e13f636fd2b65
# name: foo
# type: matrix
# rows: 64
# columns: 1
0.9999833310729634
-1.443366047078069e-05
-3.726726683203681e-06
1.574879620977303e-11
3.986277974377117e-14
2.27282465580219e-15
-1.740937575584982e-12
1.599901417945193e-15
2.222089179326758e-14
-1.939959304309013e-14
-1.613686961832172e-14
9.365952458040284e-15
2.030486889736949e-14
2.209676885911449e-14
-1.488698053719872e-14
-1.034872187943847e-14
2.418332201159501e-14
-1.904720825507411e-14
-2.026023793177956e-14
1.021205342510711e-14
-7.488306656005684e-16
-3.918637376903044e-16
6.248840079953931e-16
3.796138730383943e-16
-4.171667003699943e-15
3.706793524040858e-15
2.833916061580854e-15
-1.531582099234786e-15
2.48574494321474e-14
2.005950960892733e-14
-2.069766580348187e-14
-1.031341678725539e-14
8.498202141993261e-15
1.589417486513867e-14
-2.131494980517346e-14
2.651301400646843e-14
-2.478154821182858e-17
3.32161579206022e-16
8.911124540523207e-18
7.963539173528686e-17
2.106925474479635e-18
3.066169813021123e-16
-7.114568189706875e-18
8.93549829921011e-17
-3.807386124159681e-16
9.173980993977651e-17
6.146585692884196e-16
3.404570145379895e-16
-5.493565510645558e-15
4.894649257952437e-15
3.781536107132369e-15
-2.026983406166049e-15
-3.87523175970621e-20
3.088390682221184e-16
-5.313593328138237e-18
8.819143446588704e-17
1.449909952868148e-18
3.079790907847311e-16
-6.474429287766432e-18
8.830358515143271e-17
1.316258213535093e-14
8.282263763703667e-15
-2.043210045599153e-14
-7.740807994593979e-15
