# Created from matlab git hash ec4862f6ba2edc4c1e4b8ea3bb8e13f636fd2b65
# name: foo
# type: matrix
# rows: 24
# columns: 1
0.9999833240418147
-1.443366035941144e-05
-3.726726694874251e-06
1.163199992965512e-11
1.712504520709936e-12
-1.044714885852628e-11
3.34072177858113e-14
4.571012002325521e-15
-1.910732974870803e-14
1.549326796286869e-12
-1.593117209375822e-14
-1.409109119687278e-12
-6.468614334379162e-15
-1.754697642704682e-15
-2.156537090052043e-14
1.311317854828692e-14
6.306557978179111e-15
-1.28803686729625e-14
3.696121283517385e-14
-1.960038567990904e-14
-2.137710773747683e-14
2.645693791802627e-14
-1.298850662729434e-14
-1.57274488078296e-14
