# Created from matlab git hash ec4862f6ba2edc4c1e4b8ea3bb8e13f636fd2b65
# name: foo
# type: matrix
# rows: 64
# columns: 1
0.9999833287292603
-1.443366043650807e-05
-3.726726656378321e-06
1.57494762647081e-11
6.432319880694435e-14
2.35443084638988e-15
-1.75371294009665e-12
8.937967055071605e-16
3.274304401890016e-14
-3.092976057661893e-14
-2.430663434859915e-14
1.503700095592335e-14
3.241177605952717e-14
3.393510363712219e-14
-2.409796051457164e-14
-1.616968191441885e-14
3.51188943328906e-14
-2.746771053601319e-14
-3.073671954443905e-14
1.492663929809043e-14
-2.562266558915211e-15
-1.834897456261032e-15
2.17043552588419e-15
1.136155772611786e-15
-5.245703981220347e-15
4.517684142942796e-15
3.827566338728424e-15
-2.003424609794167e-15
3.727437586461807e-14
2.965970314609794e-14
-3.208981649481952e-14
-1.563154054632662e-14
3.771540576053792e-15
1.267988315037021e-14
-3.20113165347661e-14
2.303046040967682e-14
1.338921432057923e-17
3.255177076940092e-16
-8.127251530263341e-17
7.580457264821462e-17
2.218346981359177e-18
3.318696201345025e-16
-7.301839625166741e-17
7.308904916564059e-17
-1.241825268303881e-15
-3.736000465224655e-16
1.978611711387097e-15
8.335924456121002e-16
-5.89656101406775e-15
5.071569651237089e-15
4.46103999909284e-15
-2.2896592931766e-15
9.237581935199828e-19
3.337898627965954e-16
-7.157923272303565e-17
7.177103159530082e-17
1.579010756476178e-18
3.329139345137858e-16
-7.167186898725354e-17
7.202115905716227e-17
1.780408865742977e-14
1.037100313112455e-14
-2.970681252882756e-14
-1.084775920336381e-14
