# Created from matlab git hash ec4862f6ba2edc4c1e4b8ea3bb8e13f636fd2b65
# name: foo
# type: matrix
# rows: 8
# columns: 1
0.9999831885515686
-1.443300211552411e-05
-3.59510460053882e-06
3.094596681051636e-08
-6.065061854594265e-07
3.058518040632841e-08
-6.434838538261942e-07
6.343597660855916e-08
