# Created from matlab git hash ec4862f6ba2edc4c1e4b8ea3bb8e13f636fd2b65
# name: foo
# type: matrix
# rows: 24
# columns: 1
0.9999833146669683
-1.443366021394305e-05
-3.726726666557813e-06
1.161945098592144e-11
1.707241890897304e-12
-1.047592322895391e-11
6.558509291210157e-14
8.706813048320328e-15
-3.760347588865898e-14
1.554474091081765e-12
-3.027500472541078e-14
-1.435152095689452e-12
-1.199507160265512e-14
-2.649214181360549e-15
-4.168621003941553e-14
2.535441936510298e-14
1.207443005975568e-14
-2.530788180871833e-14
7.077815981335665e-14
-3.747510947731491e-14
-4.15959778856153e-14
5.121902901805698e-14
-2.48405740421731e-14
-3.09626768668636e-14
