# Created from matlab git hash ec4862f6ba2edc4c1e4b8ea3bb8e13f636fd2b65
# name: foo
# type: matrix
# rows: 64
# columns: 1
0.9999833287292627
-1.443366043639333e-05
-3.726726651716423e-06
1.574964988110045e-11
6.988276624042556e-14
2.918822322240441e-15
-1.757277838061415e-12
1.200628829754573e-15
3.649280877482397e-14
-3.383493485387134e-14
-2.687761124775534e-14
1.638511548662791e-14
3.588040975444074e-14
3.751599031431851e-14
-2.648659069848236e-14
-1.777822333792756e-14
3.952393967665557e-14
-3.10669268088759e-14
-3.407563120561008e-14
1.672117999618194e-14
-2.484499494749557e-15
-1.74405378844857e-15
2.069728803974484e-15
1.112574920897106e-15
-5.893477489138778e-15
5.121717720334066e-15
4.198669726725048e-15
-2.226432594884856e-15
4.197353575818851e-14
3.356159794520863e-14
-3.563949135809707e-14
-1.754241196749717e-14
5.194178420708794e-15
1.554378847856697e-14
-3.658007230455951e-14
2.871836102258385e-14
2.869788957396817e-17
3.661716043448478e-16
-8.478751211328439e-17
1.000569950900744e-16
2.563897745631103e-18
3.859078736555305e-16
-6.632783003292688e-17
9.212322815865563e-17
-1.261552758252896e-15
-3.505152490924856e-16
1.962810499476487e-15
8.688486975549867e-16
-6.969380001480214e-15
6.032365378692547e-15
5.116800319806082e-15
-2.695524223748458e-15
1.029424272738714e-18
3.881890028643286e-16
-6.4732808633262e-17
9.058899458745977e-17
1.593797531553449e-18
3.874013918132887e-16
-6.488088275576414e-17
9.070748733749409e-17
2.073297089566495e-14
1.229549795311868e-14
-3.398370473917112e-14
-1.278033234797249e-14
