# Created from matlab git hash ec4862f6ba2edc4c1e4b8ea3bb8e13f636fd2b65
# name: foo
# type: matrix
# rows: 64
# columns: 1
0.9999833263855572
-1.443366040245665e-05
-3.726726630530605e-06
1.57498163085024e-11
8.764563742658433e-14
2.549846058758844e-15
-1.765737243046454e-12
6.734669417618273e-16
4.299118829293542e-14
-4.180516765209032e-14
-3.227177953138386e-14
2.041937483367847e-14
4.327276711549102e-14
4.516099155814684e-14
-3.246369829275094e-14
-2.168655672142545e-14
4.555632622886196e-14
-3.539512294735871e-14
-4.073683679805914e-14
1.947949640077783e-14
-4.074300114669807e-15
-2.997735258405595e-15
3.496328504643576e-15
1.78100013303865e-15
-6.677212611719701e-15
5.665022860702353e-15
5.050210062191005e-15
-2.5959325990192e-15
4.850675702920312e-14
3.832698737058163e-14
-4.255337640297355e-14
-2.044698616865343e-14
2.261439873106753e-15
1.309453985846918e-14
-4.100467107884258e-14
2.373791031955187e-14
4.841726132181435e-18
3.979084013860697e-16
-1.275011605119785e-16
7.115043063054456e-17
2.696497431379325e-18
3.956393360151768e-16
-1.251968517385134e-16
7.290160475379426e-17
-1.898124810172809e-15
-6.573230627784513e-16
3.083542221796945e-15
1.22956330682273e-15
-6.876348707108695e-15
5.828558750921684e-15
5.491092873765866e-15
-2.708430147110013e-15
1.591404232521468e-18
3.977776477464097e-16
-1.236993036241492e-16
7.126329293457684e-17
1.929751833579488e-18
3.967724633997858e-16
-1.232150852480758e-16
7.162444089328805e-17
2.19856200519263e-14
1.238690357934377e-14
-3.784713281781036e-14
-1.327821589600037e-14
