# Created from matlab git hash ec4862f6ba2edc4c1e4b8ea3bb8e13f636fd2b65
# name: foo
# type: matrix
# rows: 64
# columns: 1
0.9999833310729617
-1.443366047067507e-05
-3.726726686624939e-06
1.574895925982028e-11
3.576113973901828e-14
1.648839431123778e-15
-1.738328959254439e-12
8.571194361716506e-16
1.899016614385681e-14
-1.731040899346246e-14
-1.393880015714257e-14
8.381162024162611e-15
1.82554862668736e-14
1.93467220837382e-14
-1.346269166807812e-14
-9.140973174352323e-15
2.055892285687731e-14
-1.617557798847973e-14
-1.760342693705068e-14
8.685666155967606e-15
-1.10067248691928e-15
-7.367995703753163e-16
9.222083894459603e-16
5.048356376220567e-16
-3.233212638328934e-15
2.828681565373114e-15
2.273322477204841e-15
-1.21081333571985e-15
2.161472543197428e-14
1.73212830722844e-14
-1.827612418022215e-14
-9.015598319482898e-15
4.116680470349809e-15
9.781112677934138e-15
-1.86915489638958e-14
1.72730570915265e-14
1.410107396046644e-17
2.109149393836783e-16
-3.482598548180403e-17
6.073134964852632e-17
1.498374501142124e-18
2.199303736259469e-16
-2.618317098930632e-17
5.65704114011863e-17
-5.551855278678588e-16
-1.028999124233985e-16
8.686290117600924e-16
3.953523726403655e-16
-3.95854009367059e-15
3.455682463874644e-15
2.84158456626718e-15
-1.506771128620653e-15
3.124726765820735e-19
2.213128960718554e-16
-2.504369572963045e-17
5.574067809198168e-17
1.037744612156469e-18
2.20612218284734e-16
-2.541613718616549e-17
5.59308276026509e-17
1.08913688496307e-14
6.576377804122818e-15
-1.754314824247146e-14
-6.599074823342879e-15
