# Created from matlab git hash ec4862f6ba2edc4c1e4b8ea3bb8e13f636fd2b65
# name: foo
# type: matrix
# rows: 24
# columns: 1
0.9999832865424317
-1.443365978849564e-05
-3.726726574944024e-06
1.161642685209917e-11
1.701697070712216e-12
-1.051222275688262e-11
1.218441377891137e-13
1.19745711794423e-14
-7.216560100435552e-14
1.562783255281346e-12
-3.480696422767972e-14
-1.458711222423337e-12
-1.046297086017956e-14
8.385193171860066e-15
-6.228129592514468e-14
4.038885378714179e-14
1.67661389014555e-14
-4.404438279060901e-14
9.660390512873409e-14
-4.62487461515498e-14
-6.475293947172892e-14
8.007844749041797e-14
-3.212594486088311e-14
-5.616263696042158e-14
