# Created from matlab git hash ec4862f6ba2edc4c1e4b8ea3bb8e13f636fd2b65
# name: foo
# type: matrix
# rows: 24
# columns: 1
0.9999832959172769
-1.443365992818414e-05
-3.726726606622645e-06
1.161351257373811e-11
1.702109551899067e-12
-1.05073147376091e-11
1.093902746163167e-13
1.180966435754272e-14
-6.395617369037155e-14
1.561357695879045e-12
-3.79833942076857e-14
-1.458274599601018e-12
-1.266642346564595e-14
3.871902798380233e-15
-6.09290395914286e-14
3.819302675293323e-14
1.677662206586008e-14
-4.087227699566505e-14
9.730169595341136e-14
-4.900460743709776e-14
-6.256660640110436e-14
7.659306522356246e-14
-3.318617602943163e-14
-5.123956814401253e-14
