# Created from matlab git hash ec4862f6ba2edc4c1e4b8ea3bb8e13f636fd2b65
# name: foo
# type: matrix
# rows: 64
# columns: 1
0.9999833216981487
-1.443366033452328e-05
-3.726726583185465e-06
1.575023958939567e-11
1.291322604402012e-13
2.373334838932147e-15
-1.786455387326984e-12
1.613424969798204e-17
6.003864072567921e-14
-6.089262427622088e-14
-4.585887225516671e-14
2.995248493675717e-14
6.163491939048527e-14
6.424327736453961e-14
-4.690092758607989e-14
-3.120903535602792e-14
6.232880878087599e-14
-4.788125451682389e-14
-5.767031296954883e-14
2.693323342128906e-14
-7.181149409599551e-15
-5.413574943795971e-15
6.245791089988484e-15
3.097983769546616e-15
-9.00891054947358e-15
7.463773379019146e-15
7.194162565576185e-15
-3.600696694185899e-15
6.643841032882847e-14
5.188427465441236e-14
-6.009059916323167e-14
-2.824895872777233e-14
-1.584177233837637e-15
1.178968034309946e-14
-5.440403683110162e-14
2.013722522065109e-14
-2.162292134499373e-17
5.049616968180798e-16
-2.186811488900063e-16
4.179034536065552e-17
2.825302691940646e-18
4.788942457622109e-16
-2.354579876925658e-16
5.621177667538028e-17
-3.188699739689121e-15
-1.23682151560148e-15
5.32247505966107e-15
1.991650513846948e-15
-7.92062965809128e-15
6.529486484978607e-15
7.012890440747195e-15
-3.196673214462247e-15
3.310700443365911e-18
4.80770584764268e-16
-2.350001646970208e-16
5.41978872793328e-17
1.469378220865936e-18
4.806738592300324e-16
-2.321332350433348e-16
5.427404570606438e-17
2.739752869018729e-14
1.450550790593752e-14
-4.992672941739329e-14
-1.607092237065899e-14
