# Created from matlab git hash ec4862f6ba2edc4c1e4b8ea3bb8e13f636fd2b65
# name: foo
# type: matrix
# rows: 8
# columns: 1
0.9999832974027836
-1.443361345528069e-05
-3.604532314525863e-06
8.932654417585766e-09
-6.287937478129888e-07
8.908501049287309e-09
-6.396402753535877e-07
1.837838679517935e-08
