# Created from matlab git hash ec4862f6ba2edc4c1e4b8ea3bb8e13f636fd2b65
# name: foo
# type: matrix
# rows: 64
# columns: 1
0.9999833240418524
-1.443366036852458e-05
-3.726726607952731e-06
1.57499748855589e-11
1.07073804560303e-13
2.469999958310079e-15
-1.775262931732732e-12
4.142080773859462e-16
5.077199132655697e-14
-5.059985474038361e-14
-3.853600750158769e-14
2.484018330690988e-14
5.156524080619623e-14
5.394777519907631e-14
-3.906069971541404e-14
-2.609718046402163e-14
5.304661246079342e-14
-4.092674829170422e-14
-4.845152871113664e-14
2.281138148287375e-14
-5.513725845721731e-15
-4.106885373631287e-15
4.798254582709323e-15
2.394542177489069e-15
-7.811592682838979e-15
6.536291467111206e-15
6.110559525744744e-15
-3.084844066676265e-15
5.645570569330916e-14
4.428618807224325e-14
-5.049907148134668e-14
-2.39159558821626e-14
7.768365069413154e-16
1.276510338632199e-14
-4.667509371236222e-14
2.227317933411901e-14
-3.345885351512142e-18
4.47410761204961e-16
-1.724940212247249e-16
5.998312238060593e-17
3.072706130251364e-18
4.37263824680534e-16
-1.764310268748341e-16
6.602233333151984e-17
-2.470204269224295e-15
-9.003261600249624e-16
4.088593516711739e-15
1.553856647781889e-15
-7.379819233830336e-15
6.164008075465589e-15
6.213501676978057e-15
-2.932561626686708e-15
2.246532151986966e-18
4.394965545971998e-16
-1.749791444264535e-16
6.414893468610179e-17
2.055621363731866e-18
4.385216167465478e-16
-1.737296320168679e-16
6.456505345327213e-17
2.428709172196536e-14
1.324100924328189e-14
-4.30095842964466e-14
-1.438340491655638e-14
