# Created from matlab git hash ec4862f6ba2edc4c1e4b8ea3bb8e13f636fd2b65
# name: foo
# type: matrix
# rows: 8
# columns: 1
0.9999831518127572
-1.443256118971183e-05
-3.593158932064144e-06
3.562160440427102e-08
-6.018519394356365e-07
3.50106793090407e-08
-6.4399116825068e-07
7.279497746006214e-08
