# Created from matlab git hash ec4862f6ba2edc4c1e4b8ea3bb8e13f636fd2b65
# name: foo
# type: matrix
# rows: 8
# columns: 1
0.9999832612448851
-1.443348100488787e-05
-3.601057540239558e-06
1.700865721545968e-08
-6.2059113229706e-07
1.691631557920736e-08
-6.411462438970126e-07
3.496359288350583e-08
