# Created from matlab git hash ec4862f6ba2edc4c1e4b8ea3bb8e13f636fd2b65
# name: foo
# type: matrix
# rows: 8
# columns: 1
0.9999831520401099
-1.443267395594049e-05
-3.592562194621027e-06
3.694953349813422e-08
-6.004715178008433e-07
3.64017944285422e-08
-6.443672422252919e-07
7.562145072183347e-08
