# Created from matlab git hash ec4862f6ba2edc4c1e4b8ea3bb8e13f636fd2b65
# name: foo
# type: matrix
# rows: 24
# columns: 1
0.999983295917277
-1.44336599298451e-05
-3.726726605719772e-06
1.16168317383942e-11
1.703280256085116e-12
-1.050146914185612e-11
1.043355331359823e-13
1.100864011321468e-14
-6.130284574854494e-14
1.560302837472164e-12
-3.406905958154241e-14
-1.452191103181108e-12
-1.118129876979398e-14
4.689319428688471e-15
-5.642416095882923e-14
3.587074994191024e-14
1.547051781376407e-14
-3.841998607384252e-14
8.954891497180799e-14
-4.428662766279757e-14
-5.807946164693758e-14
7.155985722353722e-14
-3.027738366535313e-14
-4.847548733285093e-14
