# Created from matlab git hash ec4862f6ba2edc4c1e4b8ea3bb8e13f636fd2b65
# name: foo
# type: matrix
# rows: 24
# columns: 1
0.9999833240418147
-1.443366035867426e-05
-3.726726695371653e-06
1.162886767696761e-11
1.711654583330979e-12
-1.045123723562263e-11
3.65676378066837e-14
5.432099214885966e-15
-2.072442217837534e-14
1.549812708690573e-12
-1.931910187380481e-14
-1.413688487021282e-12
-8.231082482268448e-15
-3.22120108364743e-15
-2.488897976604676e-14
1.499946923295604e-14
7.430068890181564e-15
-1.424442850956514e-14
4.364064198698296e-14
-2.345075110929785e-14
-2.434777074614837e-14
3.030187212260671e-14
-1.545391592472356e-14
-1.72286629407381e-14
