# Created from matlab git hash ec4862f6ba2edc4c1e4b8ea3bb8e13f636fd2b65
# name: foo
# type: matrix
# rows: 8
# columns: 1
0.9999832973351561
-1.44335741339449e-05
-3.604711046749309e-06
8.535567901716343e-09
-6.292104944284307e-07
8.486681234704843e-09
-6.395175524566385e-07
1.75369503547521e-08
