# Created from matlab git hash ec4862f6ba2edc4c1e4b8ea3bb8e13f636fd2b65
# name: foo
# type: matrix
# rows: 8
# columns: 1
0.9999831883507692
-1.443289786909909e-05
-3.595632647907852e-06
2.977145610886899e-08
-6.077301741985855e-07
2.935023854573606e-08
-6.431431559637142e-07
6.093837163983029e-08
