# Created from matlab git hash ec4862f6ba2edc4c1e4b8ea3bb8e13f636fd2b65
# name: foo
# type: matrix
# rows: 64
# columns: 1
0.9999833216981469
-1.443366033468621e-05
-3.726726587846464e-06
1.574998973858926e-11
1.235577885979101e-13
2.246960964494261e-15
-1.782905690664647e-12
1.898750646711411e-16
5.675401742881354e-14
-5.77959050837077e-14
-4.355233333628265e-14
2.852265705445956e-14
5.788701134506271e-14
6.093410238043075e-14
-4.429468696139192e-14
-2.968626247823319e-14
5.837783908928997e-14
-4.471553922751227e-14
-5.445867348420495e-14
2.523631412329032e-14
-6.837983958427313e-15
-5.120300453920847e-15
6.037987469624079e-15
2.96121578516078e-15
-8.776417286383003e-15
7.251023166750464e-15
7.082533626230569e-15
-3.513213155857889e-15
6.196689838795945e-14
4.824752351770476e-14
-5.655140624545547e-14
-2.637607401700491e-14
-3.351579917820434e-16
1.233073934948537e-14
-4.985693500318861e-14
1.993576095077268e-14
-7.934270474368668e-18
4.829227989198846e-16
-2.162820525154528e-16
4.786013435522139e-17
3.26751249819649e-18
4.682029894254033e-16
-2.242440690729148e-16
5.669214476279526e-17
-2.947445297099423e-15
-1.088781695392175e-15
4.964347501759229e-15
1.80218548343724e-15
-7.630325448336644e-15
6.277747700416588e-15
6.756388780091365e-15
-3.044188179523477e-15
2.846228447125012e-18
4.70382058902625e-16
-2.229648888203593e-16
5.468301868279327e-17
1.99939001604758e-18
4.695713771202871e-16
-2.208495704675618e-16
5.508503366753368e-17
2.53003094970478e-14
1.333282461037071e-14
-4.598529939122524e-14
-1.45638453317185e-14
