# Created from matlab git hash ec4862f6ba2edc4c1e4b8ea3bb8e13f636fd2b65
# name: foo
# type: matrix
# rows: 24
# columns: 1
0.9999833052921224
-1.443366007052958e-05
-3.726726636901091e-06
1.161495507345615e-11
1.704208983638633e-12
-1.049391280593828e-11
8.935185924485722e-14
1.065392218890793e-14
-5.175970763104942e-14
1.558265280666255e-12
-3.584654795218966e-14
-1.449193863438004e-12
-1.309619079847835e-14
5.895284260759568e-17
-5.310907269517884e-14
3.273400733043156e-14
1.497540379293586e-14
-3.398496213374737e-14
8.738829587247131e-14
-4.527500770022492e-14
-5.384196731386748e-14
6.595557433541899e-14
-3.028305384233931e-14
-4.208577930597812e-14
