# Created from matlab git hash ec4862f6ba2edc4c1e4b8ea3bb8e13f636fd2b65
# name: foo
# type: matrix
# rows: 8
# columns: 1
0.9999832611224423
-1.443341221586589e-05
-3.601380641915218e-06
1.629057934835813e-08
-6.213430407894556e-07
1.615601809815487e-08
-6.409286735153943e-07
3.344001021907452e-08
