# Created from matlab git hash 23998a2ad3b03124e7bddb615f9834a5ccd2ca3a
# name: foo
# type: matrix
# rows: 1
# columns: 2
1 -1.732050807568877
