# Created from matlab git hash 23998a2ad3b03124e7bddb615f9834a5ccd2ca3a
# name: foo
# type: matrix
# rows: 10
# columns: 1
-0.9739065285171717
-0.8650633666889846
-0.6794095682990244
-0.4333953941292472
-0.1488743389816312
0.1488743389816312
0.4333953941292472
0.6794095682990244
0.8650633666889846
0.9739065285171717
