# Created from matlab git hash 23998a2ad3b03124e7bddb615f9834a5ccd2ca3a
# name: foo
# type: matrix
# rows: 10
# columns: 1
0.06667134430868717
0.1494513491505805
0.2190863625159821
0.2692667193099962
0.2955242247147529
0.2955242247147529
0.2692667193099962
0.2190863625159821
0.1494513491505805
0.06667134430868717
