result=[2.0000e+00   4.0000e+00   1.9260e-03   4.8892e-03
        2.0000e+00   5.0000e+00   7.4547e-04   2.5015e-03
        2.0000e+00   6.0000e+00   2.6950e-04   1.2665e-03
        2.0000e+00   7.0000e+00   1.3671e-04   6.5200e-04
        2.0000e+00   8.0000e+00   1.3671e-04   3.5972e-04
        2.0000e+00   9.0000e+00   1.3671e-04   2.3540e-04];%dt=1/10000
    
     A=[2.0000e+00   3.0000e+00   2.6043e-02   7.6432e-02
        2.0000e+00   4.0000e+00   1.3643e-02   4.3366e-02
        2.0000e+00   5.0000e+00   1.3643e-02   2.6690e-02
        2.0000e+00   6.0000e+00   1.3643e-02   2.0212e-02];%dt=1/1000

