# Created from matlab git hash c496e75d3aa38f3c5e4aa899deda5138159210be
# name: foo
# type: matrix
# rows: 8
# columns: 5
1 1 1 1 1
1 1 1 1 1
1 1 1 1 1
1 1 1 1 1
1 1 1 1 1
1 1 1 1 1
1 1 1 1 1
1 1 1 1 1
