# Created from matlab git hash 6547b69c581961a23835588a3f62f13f790954d6
# name: foo
# type: scalar
0.9991181296463766
