# Created from matlab git hash 20448e62cfb796cbc50ba721cc04821105301e56
# name: foo
# type: matrix
# rows: 1
# columns: 5
0.012 0.012 0.012 0.012 0.012
