%------------central flux-----------------------%
%-1.73205=<dt*lambda<=1.73205
%dt = 2^((-Lev)/3)*cfl                                 %cfl=0.01 T=1
A=[-1.7764e-15 + 3.2714e+01i  %lev=3  cfl=0.106     2.0000e+00   3.0000e+00   9.2786e-01   3.4846e+00
   -6.5725e-14 + 6.4279e+01i  %lev=4  cfl=0.0679    2.0000e+00   4.0000e+00   2.9513e-01   1.8872e+00
    4.9738e-14 + 2.5605e+02i  %lev=6  cfl=0.0271    2.0000e+00   5.0000e+00   1.7175e-01   1.4973e+00
    1.9469e-12 + 1.0240e+03i  %lev=8  cfl=0.0107
    1.9327e-12 + 2.0480e+03i];%lev=9  cfl=0.00677
 %deg=3
B=[1.5987e-14 + 6.6136e+01i   %lev=3   3.0000e+00   3.0000e+00   7.9840e-01   1.6139e+00
   1.4211e-14 + 1.2978e+02i   %lev=4   3.0000e+00   4.0000e+00   1.9997e-01   5.8786e-01
  -3.1442e-13 + 2.5903e+02i   %lev=5
  -5.8265e-13 + 5.1739e+02i]; %lev=6
 %deg=4
C=[-4.4409e-16 + 1.0997e+02i  %lev=3   4.0000e+00   3.0000e+00   6.3929e-03   3.1953e-02
    1.4211e-13 + 2.1464e+02i];%lev=4   4.0000e+00   4.0000e+00   5.0810e-03   1.2926e-02
 
%Full grid
%deg=2
[4.7874e-17 + 5.5214e+01i   %lev=3   2.0000e+00   3.0000e+00   2.4735e-01   1.5879e+00
 1.0658e-14 + 1.1043e+02i   %lev=4   2.0000e+00   4.0000e+00   1.2455e-01   8.3400e-01
-4.9738e-14 + 2.2157e+02i]; %lev=5   2.0000e+00   5.0000e+00   4.7599e-02   4.2085e-01   6465s
%deg=3
[-4.6057e-20 + 1.1152e+02i  %lev=3   3.0000e+00   3.0000e+00   6.4074e-03   2.2057e-02
  1.4211e-14 + 2.2303e+02i];%lev=4   3.0000e+00   4.0000e+00   5.0799e-03   1.2380e-02
%deg=4
[0.0000e+00 + 1.8157e+02i   %lev=3   4.0000e+00   3.0000e+00   6.4028e-03   1.6351e-02
 1.0604e-53 + 3.6786e+02i]; %lev=4   4.0000e+00   4.0000e+00   5.0798e-03   1.2361e-02
 
%-------------alternating flux------------------%
%deg=2 sparse grid
[1.9387e-26 + 5.1555e+01i  %lev=3  cfl=0.0672
 5.3291e-15 + 9.8146e+01i  %lev=4  cfl=0.0445
 0.0000e+00 + 1.9314e+02i  %lev=5  cfl=0.0285
-1.9895e-13 + 3.8458e+02i  %lev=6  cfl=0.0180
 2.8422e-14 + 1.5361e+03i  %lev=8  cfl=0.0072
-8.2423e-13 + 3.0721e+03i];%lev=9  cfl=0.0045

%------------up-winding flux--------------------%
%-2.5=<dt*lambda<=0
%deg=2 sparse grid
[-6.1620e+01 + 0.0000e+00i  %lev=3  cfl=0.081
 -1.0890e+02 + 0.0000e+00i  %lev=4  cfl=0.0578
 -2.0447e+02 + 0.0000e+00i  %lev=5  cfl=0.0388
 -3.9616e+02 + 0.0000e+00i  %lev=6  cfl=0.0252
 -1.4646e+03 + 0.0000e+00i  %lev=8  cfl=0.0108
 -2.9161e+03 + 0.0000e+00i];%lev=9  cfl=0.0069


