A=[-1.1464e+02 + 2.2476e+10i    %lev 4
-1.7787e+02 + 4.0416e+10i    %lev 5
-2.7558e+01 + 7.8539e+10i    %lev 6
-3.3258e+02 + 1.8371e+11i    %lev 7
-2.4787e+03 - 3.1139e+11i];   %lev 8


