A=[-1.1464e+02 + 2.2476e+10i    %lev 4
-1.7787e+02 + 4.0416e+10i    %lev 5
-2.7558e+01 + 7.8539e+10i    %lev 6
-3.3258e+02 + 1.8371e+11i    %lev 7
-2.4787e+03 - 3.1139e+11i];   %lev 8

B=[7.7062e-11
   4.2856e-11
   2.2053e-11
   9.4282e-12
   5.5623e-12];

C=[2.3148e-11
   1.1574e-11
   5.7870e-12
   2.8935e-12
   1.4468e-12];