Deg = 2
2.0000e+00   2.0000e+00   1.1198e+02   2.7495e-01
2.0000e+00   3.0000e+00   3.5964e+02   2.8488e-01
2.0000e+00   4.0000e+00   1.2738e+03   2.8942e-01
2.0000e+00   5.0000e+00   4.7269e+03   2.9163e-01
2.0000e+00   6.0000e+00   1.8117e+04   2.9274e-01

2.0000e+00   7.0000e+00   7.0807e+04   2.9330e-01
Deg = 3
3.0000e+00   2.0000e+00   5.0610e+02   1.3060e-02
3.0000e+00   3.0000e+00   1.5921e+03   3.2351e-03
3.0000e+00   4.0000e+00   2.3656e+03   8.1940e-04
3.0000e+00   5.0000e+00   8.3581e+03   2.0691e-04
3.0000e+00   6.0000e+00   7.7056e+04   5.2026e-05
   
Deg = 4
4.0000e+00   2.0000e+00   1.4080e+03   1.3166e-03
4.0000e+00   3.0000e+00   4.6992e+03   3.6711e-04
4.0000e+00   4.0000e+00   1.6722e+04   9.6457e-05
4.0000e+00   5.0000e+00   6.2842e+04   2.4702e-05
4.0000e+00   6.0000e+00   2.4328e+05   6.2491e-06

Deg = 5
5.0000e+00   2.0000e+00   3.2692e+03   2.8783e-05
5.0000e+00   3.0000e+00   1.1159e+04   1.7986e-06
5.0000e+00   4.0000e+00   4.0585e+04   1.1385e-07
5.0000e+00   5.0000e+00   1.5446e+05   7.1898e-09
5.0000e+00   6.0000e+00   6.0223e+05   4.4446e-10  

Deg = 6
6.0000e+00   2.0000e+00   6.5846e+03   2.6617e-06
6.0000e+00   3.0000e+00   2.2784e+04   1.5801e-07
6.0000e+00   4.0000e+00   8.3809e+04   9.6994e-09
6.0000e+00   5.0000e+00   3.2126e+05   5.9858e-10
6.0000e+00   6.0000e+00   1.2574e+06   6.6670e-11