G=[5.0000e+00   9.0000e+00   2.0000e+03   1.6625e-01   2.1860e-01
5.0000e+00   9.0000e+00   1.0000e+03   4.7238e-02   6.1536e-02
5.0000e+00   9.0000e+00   5.0000e+02   6.7593e-03   8.1885e-03
5.0000e+00   9.0000e+00   2.5000e+02   4.5824e-04   5.7715e-04
5.0000e+00   9.0000e+00   1.2500e+02   3.4280e-05   3.6494e-05
5.0000e+00   9.0000e+00   6.2500e+01   1.8716e-06   2.2844e-06
5.0000e+00   9.0000e+00   3.1250e+01   1.2388e-07   1.4282e-07];

T = 100;
dt = cfl*2^(-Lev)

