%----------------------Maxwell1-----------------------------%

%dt = 2^(-Lev)*cfl; MaxT =ceil(2/dt);
2.0000e+00   1.0000e+01   1.0000e+03   2.4878e-01   3.6881e-01
2.0000e+00   1.0000e+01   5.0000e+02   4.8290e-02   6.2549e-02
2.0000e+00   1.0000e+01   2.5000e+02   1.6433e-02   2.4366e-02
2.0000e+00   1.0000e+01   1.2500e+02   4.8602e-03   6.5439e-03
2.0000e+00   1.0000e+01   6.2500e+01   1.2164e-03   1.6358e-03
2.0000e+00   1.0000e+01   3.1250e+01   3.0198e-04   6.7462e-04
2.0000e+00   1.0000e+01   1.5625e+01   7.3458e-05   5.7045e-04
2.0000e+00   1.0000e+01   7.8125e+00   3.0314e-05   5.6057e-04    

%dt = 2^(-Lev/2)*cfl; MaxT =ceil(2/dt);
A=[2.0000e+00   1.0000e+01   2.5000e+01   1.8658e-01   2.8018e-01
2.0000e+00   1.0000e+01   1.2500e+01   3.2338e-02   4.7288e-02
2.0000e+00   1.0000e+01   6.2500e+00   1.1793e-02   1.6317e-02
2.0000e+00   1.0000e+01   3.1250e+00   3.1179e-03   4.2284e-03
2.0000e+00   1.0000e+01   1.5625e+00   7.7676e-04   1.0700e-03
2.0000e+00   1.0000e+01   7.8125e-01   1.9246e-04   5.9610e-04
2.0000e+00   1.0000e+01   3.9062e-01   4.6158e-05   5.6336e-04
2.0000e+00   1.0000e+01   1.9531e-01   3.0340e-05   5.6078e-04];

%----------------------Maxwell6------------------------------%

%dt = 2^(-Lev/2)*cfl; MaxT =ceil(2/dt);
2.0000e+00   1.0000e+01   5.0000e+01   1.0312e-01   1.3346e-01
2.0000e+00   1.0000e+01   2.5000e+01   2.5097e-02   3.2587e-02
2.0000e+00   1.0000e+01   1.2500e+01   6.3217e-03   8.2516e-03
2.0000e+00   1.0000e+01   6.2500e+00   1.5472e-03   2.0539e-03
2.0000e+00   1.0000e+01   3.1250e+00   3.8173e-04   6.1785e-04
2.0000e+00   1.0000e+01   1.5625e+00   9.4740e-05   4.7942e-04
2.0000e+00   1.0000e+01   7.8125e-01   2.3686e-05   3.7805e-04
2.0000e+00   1.0000e+01   3.9062e-01   1.9161e-05   3.6576e-04






