k = 100, Deg = 2, Sigma = 10
2.0000e+00   2.0000e+00   1.0000e+02   1.5625e+02   1.2271e+01   5.0921e-01
3.0000e+00   2.0000e+00   1.0000e+02   1.9531e+01   1.9334e+01   5.1730e-01
4.0000e+00   2.0000e+00   1.0000e+02   2.4414e+00   8.8406e+01   6.2488e-01
5.0000e+00   2.0000e+00   1.0000e+02   3.0518e-01   1.1657e+04   7.7660e-01
6.0000e+00   2.0000e+00   1.0000e+02   3.8147e-02   5.7226e+04   1.0280e+00
7.0000e+00   2.0000e+00   1.0000e+02   4.7684e-03   2.6580e+05   1.2818e+00
8.0000e+00   2.0000e+00   1.0000e+02   5.9605e-04   1.0115e+06   3.0571e-01
9.0000e+00   2.0000e+00   1.0000e+02   7.4506e-05   4.1672e+06   6.7855e-02
1.0000e+01   2.0000e+00   1.0000e+02   9.3132e-06   1.6004e+07   1.6348e-02
1.1000e+01   2.0000e+00   1.0000e+02   1.1642e-06   6.4707e+07   4.0479e-03
1.2000e+01   2.0000e+00   1.0000e+02   1.4552e-07   2.5715e+08   1.0095e-03
1.3000e+01   2.0000e+00   1.0000e+02   1.8190e-08   1.0251e+09   2.5223e-04
1.4000e+01   2.0000e+00   1.0000e+02   2.2737e-09   3.9523e+09   6.3043e-05

Sigma = 100
2.0000e+00   2.0000e+00   1.0000e+02   1.5625e+02   4.2458e+02   5.0770e-01
3.0000e+00   2.0000e+00   1.0000e+02   1.9531e+01   1.9177e+03   5.1741e-01
4.0000e+00   2.0000e+00   1.0000e+02   2.4414e+00   8.5227e+03   6.2492e-01
5.0000e+00   2.0000e+00   1.0000e+02   3.0518e-01   9.9470e+05   7.6738e-01
6.0000e+00   2.0000e+00   1.0000e+02   3.8147e-02   5.8000e+06   1.0363e+00
7.0000e+00   2.0000e+00   1.0000e+02   4.7684e-03   2.6770e+07   1.2833e+00
8.0000e+00   2.0000e+00   1.0000e+02   5.9605e-04   1.0681e+08   3.0589e-01
9.0000e+00   2.0000e+00   1.0000e+02   7.4506e-05   4.2090e+08   6.7864e-02
1.0000e+01   2.0000e+00   1.0000e+02   9.3132e-06   1.6350e+09   1.6349e-02
1.1000e+01   2.0000e+00   1.0000e+02   1.1642e-06   6.4612e+09   4.0480e-03
1.2000e+01   2.0000e+00   1.0000e+02   1.4552e-07   2.0605e+10   1.0095e-03
1.3000e+01   2.0000e+00   1.0000e+02   1.8190e-08   1.0354e+11   2.5218e-04
1.4000e+01   2.0000e+00   1.0000e+02   2.2737e-09   4.1342e+11   6.3566e-05

Deg = 3, Sigma = 10
2.0000e+00   3.0000e+00   1.0000e+02   7.8125e+01   2.3102e+01   5.9315e-01
3.0000e+00   3.0000e+00   1.0000e+02   9.7656e+00   1.3072e+02   6.2212e-01
4.0000e+00   3.0000e+00   1.0000e+02   1.2207e+00   7.6716e+03   6.9973e-01
5.0000e+00   3.0000e+00   1.0000e+02   1.5259e-01   1.0678e+05   1.6306e+00
6.0000e+00   3.0000e+00   1.0000e+02   1.9073e-02   3.0565e+05   1.7180e-01
7.0000e+00   3.0000e+00   1.0000e+02   2.3842e-03   1.2601e+06   1.0362e-02
8.0000e+00   3.0000e+00   1.0000e+02   2.9802e-04   4.7153e+06   6.7458e-04
9.0000e+00   3.0000e+00   1.0000e+02   3.7253e-05   1.8705e+07   4.7930e-05
1.0000e+01   3.0000e+00   1.0000e+02   4.6566e-06   7.0258e+07   4.1297e-06
1.1000e+01   3.0000e+00   1.0000e+02   5.8208e-07   3.0181e+08   4.3920e-07
1.2000e+01   3.0000e+00   1.0000e+02   7.2760e-08   1.1293e+09   5.2215e-08
1.3000e+01   3.0000e+00   1.0000e+02   9.0949e-09   4.5572e+09   6.4712e-09
1.4000e+01   3.0000e+00   1.0000e+02   1.1369e-09   1.8640e+10   1.4551e-09
sigma = 20
2.0000e+00   3.0000e+00   1.0000e+02   7.8125e+01   9.4153e+01   5.9309e-01
3.0000e+00   3.0000e+00   1.0000e+02   9.7656e+00   5.3945e+02   6.2209e-01
4.0000e+00   3.0000e+00   1.0000e+02   1.2207e+00   3.1078e+04   6.9993e-01
5.0000e+00   3.0000e+00   1.0000e+02   1.5259e-01   4.2921e+05   1.6208e+00
6.0000e+00   3.0000e+00   1.0000e+02   1.9073e-02   1.2370e+06   1.7403e-01
7.0000e+00   3.0000e+00   1.0000e+02   2.3842e-03   5.1351e+06   1.0539e-02
8.0000e+00   3.0000e+00   1.0000e+02   2.9802e-04   2.0673e+07   6.8682e-04
9.0000e+00   3.0000e+00   1.0000e+02   3.7253e-05   7.6644e+07   4.8764e-05
1.0000e+01   3.0000e+00   1.0000e+02   4.6566e-06   3.0605e+08   4.1938e-06
1.1000e+01   3.0000e+00   1.0000e+02   5.8208e-07   1.2220e+09   4.4533e-07
1.2000e+01   3.0000e+00   1.0000e+02   7.2760e-08   4.9109e+09   5.2810e-08
1.3000e+01   3.0000e+00   1.0000e+02   9.0949e-09   1.9575e+10   6.5986e-09
1.4000e+01   3.0000e+00   1.0000e+02   1.1369e-09   7.8165e+10   1.1373e-08

Sigma = 30
  2.0000e+00   3.0000e+00   1.0000e+02   7.8125e+01   2.1260e+02   5.9308e-01
   3.0000e+00   3.0000e+00   1.0000e+02   9.7656e+00   1.2171e+03   6.2208e-01
   4.0000e+00   3.0000e+00   1.0000e+02   1.2207e+00   7.4793e+04   6.9997e-01
   5.0000e+00   3.0000e+00   1.0000e+02   1.5259e-01   9.6665e+05   1.6191e+00
   6.0000e+00   3.0000e+00   1.0000e+02   1.9073e-02   2.7467e+06   1.7444e-01
   7.0000e+00   3.0000e+00   1.0000e+02   2.3842e-03   1.1755e+07   1.0572e-02
   8.0000e+00   3.0000e+00   1.0000e+02   2.9802e-04   4.6617e+07   6.8908e-04
   9.0000e+00   3.0000e+00   1.0000e+02   3.7253e-05   1.7079e+08   4.8918e-05
   1.0000e+01   3.0000e+00   1.0000e+02   4.6566e-06   6.4150e+08   4.2057e-06
   1.1000e+01   3.0000e+00   1.0000e+02   5.8208e-07   2.7874e+09   4.4668e-07
   1.2000e+01   3.0000e+00   1.0000e+02   7.2760e-08   1.1074e+10   5.2712e-08
   1.3000e+01   3.0000e+00   1.0000e+02   9.0949e-09   4.4143e+10   9.8148e-09
   1.4000e+01   3.0000e+00   1.0000e+02   1.1369e-09   1.7626e+11   4.9520e-08
   Deg = 4
   2.0000e+00   4.0000e+00   1.0000e+02   5.2083e+01   1.8445e+02   5.2935e-01
   3.0000e+00   4.0000e+00   1.0000e+02   6.5104e+00   2.7246e+02   6.1748e-01
   4.0000e+00   4.0000e+00   1.0000e+02   8.1380e-01   8.4434e+04   1.9964e+00
   5.0000e+00   4.0000e+00   1.0000e+02   1.0173e-01   1.6568e+05   9.0642e-02
   6.0000e+00   4.0000e+00   1.0000e+02   1.2716e-02   7.3369e+05   5.0550e-03
   7.0000e+00   4.0000e+00   1.0000e+02   1.5895e-03   3.2271e+06   1.9280e-04
   8.0000e+00   4.0000e+00   1.0000e+02   1.9868e-04   1.2866e+07   1.1158e-05
   9.0000e+00   4.0000e+00   1.0000e+02   2.4835e-05   4.8074e+07   7.0621e-07
   1.0000e+01   4.0000e+00   1.0000e+02   3.1044e-06   1.9631e+08   4.4412e-08
   1.1000e+01   4.0000e+00   1.0000e+02   3.8805e-07   7.6647e+08   2.7812e-09
   1.2000e+01   4.0000e+00   1.0000e+02   4.8506e-08   2.9741e+09   1.2712e-09
   1.3000e+01   4.0000e+00   1.0000e+02   6.0633e-09   8.3308e+09   2.2316e-10
   
   Deg = 3 kappa = 2^4, sigma = 4
   E1=[2.0000e+00   3.0000e+00   1.6000e+01   1.2800e+02   6.6218e+02   8.8047e-01
   3.0000e+00   3.0000e+00   1.6000e+01   3.2000e+01   4.4489e+03   1.2437e-01
   4.0000e+00   3.0000e+00   1.6000e+01   8.0000e+00   1.9846e+04   9.5631e-03
   5.0000e+00   3.0000e+00   1.6000e+01   2.0000e+00   7.2532e+04   7.5952e-04
   6.0000e+00   3.0000e+00   1.6000e+01   5.0000e-01   2.7835e+05   7.6009e-05
   7.0000e+00   3.0000e+00   1.6000e+01   1.2500e-01   1.0799e+06   8.7685e-06
   8.0000e+00   3.0000e+00   1.6000e+01   3.1250e-02   4.2456e+06   1.0663e-06
   9.0000e+00   3.0000e+00   1.6000e+01   7.8125e-03   1.6838e+07   1.3193e-07
   1.0000e+01   3.0000e+00   1.6000e+01   1.9531e-03   6.7055e+07   1.6423e-08
   1.1000e+01   3.0000e+00   1.6000e+01   4.8828e-04   2.6762e+08   2.0529e-09
   1.2000e+01   3.0000e+00   1.6000e+01   1.2207e-04   1.0693e+09   2.5797e-10
   1.3000e+01   3.0000e+00   1.6000e+01   3.0518e-05   4.2747e+09   1.9839e-09];
sigma= 2
E1=[2.0000e+00   3.0000e+00   1.6000e+01   1.2800e+02   1.0136e+02   8.7970e-01
   3.0000e+00   3.0000e+00   1.6000e+01   3.2000e+01   7.3166e+02   1.0271e-01
   4.0000e+00   3.0000e+00   1.6000e+01   8.0000e+00   3.2951e+03   6.0123e-03
   5.0000e+00   3.0000e+00   1.6000e+01   2.0000e+00   1.2055e+04   4.7907e-04
   6.0000e+00   3.0000e+00   1.6000e+01   5.0000e-01   4.6290e+04   5.0584e-05
   7.0000e+00   3.0000e+00   1.6000e+01   1.2500e-01   1.7963e+05   5.9290e-06
   8.0000e+00   3.0000e+00   1.6000e+01   3.1250e-02   7.0621e+05   7.2092e-07
   9.0000e+00   3.0000e+00   1.6000e+01   7.8125e-03   2.8009e+06   8.8967e-08
   1.0000e+01   3.0000e+00   1.6000e+01   1.9531e-03   1.1154e+07   1.1053e-08
   1.1000e+01   3.0000e+00   1.6000e+01   4.8828e-04   4.4517e+07   1.3778e-09
   1.2000e+01   3.0000e+00   1.6000e+01   1.2207e-04   1.7787e+08   1.9336e-10
   1.3000e+01   3.0000e+00   1.6000e+01   3.0518e-05   7.1107e+08   3.0582e-10];
kappa = 2^5
