k = 50
2  1.7275e+03   9.9997e-01
3  8.4071e+03   1.0005e+00
4  8.5270e+05   1.0285e+00
5  2.7127e+06   1.3461e+00
6  1.2747e+07   6.4798e-01
7  5.3286e+07   1.8213e-01
8  2.0026e+08   4.6170e-02
9  7.8453e+08   1.1572e-02
10 3.1744e+09   2.8945e-03

k = 50, Lev = 4
2  8.5270e+05   1.0285e+00
3  1.3338e+07   3.1914e+00
4  9.7082e+06   2.3536e-01
5  2.2922e+07   6.4964e-03
6  4.0724e+07   5.4865e-04
7  6.7290e+07   4.9847e-05
8  1.0157e+08   4.7451e-06
9  1.4801e+08   4.0527e-07
10 2.0419e+08   3.1287e-08

k = 100
2  4.2530e+02   1.0000e+00
3  1.9183e+03   9.9999e-01
4  8.9229e+03   1.0002e+00
5  9.9470e+05   1.0667e+00
6  5.8000e+06   1.1587e+00
7  2.6770e+07   1.1588e+00
8  1.0621e+08   3.5703e-01
9  4.0306e+08   9.1922e-02
10 1.6164e+09   2.3079e-02

2  8.5588e+03   1.0002e+00
3  9.3184e+05   1.0583e+00
4  4.9997e+06   1.6813e+00
5  8.9501e+06   6.4819e-01
6  2.1063e+07   1.4091e-01
7  3.2200e+07   2.2226e-02
8  4.9213e+07   1.2309e-03
9  7.1752e+07   1.8852e-04
10 9.9007e+07   2.8132e-05

k = 1000
1.2209e+01   1.0000e+00
2.1032e+01   1.0000e+00
7.7274e+01   1.0000e+00
3.0419e+02   1.0000e+00
1.2277e+03   1.0002e+00
5.2033e+03   9.9999e-01
6.4755e+04   9.9983e-01
3.3708e+07   1.1988e+00
1.7427e+08   1.3663e+00
7.0033e+08   1.4154e+00
2.7382e+09   1.2183e+00
1.0143e+10   3.5409e-01
4.1699e+10   8.9445e-02

Lev = 7
5.1871e+03   9.9999e-01
8.1075e+05   1.0008e+00
5.8906e+07   1.2017e+00
6.5935e+07   1.3300e+00
1.4856e+08   1.3742e+00
2.5761e+08   7.4398e-01
8  3.9384e+08   7.3092e-02
9  5.7604e+08   5.1751e-03
10 7.9021e+08   3.4962e-04
11 1.0754e+09   4.3149e-05

kh = 1
2     2     4     1 5.6412e+05   1.8813e-01
3     2     8     1 1.1870e+06   2.3333e-01
4     2    16     1 2.5689e+06   3.6822e-01
5     2    32     1 5.1722e+06   6.6728e-01
6     2    64     1 1.0191e+07   1.1399e+00
7     2   128     1 2.0938e+07   1.4683e+00
8     2   256     1 3.9974e+07   1.3351e+00
9     2   512     1 8.4975e+07   1.3322e+00
10    2  1024     1 1.6784e+08   1.3233e+00
11    2  2048     1 3.2984e+08   1.3142e+00
12    2  4096     1 6.8981e+08   1.3453e+00

kh = 1/2
2.0000e+00   2.0000e+00   2.0000e+00   5.0000e-01   9.4565e+05   5.1760e-02
3.0000e+00   2.0000e+00   4.0000e+00   5.0000e-01   2.2843e+06   4.3838e-02
4.0000e+00   2.0000e+00   8.0000e+00   5.0000e-01   4.9115e+06   5.9954e-02
5.0000e+00   2.0000e+00   1.6000e+01   5.0000e-01   1.0314e+07   9.5617e-02
6.0000e+00   2.0000e+00   3.2000e+01   5.0000e-01   2.0991e+07   1.8479e-01
7.0000e+00   2.0000e+00   6.4000e+01   5.0000e-01   4.2040e+07   3.6402e-01
8.0000e+00   2.0000e+00   1.2800e+02   5.0000e-01   8.4786e+07   7.0568e-01
9.0000e+00   2.0000e+00   2.5600e+02   5.0000e-01   1.7070e+08   1.2501e+00
1.0000e+01   2.0000e+00   5.1200e+02   5.0000e-01   3.4271e+08   1.5099e+00
1.1000e+01   2.0000e+00   1.0240e+03   5.0000e-01   6.8600e+08   1.4489e+00
1.2000e+01   2.0000e+00   2.0480e+03   5.0000e-01   1.3756e+09   1.3636e+00
1.3000e+01   2.0000e+00   4.0960e+03   5.0000e-01   2.7083e+09   1.4043e+00

kh = 1/4
2.0000e+00   2.0000e+00   1.0000e+00   2.5000e-01   1.2398e+06   1.2779e-02
3.0000e+00   2.0000e+00   2.0000e+00   2.5000e-01   3.7333e+06   1.0796e-02
4.0000e+00   2.0000e+00   4.0000e+00   2.5000e-01   8.9684e+06   9.5574e-03
5.0000e+00   2.0000e+00   8.0000e+00   2.5000e-01   1.9402e+07   1.4622e-02
6.0000e+00   2.0000e+00   1.6000e+01   2.5000e-01   4.0405e+07   2.3979e-02
7.0000e+00   2.0000e+00   3.2000e+01   2.5000e-01   7.6375e+07   4.7066e-02
8.0000e+00   2.0000e+00   6.4000e+01   2.5000e-01   1.6581e+08   9.4432e-02
9.0000e+00   2.0000e+00   1.2800e+02   2.5000e-01   3.3301e+08   1.9098e-01
1.0000e+01   2.0000e+00   2.5600e+02   2.5000e-01   6.6794e+08   3.7596e-01
1.1000e+01   2.0000e+00   5.1200e+02   2.5000e-01   1.3317e+09   7.2951e-01
1.2000e+01   2.0000e+00   1.0240e+03   2.5000e-01   2.6769e+09   1.2782e+00
1.3000e+01   2.0000e+00   2.0480e+03   2.5000e-01   5.3575e+09   1.5175e+00
1.4000e+01   2.0000e+00   4.0960e+03   2.5000e-01   1.0707e+10   1.4694e+00

kh = 2
2     2     8     2 1.9595e+05   6.0697e-01
3     2    16     2 3.8569e+05   9.0637e-01
4     2    32     2 1.0604e+06   1.3164e+00
5     2    64     2 2.2138e+06   1.1488e+00
6     2   128     2 4.4751e+06   1.1753e+00
7     2   256     2 8.6010e+06   1.2025e+00
8     2   512     2 1.0755e+07   1.1431e+00
9     2  1024     2 3.3600e+07   1.1803e+00
10    2  2048     2 6.1171e+07   1.1466e+00
11    2  4096     2 1.3307e+08   1.1716e+00
12    2  8192     2 1.6818e+08   1.1438e+00
13    2 16384     2 5.8079e+08   1.2058e+00

kh = 1, Deg = 3
2     3     4     1 3.0900e+06   7.7723e-03   7.7723e-03
3     3     8     1 6.6603e+06   7.2887e-03   7.2887e-03
4     3    16     1 1.3788e+07   9.2623e-03   9.2623e-03
5     3    32     1 2.8058e+07   1.4568e-02   1.4568e-02
6     3    64     1 5.6618e+07   2.6195e-02   2.6195e-02
7     3   128     1 1.0056e+08   4.9666e-02   4.9666e-02
8     3   256     1 2.2793e+08   9.8573e-02   9.8573e-02
9     3   512     1 4.5606e+08   1.9483e-01   1.9483e-01
10    3  1024     1 9.0727e+08   3.8535e-01   3.8535e-01
11    3  2048     1 1.8088e+09   7.4446e-01   7.4446e-01
12    3  4096     1 3.6356e+09   1.2960e+00   1.2960e+00
13    3  8192     1 7.2387e+09   1.5122e+00   1.5122e+00
14    3 16384     1 1.4600e+10   1.4765e+00   1.4765e+00

Deg = 2, k^3 h^2 = 1
2.0000e+00   2.0000e+00   2.5198e+00   1.0000e+00   8.3176e+05   7.8895e-02
3.0000e+00   2.0000e+00   4.0000e+00   1.0000e+00   2.2843e+06   4.3838e-02
4.0000e+00   2.0000e+00   6.3496e+00   1.0000e+00   6.0666e+06   2.9837e-02
5.0000e+00   2.0000e+00   1.0079e+01   1.0000e+00   1.5690e+07   2.4612e-02
6.0000e+00   2.0000e+00   1.6000e+01   1.0000e+00   4.0405e+07   2.3979e-02
7.0000e+00   2.0000e+00   2.5398e+01   1.0000e+00   9.2912e+07   2.3839e-02
8.0000e+00   2.0000e+00   4.0317e+01   1.0000e+00   2.5708e+08   2.4469e-02
9.0000e+00   2.0000e+00   6.4000e+01   1.0000e+00   6.4809e+08   2.3834e-02
1.0000e+01   2.0000e+00   1.0159e+02   1.0000e+00   1.6105e+09   2.3880e-02
1.1000e+01   2.0000e+00   1.6127e+02   1.0000e+00   4.0903e+09   2.3939e-02
1.2000e+01   2.0000e+00   2.5600e+02   1.0000e+00   1.0054e+10   2.4032e-02
1.3000e+01   2.0000e+00   4.0637e+02   1.0000e+00   2.3741e+10   2.4010e-02
1.4000e+01   2.0000e+00   6.4508e+02   1.0000e+00   6.4988e+10   2.4025e-02

k^3h^2 = 1/2
2.0000e+00   2.0000e+00   2.0000e+00   5.0000e-01   9.4565e+05   5.1760e-02
3.0000e+00   2.0000e+00   3.1748e+00   5.0000e-01   2.7516e+06   2.5458e-02
4.0000e+00   2.0000e+00   5.0397e+00   5.0000e-01   7.3493e+06   1.9036e-02
5.0000e+00   2.0000e+00   8.0000e+00   5.0000e-01   1.9402e+07   1.4622e-02
6.0000e+00   2.0000e+00   1.2699e+01   5.0000e-01   4.9847e+07   1.2294e-02
7.0000e+00   2.0000e+00   2.0159e+01   5.0000e-01   1.2663e+08   1.2074e-02
8.0000e+00   2.0000e+00   3.2000e+01   5.0000e-01   3.2125e+08   1.1825e-02
9.0000e+00   2.0000e+00   5.0797e+01   5.0000e-01   8.0960e+08   1.1888e-02
1.0000e+01   2.0000e+00   8.0635e+01   5.0000e-01   2.0379e+09   1.2127e-02
1.1000e+01   2.0000e+00   1.2800e+02   5.0000e-01   5.1297e+09   1.2096e-02
1.2000e+01   2.0000e+00   2.0319e+02   5.0000e-01   1.2907e+10   1.2065e-02
1.3000e+01   2.0000e+00   3.2254e+02   5.0000e-01   3.2239e+10   1.2050e-02
1.4000e+01   2.0000e+00   5.1200e+02   5.0000e-01   8.0599e+10   1.2030e-02

Algorithm 1
kh = 1
2     2     4     1 5.6412e+05   1.8813e-01
3     2     8     1 1.1870e+06   2.3333e-01
4     2    16     1 2.5689e+06   3.6822e-01
5     2    32     1 5.1722e+06   6.6728e-01
6     2    64     1 1.0191e+07   1.1399e+00
7     2   128     1 2.0938e+07   1.4683e+00
8     2   256     1 3.9974e+07   1.3351e+00
9     2   512     1 8.4975e+07   1.3322e+00
10    2  1024     1 1.6784e+08   1.3233e+00
11    2  2048     1 3.2984e+08   1.3142e+00
12    2  4096     1 6.8981e+08   1.3453e+00

