Deg = 6
8.0000e+00   6.0000e+00   1.0000e+03   3.0518e+03   2.1455e+05   2.8584e-02
8.0000e+00   6.0000e+00   1.0000e+03   3.0518e+03   1.9159e+05   3.9255e-02

Deg = 10
8.0000e+00   1.0000e+01   1.0000e+03   1.6954e+03   1.8069e+06   3.3145e-07
8.0000e+00   1.0000e+01   1.0000e+03   1.6954e+03   1.6933e+06   3.5614e-07

Deg = 5, Lev = 8
sigma =1e-2i; rho = 1e-2i;%0;%1e-2i;%1i;
8.0000e+00   5.0000e+00   1.0000e+03   3.8147e+03   9.7931e+04   2.7351e-01
sigma =1e-1i; rho = 1e-1i;%0;%1e-2i;%1i;
8.0000e+00   5.0000e+00   1.0000e+03   3.8147e+03   8.3516e+04   3.1293e-01
sigma =1e-4i; rho = 1e-4i;%0;%1e-2i;%1i;
8.0000e+00   5.0000e+00   1.0000e+03   3.8147e+03   1.0001e+05   2.7964e-01
sigma =1e-3i; rho = 1e-3i;%0;%1e-2i;%1i;
8.0000e+00   5.0000e+00   1.0000e+03   3.8147e+03   9.9756e+04   2.7890e-01
sigma =1e-0i; rho = 1e-0i;%0;%1e-2i;%1i;
8.0000e+00   5.0000e+00   1.0000e+03   3.8147e+03   3.5516e+05   3.9526e-01
sigma =1e-0i; rho = 1e-3i;%0;%1e-2i;%1i;
8.0000e+00   5.0000e+00   1.0000e+03   3.8147e+03   1.3539e+05   2.7794e-01
sigma =1e-1i; rho = 1e-3i;%0;%1e-2i;%1i;
8.0000e+00   5.0000e+00   1.0000e+03   3.8147e+03   1.0011e+05   2.7889e-01
sigma =1e-1i; rho = 1e-4i;%0;%1e-2i;%1i;
8.0000e+00   5.0000e+00   1.0000e+03   3.8147e+03   1.0037e+05   2.7962e-01
Method 2
sigma = 1.001
8.0000e+00   5.0000e+00   1.0000e+03   3.8147e+03   8.6786e+04   2.8198e-01
sigma = 1.01
8.0000e+00   5.0000e+00   1.0000e+03   3.8147e+03   8.6546e+04   2.8205e-01
sigma = 1.1
8.0000e+00   5.0000e+00   1.0000e+03   3.8147e+03   8.4033e+04   2.8289e-01
sigma = 2
8.0000e+00   5.0000e+00   1.0000e+03   3.8147e+03   6.1675e+04   2.7062e-01
sigma = 2.1
8.0000e+00   5.0000e+00   1.0000e+03   3.8147e+03   7.2599e+04   2.7185e-01
sigma = 4
8.0000e+00   5.0000e+00   1.0000e+03   3.8147e+03   4.7185e+05   2.7569e-01
sigma = 10
8.0000e+00   5.0000e+00   1.0000e+03   3.8147e+03   3.4743e+06   2.7624e-01

Deg = 6, Lev = 8
sigma =1e-1i;rho = 1e-1i;%0;%1e-2i;%1i;
8.0000e+00   6.0000e+00   1.0000e+03   3.0518e+03   2.6974e+05   2.9236e-02
sigma =1e-2i;rho = 1e-2i;%0;%1e-2i;%1i;
8.0000e+00   6.0000e+00   1.0000e+03   3.0518e+03   2.1713e+05   2.8595e-02
sigma =1e-3i;rho = 1e-3i;%0;%1e-2i;%1i;
8.0000e+00   6.0000e+00   1.0000e+03   3.0518e+03   2.1455e+05   2.8584e-02
sigma = 2, rho =1e-3i
8.0000e+00   6.0000e+00   1.0000e+03   3.0518e+03   1.3340e+05   1.9937e-03
Method 2
sigma = 1.1
8.0000e+00   6.0000e+00   1.0000e+03   3.0518e+03   1.8679e+05   4.4050e-02
sigma =2
8.0000e+00   6.0000e+00   1.0000e+03   3.0518e+03   1.3367e+05   1.9937e-03
sigma = 2.1
8.0000e+00   6.0000e+00   1.0000e+03   3.0518e+03   1.3197e+05   1.7573e-03
sigma = 2.2
8.0000e+00   6.0000e+00   1.0000e+03   3.0518e+03   1.3885e+05   3.8877e-03
simga = 3
8.0000e+00   6.0000e+00   1.0000e+03   3.0518e+03   3.6045e+05   1.0909e-02