Algorithm 1, sigma = i, rho = i
Deg = 2, k = 100
2.0000e+00   2.0000e+00   1.0000e+02   1.1582e+00   1.0001e+00
3.0000e+00   2.0000e+00   1.0000e+02   1.5200e+00   9.9995e-01
4.0000e+00   2.0000e+00   1.0000e+02   3.0385e+00   1.0003e+00
5.0000e+00   2.0000e+00   1.0000e+02   1.0248e+01   9.9903e-01
6.0000e+00   2.0000e+00   1.0000e+02   5.6453e+01   9.9575e-01
7.0000e+00   2.0000e+00   1.0000e+02   4.5529e+02   9.7744e-01
8.0000e+00   2.0000e+00   1.0000e+02   4.7444e+03   8.9823e-01
9.0000e+00   2.0000e+00   1.0000e+02   6.0334e+04   6.0453e-01
1.0000e+01   2.0000e+00   1.0000e+02   5.2329e+05   2.3333e-01
1.1000e+01   2.0000e+00   1.0000e+02   2.2140e+06   6.6436e-02
1.2000e+01   2.0000e+00   1.0000e+02   9.1296e+06   1.7188e-02
1.3000e+01   2.0000e+00   1.0000e+02   4.0661e+07   4.3346e-03
1.4000e+01   2.0000e+00   1.0000e+02   1.6472e+08   1.0860e-03

Deg = 3
2.0000e+00   3.0000e+00   1.0000e+02   2.0832e+00   1.0048e+00
3.0000e+00   3.0000e+00   1.0000e+02   4.6271e+00   1.0027e+00
4.0000e+00   3.0000e+00   1.0000e+02   2.5908e+01   9.9775e-01
5.0000e+00   3.0000e+00   1.0000e+02   7.2900e+03   2.0380e+00
6.0000e+00   3.0000e+00   1.0000e+02   1.9907e+04   5.9825e-01
7.0000e+00   3.0000e+00   1.0000e+02   8.7308e+04   4.1151e-02
8.0000e+00   3.0000e+00   1.0000e+02   3.3647e+05   2.6178e-03
9.0000e+00   3.0000e+00   1.0000e+02   1.2656e+06   1.8253e-04
1.0000e+01   3.0000e+00   1.0000e+02   4.7538e+06   1.5390e-05
1.1000e+01   3.0000e+00   1.0000e+02   2.0656e+07   1.6119e-06
1.2000e+01   3.0000e+00   1.0000e+02   8.2066e+07   1.9051e-07
1.3000e+01   3.0000e+00   1.0000e+02   3.2712e+08   2.3461e-08
1.4000e+01   3.0000e+00   1.0000e+02   1.3062e+09   2.9174e-09

Deg = 4
2.0000e+00   4.0000e+00   1.0000e+02   4.5044e+00   9.9962e-01
3.0000e+00   4.0000e+00   1.0000e+02   2.6046e+01   9.9246e-01
4.0000e+00   4.0000e+00   1.0000e+02   3.9942e+03   1.3561e+00
5.0000e+00   4.0000e+00   1.0000e+02   1.3596e+04   5.1498e-01
6.0000e+00   4.0000e+00   1.0000e+02   7.1645e+04   1.0919e-02
7.0000e+00   4.0000e+00   1.0000e+02   3.1103e+05   3.6002e-04
8.0000e+00   4.0000e+00   1.0000e+02   1.3778e+06   2.0028e-05
9.0000e+00   4.0000e+00   1.0000e+02   5.3755e+06   1.2515e-06
1.0000e+01   4.0000e+00   1.0000e+02   2.1022e+07   7.8413e-08
1.1000e+01   4.0000e+00   1.0000e+02   8.3021e+07   4.9050e-09
1.2000e+01   4.0000e+00   1.0000e+02   3.2984e+08   3.0769e-10
1.3000e+01   4.0000e+00   1.0000e+02   1.3148e+09   3.2808e-11
1.4000e+01   4.0000e+00   1.0000e+02   5.0691e+09   1.0108e-10

k = 1000, Deg = 10

2.0000e+00   1.0000e+01   1.0000e+03   5.5195e+00   1.0002e+00
3.0000e+00   1.0000e+01   1.0000e+03   2.0889e+01   9.9935e-01
4.0000e+00   1.0000e+01   1.0000e+03   1.3326e+02   1.0006e+00
5.0000e+00   1.0000e+01   1.0000e+03   5.8817e+03   1.0225e+00
6.0000e+00   1.0000e+01   1.0000e+03   8.7972e+05   1.1807e+00
7.0000e+00   1.0000e+01   1.0000e+03   3.9666e+06   5.0035e-04
8.0000e+00   1.0000e+01   1.0000e+03   1.5959e+07   3.9564e-07
9.0000e+00   1.0000e+01   1.0000e+03   5.9838e+07   4.1797e-10
1.0000e+01   1.0000e+01   1.0000e+03   2.1907e+08   8.6423e-13
1.1000e+01   1.0000e+01   1.0000e+03   8.4441e+08   3.1964e-13
1.2000e+01   1.0000e+01   1.0000e+03   3.1815e+09   9.0227e-12

Deg = 50
2.0000e+00   5.0000e+01   1.0000e+03   1.0793e+07   1.0043e+00
3.0000e+00   5.0000e+01   1.0000e+03   1.4722e+07   9.5460e-01
4.0000e+00   5.0000e+01   1.0000e+03   2.2330e+08   2.1712e-07
5.0000e+00   5.0000e+01   1.0000e+03   8.8704e+08   1.8122e-12
6.0000e+00   5.0000e+01   1.0000e+03   3.3972e+09   4.2726e-13
7.0000e+00   5.0000e+01   1.0000e+03   1.1931e+10   3.7952e-13
8.0000e+00   5.0000e+01   1.0000e+03   4.8056e+10   3.4595e-13

Deg = 80
2.0000e+00   8.0000e+01   1.0000e+03   3.2618e+11   9.8900e-01
3.0000e+00   8.0000e+01   1.0000e+03   9.3585e+09   3.5832e-05
4.0000e+00   8.0000e+01   1.0000e+03   2.8903e+09   1.3686e-11
5.0000e+00   8.0000e+01   1.0000e+03   9.0580e+09   8.3590e-13
6.0000e+00   8.0000e+01   1.0000e+03   3.5134e+10   3.0258e-13


Algorithm 2

2.0000e+00   2.0000e+00   1.0000e+02   6.8553e+01   9.9999e-01
3.0000e+00   2.0000e+00   1.0000e+02   3.0810e+02   9.9999e-01
4.0000e+00   2.0000e+00   1.0000e+02   1.4268e+03   1.0002e+00
5.0000e+00   2.0000e+00   1.0000e+02   1.9059e+05   1.0667e+00
6.0000e+00   2.0000e+00   1.0000e+02   9.2734e+05   1.1586e+00
7.0000e+00   2.0000e+00   1.0000e+02   4.2809e+06   1.1588e+00
8.0000e+00   2.0000e+00   1.0000e+02   1.6984e+07   3.5702e-01
9.0000e+00   2.0000e+00   1.0000e+02   6.6648e+07   9.1922e-02
1.0000e+01   2.0000e+00   1.0000e+02   2.6436e+08   2.3079e-02
1.1000e+01   2.0000e+00   1.0000e+02   1.0451e+09   5.7748e-03
1.2000e+01   2.0000e+00   1.0000e+02   3.8673e+09   1.4440e-03
1.3000e+01   2.0000e+00   1.0000e+02   1.6557e+10   3.6100e-04
1.4000e+01   2.0000e+00   1.0000e+02   6.6113e+10   9.0262e-05

Deg = 3
2.0000e+00   3.0000e+00   1.0000e+02   8.0353e+02   1.0052e+00
3.0000e+00   3.0000e+00   1.0000e+02   4.8797e+03   1.0054e+00
4.0000e+00   3.0000e+00   1.0000e+02   3.3536e+05   1.0583e+00
5.0000e+00   3.0000e+00   1.0000e+02   3.8688e+06   1.6943e+00
6.0000e+00   3.0000e+00   1.0000e+02   1.1186e+07   2.1366e-01
7.0000e+00   3.0000e+00   1.0000e+02   4.6086e+07   1.4898e-02
8.0000e+00   3.0000e+00   1.0000e+02   1.7245e+08   9.7654e-04
9.0000e+00   3.0000e+00   1.0000e+02   7.2284e+08   6.8478e-05
1.0000e+01   3.0000e+00   1.0000e+02   2.8270e+09   5.7745e-06
1.1000e+01   3.0000e+00   1.0000e+02   1.1038e+10   6.0287e-07
1.2000e+01   3.0000e+00   1.0000e+02   2.9078e+10   7.3434e-08
1.3000e+01   3.0000e+00   1.0000e+02   1.6666e+11   1.2471e-08
1.4000e+01   3.0000e+00   1.0000e+02   7.0600e+11   4.8778e-08

Deg = 4
2.0000e+00   4.0000e+00   1.0000e+02   4.6312e+03   1.0000e+00
3.0000e+00   4.0000e+00   1.0000e+02   2.8915e+05   1.0293e+00
4.0000e+00   4.0000e+00   1.0000e+02   3.1995e+06   1.6814e+00
5.0000e+00   4.0000e+00   1.0000e+02   8.8659e+06   3.6222e-01
6.0000e+00   4.0000e+00   1.0000e+02   4.7986e+07   4.2504e-03
7.0000e+00   4.0000e+00   1.0000e+02   1.9777e+08   1.1934e-04
8.0000e+00   4.0000e+00   1.0000e+02   7.7623e+08   6.3167e-06
9.0000e+00   4.0000e+00   1.0000e+02   3.1553e+09   3.8874e-07
1.0000e+01   4.0000e+00   1.0000e+02   1.2600e+10   2.4331e-08
1.1000e+01   4.0000e+00   1.0000e+02   5.1494e+10   1.0706e-08
1.2000e+01   4.0000e+00   1.0000e+02   1.8345e+11   1.1981e-08
1.3000e+01   4.0000e+00   1.0000e+02   8.1551e+11   2.5241e-08
1.4000e+01   4.0000e+00   1.0000e+02   3.2563e+12   8.4363e-07

k = 1000

2.0000e+00   1.0000e+01   1.0000e+03   5.7663e+03   1.0002e+00
3.0000e+00   1.0000e+01   1.0000e+03   2.8495e+04   9.9948e-01
4.0000e+00   1.0000e+01   1.0000e+03   5.6515e+06   1.0081e+00
5.0000e+00   1.0000e+01   1.0000e+03   4.8879e+07   1.1718e+00
6.0000e+00   1.0000e+01   1.0000e+03   7.9577e+08   1.3338e+00
7.0000e+00   1.0000e+01   1.0000e+03   3.1832e+09   3.4964e-04
8.0000e+00   1.0000e+01   1.0000e+03   1.2832e+10   2.8003e-07
9.0000e+00   1.0000e+01   1.0000e+03   4.7920e+10   7.5749e-09
1.0000e+01   1.0000e+01   1.0000e+03   1.5345e+11   3.2964e-08
1.1000e+01   1.0000e+01   1.0000e+03   6.7756e+11   5.5108e-08


   