# Created from matlab git hash 00e16b208fbf08652b67ace82ddc532522841f31
# name: foo
# type: matrix
# rows: 96
# columns: 96
0 0 0 0 0 0 0 0 0 0 0 0 0 0 0 0 0 0 0 0 0 0 0 0 0 0 0 0 0 0 0 0 0 0 0 0 0 0 0 0 0 0 0 0 0 0 0 0 0 0 0 0 0 0 0 0 0 0 0 0 0 0 0 0 0 0 0 0 0 0 0 0 0 0 0 0 0 0 0 0 0 0 0 0 0 0 0 0 0 0 0 0 0 0 0 0
-1.110223024625157e-15 2.012279232133096e-16 -1.936491673103676 -1.426810058990924e-16 -1.499999999999942 1.387778780781446e-17 1.369306393762894 -1.06066017177978 -0.612372435695783 -1.369306393762894 -1.06066017177978 0.6123724356957829 1.93649167310368 -1.499999999999946 -0.8660254037844231 1.71169671132904e-15 4.850388155126597e-15 -6.841654122157196e-16 -1.728629024389737e-15 4.865055871410752e-15 7.026840459656384e-16 -1.93649167310368 -1.499999999999946 0.8660254037844229 2.738612787525795 -2.121320343559573 -1.224744871391568 1.434028594071091e-15 3.664110133969001e-15 -5.066524643845033e-16 -1.298776136331732e-15 3.610914317223162e-15 5.884294127910553e-16 3.756340445063668e-15 5.560516055897573e-15 -1.688203536052643e-15 -3.789272204413812e-15 5.550335163365232e-15 1.684774649608398e-15 1.32653171194736e-15 3.584312854074069e-15 -5.069015594683843e-16 -1.324769001777968e-15 3.672042329731282e-15 5.398571554637047e-16 -2.738612787525795 -2.121320343559574 1.224744871391568 3.872983346207379 -2.999999999999917 -1.732050807568852 1.09906472107864e-15 1.586275865915754e-15 -2.976873819630733e-16 -7.85046229341886e-16 1.507771242981562e-15 3.600347852307413e-16 2.512147933894035e-15 2.767881007311271e-15 -1.059280520474019e-15 -2.512147933894035e-15 2.807133318778368e-15 1.201042888867063e-15 7.85046229341886e-16 1.659794791593764e-15 -3.226390750516091e-16 -7.457939178747917e-16 1.531057513334451e-15 3.784334759381693e-16 5.966351342998333e-15 5.226887536787548e-15 -2.663071266643356e-15 -5.966351342998333e-15 5.221980997854161e-15 2.646435732775086e-15 7.85046229341886e-16 1.659794791593764e-15 -2.948834994359802e-16 -7.85046229341886e-16 1.507771242981562e-15 4.224848303659064e-16 2.512147933894035e-15 2.807133318778368e-15 -1.102315825161009e-15 -2.512147933894035e-15 2.78750716304482e-15 1.091422527668093e-15 1.09906472107864e-15 1.811818340205965e-15 -2.60189029916444e-16 -1.256073966947018e-15 1.738299414527956e-15 3.988642661270915e-16 -3.872983346207379 -2.999999999999917 1.732050807568852
1.52655665885959e-16 1.936491673103674 -1.150800687831735e-16 -4.16894222633661e-15 -1.13497278081639e-17 8.844419879631971e-15 -1.229780031064207e-15 -2.272618290745874e-15 3.03142927426947e-15 -1.265479577839599e-15 2.234555608513453e-15 3.017443066244407e-15 -3.608399106880544e-15 -4.697991156988649e-15 2.564029717710969e-15 2.581967170883082e-15 -3.337640618167981e-15 -2.554380318375848e-16 2.526202241016134e-15 3.231936816403359e-15 -3.537751688820201e-16 -3.513093127711179e-15 4.82276454157142e-15 2.638405986743475e-15 -3.124995921754965e-15 -4.702228827202786e-15 1.745131816832668e-15 -1.237616779892197e-15 -7.573358767940668e-15 9.107298248878237e-16 2.660306870627683e-15 -5.500012828850511e-15 -9.566999970012091e-16 9.299202033408168e-16 -1.967884165725964e-15 -2.623769257414921e-16 9.038993512011639e-16 1.722656069334446e-15 -2.597748405275269e-16 2.756584023544389e-15 5.425705636065311e-15 -9.853229343548264e-16 -1.280984866791627e-15 7.552438192348906e-15 7.93202309390395e-16 -3.238690397313282e-15 4.574076237079373e-15 1.74122868901172e-15 -2.481482065560368e-15 -1.247996241677947e-15 1.352216949523921e-15 -1.884110950420526e-15 -5.101824477744589e-15 1.008741701280513e-15 2.47289562242694e-15 -4.141992686589434e-15 -1.052977149917922e-15 -4.415885040048109e-15 -5.858838646039446e-15 2.016616040823038e-15 4.975230478454203e-15 -5.452126887061324e-15 -2.013146593871085e-15 -6.182239056067351e-16 -1.477773486125936e-15 4.874572967494828e-16 9.935741340108246e-16 -1.124184422976762e-15 -4.458239333260394e-16 4.121492704044901e-16 4.087836087641937e-16 -2.827599265842196e-16 5.225463964056929e-16 -2.178650433892661e-16 -2.723515857283587e-16 9.518685530770367e-16 1.076112049890179e-15 -3.469446951953614e-16 -6.771023728073767e-16 1.657366535358094e-15 2.983724378680108e-16 5.043922023521618e-15 5.485345362988435e-15 -2.090341788552053e-15 -4.435511195781655e-15 5.85854533699676e-15 2.069525106840331e-15 2.512147933894035e-15 4.259149105071338e-15 -1.069457022939702e-15 -1.844858638953432e-15 5.037345009472795e-15 9.540979117872439e-16 -1.859974732685769e-15 1.5021460223772e-15 1.530026105811544e-15
5.551115123125783e-17 2.185751579730777e-16 -1.595945597898663e-16 1.0321604682062e-16 4.423544863740858e-16 0 3.535533905932671 2.255140518769849e-16 -1.581138830084165 -3.535533905932671 -1.179611963664229e-16 1.581138830084165 2.499999999999955 -1.936491673103633 -1.118033988749875 2.499999999999955 1.936491673103632 -1.118033988749874 -2.499999999999955 1.936491673103633 1.118033988749875 -2.499999999999955 -1.936491673103632 1.118033988749874 3.535533905932685 -2.738612787525729 -1.58113883008416 -3.932184439170427e-15 4.183113633739846e-15 2.671474153004283e-16 -4.010246995589378e-15 -4.409404422069286e-15 1.561251128379126e-16 3.535533905932685 2.738612787525729 -1.581138830084161 -3.535533905932684 2.738612787525728 1.58113883008416 3.932184439170427e-15 -4.183113633739846e-15 -2.671474153004283e-16 4.010246995589378e-15 4.409404422069286e-15 -1.561251128379126e-16 -3.535533905932685 -2.738612787525729 1.581138830084161 4.99999999999994 -3.872983346207293 -2.236067977499753 2.355138688025658e-15 7.151991386836364e-15 -1.543903893619358e-15 -4.150931937645222e-15 5.355760725060538e-15 1.474514954580286e-15 -8.831770080096217e-16 6.600331019903246e-16 -5.898059818321144e-17 -1.010747020277678e-15 -9.128402973820024e-16 -3.816391647148976e-17 -4.042988081110712e-15 -5.601050730745787e-15 1.356553758213863e-15 2.237381753624375e-15 -7.27507688019768e-15 -1.554312234475219e-15 4.99999999999994 3.872983346207293 -2.236067977499753 -4.99999999999994 3.872983346207293 2.236067977499752 -2.355138688025658e-15 -7.151991386836364e-15 1.543903893619358e-15 4.150931937645222e-15 -5.355760725060538e-15 -1.474514954580286e-15 8.831770080096217e-16 -6.600331019903246e-16 5.898059818321144e-17 1.010747020277678e-15 9.128402973820024e-16 3.816391647148976e-17 4.042988081110712e-15 5.601050730745787e-15 -1.356553758213863e-15 -2.237381753624375e-15 7.27507688019768e-15 1.554312234475219e-15 -4.99999999999994 -3.872983346207293 2.236067977499753
