# Created from matlab git hash 44e5d814ece930399b58c9298dbb19a28bd9b520
# name: foo
# type: matrix
# rows: 64
# columns: 64
1 4.426841865561729e-33 1.013792303956518e-32 -1.723113958236594e-32 -6.341627953825226e-33 -1.466550307880082e-34 -7.439782652290978e-33 -4.325569502166036e-33 -1.330509757608226e-32 8.84343704478251e-35 1.527521523675443e-33 -4.217101497310843e-35 -9.791459319919939e-34 -1.452309584974382e-33 -4.635454298396554e-33 5.356079683320928e-34 3.695831698676978e-34 5.274653484103468e-34 -8.078912114320474e-34 -2.480138929810402e-33 -4.007888078955992e-34 5.274653485173539e-34 -2.34863516692189e-33 -9.393949743166517e-34 -4.007888078882952e-34 -2.429066293346249e-34 7.328527440808613e-34 -9.393949743042843e-34 3.695831698648415e-34 -2.42906629232704e-34 -2.348635166935607e-33 6.013489811951185e-34 4.743800304631857e-47 1.849898288293989e-35 6.195352569482657e-34 9.65180888407488e-34 -5.049589446899056e-47 -5.575141414418525e-36 2.160279212470403e-33 7.128156710447534e-33 8.179833356720456e-47 4.257310719528358e-35 -9.212086985490645e-34 -2.116307022612321e-33 -9.139692950134612e-47 -5.575141403612516e-36 -9.212086985554361e-34 -2.11630702261465e-33 1.47081873006854e-48 -5.575141420985743e-36 6.195352569491415e-34 9.651808884067662e-34 1.756129007651585e-47 1.849898289146742e-35 6.195352569603957e-34 9.651808884074471e-34 5.684864213635315e-47 1.84989828913641e-35 6.195352569590382e-34 -2.116307022612786e-33 -9.584007150884144e-47 -5.575141404441116e-36 6.195352569512873e-34 4.04666879942624e-33
5.98158818915031e-33 1 -3.40223995927394e-33 5.346030077003476e-31 -4.996218172343584e-33 3.480857276947223e-31 8.758115402030107e-46 1.028037846208418e-30 -9.417102008677721e-33 9.902251996619725e-32 1.921947877947983e-33 1.87022042756248e-31 3.514129351788814e-33 1.214695260207506e-31 4.217391875254673e-33 -1.963995017035425e-33 -8.42454295329404e-34 5.777314984477163e-32 2.488915201837784e-33 4.022313375370295e-32 -1.840285338274784e-34 5.992233315118085e-32 1.253505266915559e-45 5.452290790527466e-32 -1.917649709318586e-34 2.517899447455325e-32 5.098712177505814e-34 8.327944325999955e-32 2.29800545075584e-33 3.686202482921004e-32 4.262738980831841e-45 5.591580039506052e-32 -2.982500580850339e-33 1.478703129195784e-33 8.688297170042497e-34 7.919368180847499e-33 -6.956044024154801e-34 -3.233993701646539e-32 -1.005719331743454e-34 -4.796808814079484e-33 -4.454172410564622e-34 -1.078711823621047e-32 5.909669450112613e-34 5.65117885901461e-33 1.393527533179968e-34 -3.691157068206079e-33 2.014614728558445e-34 -1.401222100046917e-32 -6.260960573512083e-34 -6.981995186917816e-33 -1.546347955426552e-35 4.485914013585103e-33 -2.573772766761238e-34 1.71898832608344e-33 8.418357178861033e-34 -3.650777764779978e-33 -7.890541623867354e-34 2.08708423165412e-32 -1.038992320034511e-33 -8.751431715079486e-33 -2.021867440863402e-34 1.610368043782328e-32 -7.416910490129354e-35 -8.649947510544121e-33
-1.576651079701963e-32 9.505398176812795e-34 1 2.920995329198644e-32 -4.16957729186788e-31 -1.050973848243613e-45 -2.569588328893956e-30 -1.381844668114991e-32 2.601604601327772e-32 -2.107763203125671e-31 -5.769480925927275e-32 -1.714723578279592e-31 -3.873819673551479e-32 -1.119134212783094e-31 -3.542254389913464e-31 2.971585585741042e-32 -6.083106882174875e-33 1.050019284031319e-31 -1.184072441361053e-32 -2.556372792442338e-31 1.705639218079151e-32 -1.863643153528363e-32 -1.503323048262581e-31 -8.505246620842519e-32 -2.755559296683523e-34 3.562185916195351e-33 -2.637636746200512e-32 5.480751915769674e-32 2.751214497337543e-33 7.656824191870506e-32 3.309497031954888e-32 1.284219533659336e-31 2.917213516611207e-34 -1.20331332863429e-32 4.459963397635377e-33 3.525914429593138e-32 -1.932807441819361e-34 -1.79707167283088e-32 1.313400242831678e-32 -3.988210178855582e-32 1.622457645363981e-34 -2.472843774878492e-32 -1.112265288467684e-32 -2.7316775299975e-32 2.609506832051014e-33 1.530028584727245e-33 -2.886268287995091e-33 -2.361605511128304e-33 1.119035361496363e-33 -3.165781650834353e-33 -2.414961223466286e-32 1.092037878394105e-33 -5.24540383057324e-34 -3.404191633627488e-32 -4.948833803089774e-33 -3.072578976194944e-33 -1.460175973837339e-33 -9.615022202674517e-33 -2.056782319712897e-32 -2.824636900440351e-32 -3.197441477020614e-33 8.479648485104554e-33 4.906657252457373e-35 3.831284412034486e-32
7.475266349702398e-33 8.49491960748114e-32 3.333051966191145e-32 1 8.651101970185596e-33 -1.237834438924819e-29 3.143039959038047e-32 -4.977968884508917e-32 -7.810011365653417e-32 4.05697048170827e-31 1.367448917536828e-30 -2.561263785061492e-31 2.856128470386285e-31 1.184390610234735e-30 -5.565803777951251e-31 3.140292914907602e-31 -9.000965230060078e-32 -1.166517997229932e-31 3.188533198161404e-31 1.593391798311047e-31 -7.413335747175742e-33 3.50513204828842e-32 7.096831152788536e-32 -1.497137093477908e-31 -6.785617792332325e-34 5.066280219042932e-32 6.387462596492082e-32 -4.453754912302629e-32 3.923929669950984e-32 2.729913395529091e-31 7.547302228626893e-31 8.052662932611218e-32 3.712063699992469e-32 3.981126198341656e-32 5.825428546190112e-32 -5.107860667811372e-32 -3.748073289119579e-33 -2.631770629957358e-32 1.619846063494747e-31 1.874809528659453e-32 -9.318678737787183e-34 3.595430930178477e-33 2.850285934269037e-32 -2.308730742925115e-32 -2.034840079338526e-35 7.884866897765958e-33 8.762328633092108e-33 6.334871873110062e-33 1.853792924007908e-36 -1.528300964461281e-32 -1.06325074357872e-34 -4.083091814453945e-33 2.940560846884999e-33 -4.244423559243146e-33 -2.881135358902254e-32 1.856658522383513e-32 2.395043685080255e-33 3.18926971503077e-32 -5.289408145263655e-32 -6.34133897084479e-32 -1.575607728263792e-32 -3.785890263891788e-32 -1.485496627175271e-31 -1.031773403087507e-31
-1.217483493334404e-32 8.564220410229282e-33 1.307858799502796e-30 -1.300586851845624e-33 1 -1.552809189405247e-33 2.026602750218316e-31 -1.800348076923363e-32 -3.140494709085725e-33 -7.738314732931851e-30 3.874848133442988e-34 -2.922500052136593e-34 3.140494709163759e-33 1.427427491163927e-30 -3.874848133892279e-34 1.832993960758393e-33 -1.523688759718785e-31 1.825538357243881e-31 1.014227207468333e-30 -1.585195091812405e-31 -4.739376562674937e-32 -1.417620922096285e-30 -2.618356560139097e-31 -7.962644130692891e-32 -4.392768029438625e-31 -1.825538357244172e-31 -2.253663022473542e-31 1.585195091812416e-31 2.446089919319925e-31 1.417620922096289e-30 2.618356560139066e-31 -1.898117184569166e-32 7.235258750382611e-33 3.938871600729533e-32 -2.103174574393389e-31 -8.335916345287677e-32 -2.562665023208681e-32 3.305273159252042e-32 -3.702970903022687e-32 -5.802887861070355e-32 -9.488177154277324e-33 2.23731357317182e-32 2.325911144723852e-32 -2.648046990544822e-32 2.325193664108271e-32 2.79605987258378e-31 8.298939387788625e-32 1.90784217510048e-31 4.206854782593297e-32 -3.938871600731052e-32 2.103174574393395e-31 -1.138560628523738e-31 1.330069858801038e-32 -8.400828304367239e-33 3.702970903022411e-32 8.725072034391932e-33 9.488177154276946e-33 -2.237313573171589e-32 -2.325911144724075e-32 -7.212714324717843e-32 2.605186993523011e-32 -8.239076095312574e-32 -2.802046201831372e-31 6.431008795202345e-33
