# Created from matlab git hash 00e16b208fbf08652b67ace82ddc532522841f31
# name: foo
# type: matrix
# rows: 64
# columns: 64
0.9999999999999895 -1.385745901708035e-17 -4.204147626776828e-17 -1.639260324058734e-17 4.162242714374269e-18 -2.315912487379272e-17 -5.37679066559413e-17 2.308148778571371e-17 4.132886491018809e-18 4.396349206253381e-18 1.282249663720862e-16 3.57658341361516e-18 4.132886491018809e-18 4.396349206253381e-18 1.282249663720862e-16 3.57658341361516e-18 -1.890281656401796e-18 -3.042180955877976e-18 2.361408578030931e-16 4.617221408142541e-18 -1.890281656401796e-18 -3.042180955877976e-18 2.361408578030931e-16 4.617221408142541e-18 -1.890281656401796e-18 -3.042180955877976e-18 2.361408578030931e-16 4.617221408142541e-18 -1.890281656401796e-18 -3.042180955877976e-18 2.361408578030931e-16 4.617221408142541e-18 0 -4.535543092000033e-18 6.757407893876597e-16 6.387638829957064e-18 0 -4.535543092000033e-18 6.757407893876597e-16 6.387638829957064e-18 0 -4.535543092000033e-18 6.757407893876597e-16 6.387638829957064e-18 0 -4.535543092000033e-18 6.757407893876597e-16 6.387638829957064e-18 0 -4.535543092000033e-18 6.757407893876597e-16 6.387638829957064e-18 0 -4.535543092000033e-18 6.757407893876597e-16 6.387638829957064e-18 0 -4.535543092000033e-18 6.757407893876597e-16 6.387638829957064e-18 0 -4.535543092000033e-18 6.757407893876597e-16 6.387638829957064e-18
1.387778780781446e-17 0.9999999999999883 -5.42340335698744e-17 -3.096056500352095e-15 -1.060082914501852e-17 -1.60232794351669e-15 -1.955301206998017e-18 -3.02087477480513e-15 3.180691608220315e-18 -6.259208660942796e-16 -6.879024219993624e-17 -1.043008520402067e-15 -1.213395054322815e-17 -6.204351213950181e-16 7.526498137035286e-17 -1.046168063981056e-15 1.321718158091809e-17 -2.707182206883961e-16 -3.122889554757912e-16 -3.780344684673046e-16 -1.3386792685714e-19 -2.621108789788533e-16 -1.035708517628504e-16 -3.643509975088261e-16 3.862317325135166e-18 -2.587077076972414e-16 1.008104432601485e-16 -3.680147613101157e-16 1.219531126707004e-17 -2.600750259745652e-16 3.138653556630313e-16 -3.608365033865503e-16 -4.979516438637064e-19 -5.435659450169975e-17 -1.023865669143866e-15 -6.82875525819557e-17 -4.979516438637064e-19 -5.632054227051526e-17 -7.309793629280609e-16 -8.065453524088743e-17 -4.979516438637064e-19 -5.828449003933079e-17 -4.385267375812491e-16 -7.8276368354016e-17 -4.979516438637064e-19 -6.02484378081463e-17 -1.456404313654436e-16 -8.543918058501736e-17 -4.979516438637064e-19 -6.221238557696184e-17 1.468121939813692e-16 -8.566309891211049e-17 -4.979516438637064e-19 -6.417633334577736e-17 4.396985001971747e-16 -7.981548507328578e-17 -4.979516438637064e-19 -6.614028111459288e-17 7.321511255439865e-16 -8.524357382831e-17 -4.979516438637064e-19 -6.81042288834084e-17 1.024603750890798e-15 -6.985498087161286e-17
-2.775557561562891e-17 -1.090707385520417e-16 0.9999999999999846 -3.853938949717259e-17 -3.105387314400531e-15 5.417076743341551e-18 1.526230805284782e-14 3.229278725918719e-17 -6.236508855897287e-16 1.173358737662041e-15 2.69340891820638e-15 1.990154905562643e-15 -6.247278847202637e-16 -1.168101148469041e-15 2.712717881271989e-15 -1.984701122298707e-15 -1.540554187118989e-16 7.954962850069882e-16 6.753766382955328e-16 1.004205311693183e-15 -1.432820129101454e-16 2.607857962612868e-16 2.74777488089295e-16 3.316121789119496e-16 -1.462936382320758e-16 -2.687856272929697e-16 2.740592041500234e-16 -3.335843482648264e-16 -1.49104086652627e-16 -7.874717141416082e-16 6.755257160942496e-16 -1.010655963453075e-15 -1.643547663316811e-17 2.008869729458843e-16 1.069023342070707e-15 3.211179494489288e-16 -1.69176162391433e-17 1.473119183617942e-16 2.217193442732857e-16 2.186779650935267e-16 -1.739975584511848e-17 9.179673717013054e-17 -3.429331471571651e-16 1.389498978256662e-16 -1.788189545109366e-17 3.442274453382988e-17 -6.277530578691071e-16 4.946189257940629e-17 -1.836403505706885e-17 -2.486426965573228e-17 -6.276446376518585e-16 -6.192911497709057e-17 -1.884617466304404e-17 -8.602364781708744e-17 -3.422826258536737e-16 -1.308757259068097e-16 -1.932831426901925e-17 -1.491231525860161e-16 2.237793284010081e-16 -2.205869268656561e-16 -1.981045387499443e-17 -2.141356789082061e-16 1.072167528370915e-15 -3.084571025573069e-16
1.387778780781446e-17 -3.119466490675293e-15 -3.359840888578908e-17 0.9999999999999823 5.627844065873957e-17 -5.93074130510798e-14 1.657812884366117e-17 1.738486213049831e-16 1.819508827019002e-15 -5.949467200802073e-15 -7.948433510224055e-15 -1.120976683608256e-15 -1.817797026372161e-15 -5.947729036254748e-15 7.949302566027938e-15 -1.108454962461771e-15 6.020837244025655e-16 -1.613541860344923e-15 -2.145256628588443e-15 -1.469500995988573e-15 2.081947692044762e-16 -9.373732462437077e-17 -5.247606277465622e-16 5.172562864108035e-16 -2.099964082832861e-16 -8.641938347656725e-17 5.194954709464294e-16 5.421516964613507e-16 -6.067966157210884e-16 -1.61085126018797e-15 2.149539227169761e-15 -1.475808638588539e-15 9.057831524758586e-17 -4.35496907633115e-16 -1.123233450694983e-15 -5.9356172592024e-16 6.591949208711867e-17 -1.806687395175532e-16 2.432949675057472e-16 -2.072249164798701e-16 4.054238498737983e-17 -6.491660507756958e-18 5.627009275199768e-16 4.480634884385798e-17 1.444699394836935e-17 8.410020726698497e-17 2.572811755308102e-16 1.899564557841966e-16 -1.235990476633475e-17 8.840991090261485e-17 -2.594495798757812e-16 1.869113723388174e-16 -3.987831115673246e-17 3.611748487092337e-18 -5.640019701269594e-16 3.132920762009481e-17 -6.810822522282378e-17 -1.73126758155201e-16 -2.402592014227878e-16 -2.03067678774746e-16 -9.705642322818675e-17 -4.445364432462129e-16 1.13017234459889e-15 -5.879001577007922e-16
0 -8.673617379884035e-18 -3.113493214331256e-15 1.566062672566225e-17 0.9999999999999792 5.693408717330625e-17 -8.252540361144978e-16 2.06749161896199e-18 -2.6640033224095e-17 4.201623671516242e-14 1.496198998029996e-17 -3.298714755940301e-16 2.6640033224095e-17 -4.201623671516242e-14 -1.496198998029996e-17 3.298714755940301e-16 -1.599218533206853e-15 4.354667532601927e-15 5.576268613527446e-15 7.805518723231521e-16 1.606482687762506e-15 4.348602776699587e-15 -5.562824506588626e-15 7.715614646209949e-16 1.599218533206853e-15 -4.354667532601927e-15 -5.576268613527446e-15 -7.805518723231521e-16 -1.606482687762506e-15 -4.348602776699587e-15 5.562824506588626e-15 -7.715614646209949e-16 -3.174543961037557e-16 8.527250086598492e-16 1.514413594527753e-15 7.79988595413228e-16 -1.086912677916718e-16 1.553661713171728e-16 -5.247538514829841e-17 -2.469812548921979e-16 1.057097118173367e-16 1.478309662183985e-16 5.377642775528102e-17 -2.644572386599486e-16 3.258569629405184e-16 8.532128996374677e-16 -1.52135248843166e-15 7.800563580490083e-16 3.174543961037557e-16 -8.527250086598492e-16 -1.514413594527753e-15 -7.79988595413228e-16 1.086912677916718e-16 -1.553661713171728e-16 5.247538514829841e-17 2.469812548921979e-16 -1.057097118173367e-16 -1.478309662183985e-16 -5.377642775528102e-17 2.644572386599486e-16 -3.258569629405184e-16 -8.532128996374677e-16 1.52135248843166e-15 -7.800563580490083e-16
