# Created from matlab git hash 00e16b208fbf08652b67ace82ddc532522841f31
# name: foo
# type: matrix
# rows: 64
# columns: 64
0.9999999999999893 2.775557561562891e-17 -4.845028458294506e-19 -2.687210147874196e-18 3.84553658908409e-18 -9.568931205131306e-18 -5.363467977817027e-17 9.308790494522021e-18 -5.275612762280176e-18 4.38766120208103e-18 1.424539096876869e-16 3.693512943407468e-19 -5.275612762280176e-18 4.38766120208103e-18 1.424539096876869e-16 3.693512943407468e-19 -3.035637926627532e-18 2.927345865719392e-18 2.369888810484366e-16 1.556654234434222e-17 -3.035637926627532e-18 2.927345865719392e-18 2.369888810484366e-16 1.556654234434222e-17 -3.035637926627532e-18 2.927345865719392e-18 2.369888810484366e-16 1.556654234434222e-17 -3.035637926627532e-18 2.927345865719392e-18 2.369888810484366e-16 1.556654234434222e-17 0 0 6.793552328607748e-16 6.753852239373775e-18 0 0 6.793552328607748e-16 6.753852239373775e-18 0 0 6.793552328607748e-16 6.753852239373775e-18 0 0 6.793552328607748e-16 6.753852239373775e-18 0 0 6.793552328607748e-16 6.753852239373775e-18 0 0 6.793552328607748e-16 6.753852239373775e-18 0 0 6.793552328607748e-16 6.753852239373775e-18 0 0 6.793552328607748e-16 6.753852239373775e-18
2.775557561562891e-17 0.9999999999999881 -5.456347996643779e-17 -3.096513116032605e-15 -1.155261657396166e-17 -1.603275759612039e-15 -1.505409018033237e-18 -3.034298655141404e-15 1.274397015770305e-17 -6.198283987544227e-16 -1.138991662469509e-16 -1.028703628024806e-15 -7.324620513341093e-18 -6.069308660376999e-16 1.317351994138645e-16 -1.022643999718637e-15 4.956847750821018e-20 -2.631326626162898e-16 -2.909161693695162e-16 -3.713835192285561e-16 -8.766508680313239e-18 -2.581733007186701e-16 -9.840126548419058e-17 -3.578735967515817e-16 8.438266301516889e-18 -2.601528327249582e-16 1.010525323050425e-16 -3.599761855583983e-16 9.163168261567922e-18 -2.482545769234312e-16 2.953021596663449e-16 -3.872322647668789e-16 0 -6.211513797780039e-17 -1.029011041750793e-15 -7.045797611810191e-17 0 -6.211513797780038e-17 -7.349085046989285e-16 -8.240764045508763e-17 0 -6.211513797780038e-17 -4.408059676470631e-16 -6.660172917644409e-17 0 -6.211513797780038e-17 -1.467034305951983e-16 -8.89597343692907e-17 0 -6.211513797780038e-17 1.473991064566681e-16 -8.703161089846099e-17 0 -6.211513797780037e-17 4.415016435085329e-16 -6.775625266786421e-17 0 -6.211513797780038e-17 7.360378614293925e-16 -8.664481090875686e-17 0 -6.211513797780039e-17 1.030140398481257e-15 -7.083889963011372e-17
2.775557561562891e-17 -8.142358315366138e-17 0.9999999999999843 -1.167807052720716e-17 -3.107222000657082e-15 -1.028864457151413e-17 1.529095004844275e-14 1.236784590901078e-17 -5.965242792646018e-16 1.159272376129471e-15 2.671995925299792e-15 2.000175717453718e-15 -6.078495206357634e-16 -1.151195945361545e-15 2.700679849025611e-15 -2.003659816449504e-15 -1.487716893335691e-16 7.877684755480963e-16 6.840502556754169e-16 9.608284542438738e-16 -1.349871806886123e-16 2.479959195213811e-16 2.770678651786707e-16 3.448768267739048e-16 -1.407725212570189e-16 -2.563232254650582e-16 2.721618503481738e-16 -3.441364745944312e-16 -1.507320401894947e-16 -7.907289807379701e-16 6.796050267682263e-16 -9.597628414126546e-16 -1.835669563126449e-17 2.104743898269784e-16 1.078022220102337e-15 3.255537691501243e-16 -1.835669563126447e-17 1.503407348998157e-16 2.225867060112741e-16 2.289870785045722e-16 -1.835669563126447e-17 9.020707997265303e-17 -3.472699558471071e-16 1.330166990538872e-16 -1.835669563126446e-17 3.005987251833431e-17 -6.316561856900549e-16 3.552843656172242e-17 -1.835669563126446e-17 -3.010088746314061e-17 -6.312225048210607e-16 -4.884097964336772e-17 -1.835669563126446e-17 -9.024809491745934e-17 -3.457520728056274e-16 -1.260546615100535e-16 -1.835669563126446e-17 -1.50381749844622e-16 2.247551103562451e-16 -2.269039507369234e-16 -1.835669563126446e-17 -2.105289572989408e-16 1.080732725533551e-15 -3.099181142264067e-16
-2.775557561562891e-17 -3.092144595928659e-15 2.017293667180842e-17 0.9999999999999822 3.883640438332802e-17 -5.932485508735521e-14 -7.691059161069047e-18 1.825493367081441e-16 1.815998034271311e-15 -5.92695730022879e-15 -7.955358851600806e-15 -1.142646903215569e-15 -1.818338333365015e-15 -5.941223082066006e-15 7.942485644868436e-15 -1.132605645263225e-15 5.99427429079976e-16 -1.622054964981303e-15 -2.141461920984744e-15 -1.464423139348902e-15 2.133277888648373e-16 -9.034114602235466e-17 -5.212166418952502e-16 5.181820934221525e-16 -2.08611932930999e-16 -7.841831025680313e-17 5.183570586653197e-16 5.345889627917906e-16 -6.015839749636855e-16 -1.626455301142289e-15 2.143250854569345e-15 -1.464750676401694e-15 9.500999162762036e-17 -4.455867641008082e-16 -1.127570259384925e-15 -5.728263593714547e-16 6.785072720685847e-17 -1.786358604441429e-16 2.47198095326695e-16 -2.165346556031421e-16 4.071179157683069e-17 -8.673617379884035e-19 5.679050979479072e-16 4.740504592603417e-17 1.355930341964684e-17 8.80846502508692e-17 2.593953697671569e-16 1.900453942436583e-16 -1.359318473753701e-17 8.805754519655706e-17 -2.606422022655153e-16 1.949065163279508e-16 -4.074567289472086e-17 -9.893344823930228e-19 -5.685556192513985e-16 3.098107707877329e-17 -6.789138478832668e-17 -1.788933584601082e-16 -2.463307335887066e-16 -2.135869809466971e-16 -9.504387294551053e-17 -4.45742618163103e-16 1.134075472419838e-15 -5.857419177511883e-16
0 -9.540979117872439e-18 -3.047577110375926e-15 8.694234029471307e-18 0.9999999999999789 -6.802331016986154e-17 -7.801376732119447e-16 2.463279674967382e-17 -2.617077697131612e-17 4.203036649527204e-14 -1.984089975648473e-17 -3.508005479899406e-16 2.617077697131612e-17 -4.203036649527204e-14 1.984089975648473e-17 3.508005479899406e-16 -1.595810072627102e-15 4.359814104789445e-15 5.55881295855043e-15 7.544530931523526e-16 1.608620598921376e-15 4.357672805498786e-15 -5.56325818745762e-15 7.43327738906641e-16 1.595810072627102e-15 -4.359814104789445e-15 -5.55881295855043e-15 -7.544530931523526e-16 -1.608620598921376e-15 -4.357672805498786e-15 5.56325818745762e-15 -7.43327738906641e-16 -3.256943326146455e-16 8.599891632155021e-16 1.514413594527753e-15 7.869410418442913e-16 -1.084744273571747e-16 1.490235886081326e-16 -5.811323644522304e-17 -2.366610054628515e-16 1.087454779002961e-16 1.493488492598782e-16 5.984795992119984e-17 -2.378197465346954e-16 3.259111730491426e-16 8.616154664742304e-16 -1.52135248843166e-15 7.795481382806557e-16 3.256943326146455e-16 -8.599891632155021e-16 -1.514413594527753e-15 -7.869410418442913e-16 1.084744273571747e-16 -1.490235886081326e-16 5.811323644522304e-17 2.366610054628515e-16 -1.087454779002961e-16 -1.493488492598782e-16 -5.984795992119984e-17 2.378197465346954e-16 -3.259111730491426e-16 -8.616154664742304e-16 1.52135248843166e-15 -7.795481382806557e-16
