# Created from matlab git hash 00e16b208fbf08652b67ace82ddc532522841f31
# name: foo
# type: matrix
# rows: 32
# columns: 32
0.9999999999999919 -2.748452507250754e-17 -2.959608523594799e-18 9.447187973901698e-18 -1.271667572112318e-17 1.812043245974171e-18 1.662865847541061e-16 4.629380286496e-18 -9.846681158911067e-19 2.872842108498567e-18 3.322748288228162e-16 1.435238484189739e-18 -9.846681158911067e-19 2.872842108498567e-18 3.322748288228162e-16 1.435238484189739e-18 0 2.138075517811352e-18 9.612833857052333e-16 7.256577448848487e-18 0 2.138075517811352e-18 9.612833857052333e-16 7.256577448848487e-18 0 2.138075517811352e-18 9.612833857052333e-16 7.256577448848487e-18 0 2.138075517811352e-18 9.612833857052333e-16 7.256577448848487e-18
0 0.9999999999999905 2.27496471384527e-17 -3.153009599333308e-15 1.288986977483135e-17 -1.756347117919733e-15 -3.449871951645916e-17 -2.927329132383486e-15 2.263220547143061e-17 -7.583626215518363e-16 -3.133915114858087e-16 -9.821319238610682e-16 -1.740620543013614e-17 -7.615787326389637e-16 2.952107951985749e-16 -9.5315520405898e-16 4.694733121053767e-19 -1.798943535614357e-16 -1.249418642190408e-15 -2.659298695343329e-16 4.69473312105352e-19 -1.780427258478015e-16 -4.151023683516748e-16 -2.49337026188031e-16 4.69473312105352e-19 -1.761910981341673e-16 4.174791820110829e-16 -2.466219706495428e-16 4.694733121053767e-19 -1.743394704205331e-16 1.247458647159874e-15 -2.369680212071481e-16
0 2.775557561562891e-17 0.9999999999999866 1.26546561409123e-17 -3.384581155630847e-15 -2.991140535731284e-17 1.530180604621123e-14 5.843190664963054e-18 -7.62224622146014e-16 1.465313897428614e-15 2.70833702686879e-15 1.87246062208332e-15 -7.490750945948941e-16 -1.469402318386713e-15 2.685785621681092e-15 -1.86561476087831e-15 -1.059160590408698e-16 5.16347937689125e-16 1.273720712235971e-15 7.448433432287683e-16 -1.050069278812334e-16 1.696117166613249e-16 -3.465110143263672e-16 2.523987525656649e-16 -1.040977967215969e-16 -1.731632691969343e-16 -3.456436525883788e-16 -2.588945600439841e-16 -1.031886655619604e-16 -5.127359614063916e-16 1.264613413987092e-15 -7.586789337705845e-16
0 -3.181482854941464e-15 1.059807623604581e-17 0.9999999999999848 -2.064642808932357e-17 -5.954328386413837e-14 -6.949735925632083e-17 4.368349020524216e-16 2.277556398685987e-15 -6.154507513431856e-15 -7.869898309420531e-15 -1.069353684920137e-15 -2.265867344013878e-15 -6.151810560527798e-15 7.866103601816832e-15 -1.057719687389599e-15 4.659900937342698e-16 -1.223467941541267e-15 -2.156261280639171e-15 -1.108440867304133e-15 1.540651287101902e-16 -2.074620857051013e-16 8.109832250191573e-17 3.388131789017201e-16 -1.552577510999242e-16 -2.108231124398063e-16 -8.153200337090993e-17 3.417269722402749e-16 -4.618159153702006e-16 -1.222709000020528e-15 2.14064876935538e-15 -1.105940426043839e-15
3.469446951953614e-18 -1.387778780781446e-17 -3.413176859201617e-15 -2.188309619231485e-18 0.999999999999981 -1.872959252968709e-17 -8.309325449928906e-16 8.123469480642367e-18 -5.030698080332741e-17 4.227027798966998e-14 5.204170427930421e-18 -2.140689426936848e-16 5.030698080332741e-17 -4.227027798966998e-14 -5.204170427930421e-18 2.140689426936848e-16 -1.23859256184744e-15 4.106957829375091e-15 5.120903701083535e-15 5.972327667136401e-16 1.235556795764481e-15 4.109559914589056e-15 -5.10702591327572e-15 5.944138410651778e-16 1.23859256184744e-15 -4.106957829375091e-15 -5.120903701083535e-15 -5.972327667136401e-16 -1.235556795764481e-15 -4.109559914589056e-15 5.10702591327572e-15 -5.944138410651778e-16
-2.38524477946811e-17 -1.7277845820729e-15 1.31188462870746e-17 -5.947014299265943e-14 4.800982745037374e-17 0.9999999999999816 2.905661822261152e-17 4.437295893068116e-14 -5.21175984313782e-16 -4.170210184117895e-14 1.800642968063926e-15 2.705965334616478e-16 5.450826422170874e-16 -4.16908261385851e-14 -1.833602714107485e-15 3.015234004317968e-16 1.151422707179606e-15 -3.933919162646404e-15 -4.746203430272544e-15 -4.5026916223323e-16 -1.288032180912779e-15 -4.165938427558302e-15 5.342948306008566e-15 -7.809508248413088e-16 1.291501627864733e-15 -4.163336342344337e-15 -5.346417752960519e-15 -7.739577208287773e-16 -1.14882062196564e-15 -3.935653886122381e-15 4.73232564246473e-15 -4.501065319073572e-16
1.595945597898663e-16 1.387778780781446e-17 1.528168054338447e-14 4.997940846964624e-17 -9.202892974611803e-16 2.333987447834947e-17 0.999999999999985 -1.392015644686849e-17 2.939713890623534e-15 3.923238688649128e-16 -1.044216796364239e-14 4.89266051540921e-16 2.956252705506512e-15 -3.915795779781988e-16 -1.042829017583458e-14 -4.941442247216083e-16 4.064553462643664e-16 -5.748872766584922e-16 -1.576863639662918e-15 -7.834352961537063e-16 4.029342964235762e-16 7.52271156301596e-16 -1.993197273897351e-15 1.054809744107048e-15 4.069248195764717e-16 -7.531469878028961e-16 -1.996666720849305e-15 -1.061204429258215e-15 4.034037697356816e-16 5.766719824899861e-16 -1.571659469234987e-15 8.064274009582271e-16
3.469446951953614e-18 -2.929080589186839e-15 -6.179952383167375e-18 4.755151909843812e-16 1.412596846135997e-17 4.428447998659334e-14 6.505213034913027e-19 0.9999999999999879 -1.988420008074837e-15 3.649255105996757e-15 7.152535941995497e-15 -1.251943495162063e-15 1.984672734316184e-15 3.632341552105983e-15 -7.146193359286457e-15 -1.252414445480736e-15 -4.098284211995207e-16 6.699827324874175e-16 1.590741427470732e-15 3.444442539350667e-16 -1.347121199313239e-16 -2.224782857940255e-16 1.533061871894503e-15 -9.072129440908239e-16 1.380189365574047e-16 -2.26706674266719e-16 -1.541301808405393e-15 -9.126813887982976e-16 4.084189583752895e-16 6.707416740081573e-16 -1.589006703994755e-15 3.392062021892461e-16
0 0 -7.598088824778415e-16 2.235767181200249e-15 4.98732999343332e-18 -4.989498397778291e-16 2.942091015256665e-15 -1.95865865844011e-15 0.9999999999999852 4.336808689942018e-19 -1.117161918529064e-15 4.011548038196366e-18 0 0 0 0 -6.938893903907228e-18 4.187622471008012e-14 0 4.397524011601206e-16 6.938893903907228e-18 -4.187622471008012e-14 0 -4.397524011601206e-16 0 0 0 0 0 0 0 0
0 -7.441963711940502e-16 1.451963549392588e-15 -6.148761241917683e-15 4.225569547045005e-14 -4.167266575219597e-14 3.530162273612802e-16 3.70213029069616e-15 1.821459649775647e-17 0.9999999999999856 -6.938893903907228e-18 4.348577704524348e-14 0 0 0 0 -3.885780586188048e-16 -4.128641872824801e-14 1.720845688168993e-15 -4.553649124439119e-16 3.95516952522712e-16 -4.128641872824801e-14 -1.720845688168993e-15 -4.709774237277031e-16 0 0 0 0 0 0 0 0
3.33066907387547e-16 -2.844946500601964e-16 2.667679445400584e-15 -7.866435704080705e-15 9.220946350143076e-19 1.818694413419647e-15 -1.042438704801363e-14 7.155042443669162e-15 -1.084974601001613e-15 -1.067265831600455e-17 0.9999999999999872 2.155717512188609e-17 0 0 0 0 2.289963555392364e-15 2.501169274633793e-16 -1.010302952408892e-14 3.635641798102388e-16 2.291291426442666e-15 -2.498668450094581e-16 -1.008915173628111e-14 -3.522404944500191e-16 0 0 0 0 0 0 0 0
0 -1.014813233446432e-15 1.896594860328893e-15 -1.078540604266057e-15 -2.727446090158847e-16 2.606828598469835e-16 4.939625097843958e-16 -1.303453262750491e-15 -1.83772268236293e-17 4.344408947171141e-14 5.204170427930421e-18 0.9999999999999902 0 0 0 0 -1.541301808405393e-15 3.966445227820969e-15 7.261552470438914e-15 -8.905636644795933e-16 1.543903893619358e-15 3.962975780869016e-15 -7.271960811294775e-15 -8.835163503584376e-16 0 0 0 0 0 0 0 0
0 0 -7.650130529057719e-16 -2.216617460328724e-15 -4.98732999343332e-18 4.933119884809045e-16 2.942091015256665e-15 1.949022811632145e-15 0 0 0 0 0.9999999999999852 4.336808689942018e-19 -1.117161918529064e-15 4.011548038196366e-18 0 0 0 0 0 0 0 0 -6.938893903907228e-18 4.187622471008012e-14 0 4.397524011601206e-16 6.938893903907228e-18 -4.187622471008012e-14 0 -4.397524011601206e-16
0 -7.441963711940502e-16 -1.446759378964657e-15 -6.122306708909037e-15 -4.225569547045005e-14 -4.165878796438816e-14 -3.82506526452886e-16 3.681964130287929e-15 0 0 0 0 1.821459649775647e-17 0.9999999999999856 -6.938893903907228e-18 4.348577704524348e-14 0 0 0 0 0 0 0 0 -3.885780586188048e-16 -4.128641872824801e-14 1.720845688168993e-15 -4.553649124439119e-16 3.95516952522712e-16 -4.128641872824801e-14 -1.720845688168993e-15 -4.709774237277031e-16
3.33066907387547e-16 2.8796409701215e-16 2.685026680160352e-15 7.883552415181721e-15 -9.220946350143076e-19 -1.761774840996483e-15 -1.042438704801363e-14 -7.140976352181578e-15 0 0 0 0 -1.084974601001613e-15 -1.067265831600455e-17 0.9999999999999872 2.155717512188609e-17 0 0 0 0 0 0 0 0 2.289963555392364e-15 2.501169274633793e-16 -1.010302952408892e-14 3.635641798102388e-16 2.291291426442666e-15 -2.498668450094581e-16 -1.008915173628111e-14 -3.522404944500191e-16
0 -1.025221574302293e-15 -1.874693976444686e-15 -1.111391930092367e-15 2.727446090158847e-16 2.572134128950299e-16 -4.982993184743378e-16 -1.291255988310029e-15 0 0 0 0 -1.83772268236293e-17 4.344408947171141e-14 5.204170427930421e-18 0.9999999999999902 0 0 0 0 0 0 0 0 -1.541301808405393e-15 3.966445227820969e-15 7.261552470438914e-15 -8.905636644795933e-16 1.543903893619358e-15 3.962975780869016e-15 -7.271960811294775e-15 -8.835163503584376e-16
0 0 -1.029719423157999e-16 4.566659550508945e-16 -1.216474837528736e-15 1.131473387205872e-15 3.98808617715723e-16 -4.027268969697406e-16 1.387778780781446e-17 -4.024558464266192e-16 2.256002223859378e-15 -1.517883041479706e-15 0 0 0 0 0.9999999999999899 0 -8.507917177935975e-16 2.775557561562891e-17 0 0 0 0 0 0 0 0 0 0 0 0
0 -1.740713315289223e-16 5.05021371943748e-16 -1.208505951560968e-15 4.091778998960294e-15 -3.921776098314567e-15 -5.633514488234681e-16 6.636401497783773e-16 4.184153024056059e-14 -4.125172425872847e-14 2.567390744445674e-16 3.965577866082981e-15 0 0 0 0 0 0.9999999999999902 4.163336342344337e-17 4.402034292638746e-14 0 0 0 0 0 0 0 0 0 0 0 0
9.566342941965631e-16 -1.245531455751347e-15 1.275455435711947e-15 -2.179238588130409e-15 5.13124981341576e-15 -4.759971333805134e-15 -1.592476150946709e-15 1.596321208424654e-15 3.854827609035582e-17 1.738347726591668e-15 -1.006139616066548e-14 7.276210359294997e-15 0 0 0 0 -8.638497237334406e-16 -1.369038838690272e-17 0.9999999999999913 -7.433003904295338e-18 0 0 0 0 0 0 0 0 0 0 0 0
0 -2.289834988289385e-16 7.355227538141662e-16 -1.102924988751613e-15 6.170194563615006e-16 -4.578043673320042e-16 -8.344019919448442e-16 3.654574472905514e-16 4.224051664003525e-16 -4.007211229506424e-16 3.95516952522712e-16 -9.441232518003773e-16 0 0 0 0 -1.387778780781446e-17 4.400646513857964e-14 -5.551115123125783e-17 0.9999999999999926 0 0 0 0 0 0 0 0 0 0 0 0
0 0 -1.029719423157999e-16 1.521135647997163e-16 1.220811646218678e-15 -1.271552307891e-15 3.98808617715723e-16 -1.341700188450812e-16 -1.387778780781446e-17 3.747002708109903e-16 2.256002223859378e-15 1.52135248843166e-15 0 0 0 0 0 0 0 0 0.9999999999999899 0 -8.507917177935975e-16 2.775557561562891e-17 0 0 0 0 0 0 0 0
0 -1.740713315289223e-16 1.679429165180046e-16 -2.122867853726618e-16 4.10478942503012e-15 -4.158999533654395e-15 7.41594285980085e-16 -2.147262402607542e-16 -4.184153024056059e-14 -4.124478536482457e-14 -2.34187669256869e-16 3.981190377366772e-15 0 0 0 0 0 0 0 0 0 0.9999999999999902 4.163336342344337e-17 4.402034292638746e-14 0 0 0 0 0 0 0 0
9.566342941965631e-16 -4.180683577104105e-16 -3.3957212042246e-16 7.937137759139343e-17 -5.117496482655217e-15 5.353466531139651e-15 -1.97758476261356e-15 1.526064907647594e-15 -3.854827609035582e-17 -1.786610376593204e-15 -1.008915173628111e-14 -7.295466838910182e-15 0 0 0 0 0 0 0 0 -8.638497237334406e-16 -1.369038838690272e-17 0.9999999999999913 -7.433003904295338e-18 0 0 0 0 0 0 0 0
0 -2.498001805406602e-16 2.376571162088226e-16 3.460027945580146e-16 6.014069450777093e-16 -7.631156991039223e-16 1.080732725533551e-15 -8.946023175721018e-16 -4.224051664003525e-16 -4.284766985662714e-16 -4.093947403305265e-16 -9.337149109445164e-16 0 0 0 0 0 0 0 0 -1.387778780781446e-17 4.400646513857964e-14 -5.551115123125783e-17 0.9999999999999926 0 0 0 0 0 0 0 0
0 0 -1.029719423157999e-16 -1.525472456687105e-16 1.216474837528736e-15 1.268082860939046e-15 3.98808617715723e-16 1.344952794968268e-16 0 0 0 0 1.387778780781446e-17 -4.024558464266192e-16 2.256002223859378e-15 -1.517883041479706e-15 0 0 0 0 0 0 0 0 0.9999999999999899 0 -8.507917177935975e-16 2.775557561562891e-17 0 0 0 0
0 -1.740713315289223e-16 -1.691355389077387e-16 -2.138588785227657e-16 -4.091778998960294e-15 -4.146856469322557e-15 -7.37257477290143e-16 -2.132625673278987e-16 0 0 0 0 4.184153024056059e-14 -4.125172425872847e-14 2.567390744445674e-16 3.965577866082981e-15 0 0 0 0 0 0 0 0 0 0.9999999999999902 4.163336342344337e-17 4.402034292638746e-14 0 0 0 0
9.566342941965631e-16 4.102621020685149e-16 -3.456436525883788e-16 -7.154956481858879e-17 -5.13124981341576e-15 -5.367124550397017e-15 -2.008809785181143e-15 -1.542660921355378e-15 0 0 0 0 3.854827609035582e-17 1.738347726591668e-15 -1.006139616066548e-14 7.276210359294997e-15 0 0 0 0 0 0 0 0 -8.638497237334406e-16 -1.369038838690272e-17 0.9999999999999913 -7.433003904295338e-18 0 0 0 0
0 -2.498001805406602e-16 -2.602085213965211e-16 3.603142632348233e-16 -6.170194563615006e-16 -8.082185094793193e-16 -1.077263278581597e-15 -8.870129023647033e-16 0 0 0 0 4.224051664003525e-16 -4.007211229506424e-16 3.95516952522712e-16 -9.441232518003773e-16 0 0 0 0 0 0 0 0 -1.387778780781446e-17 4.400646513857964e-14 -5.551115123125783e-17 0.9999999999999926 0 0 0 0
0 0 -1.029719423157999e-16 -4.569912157026401e-16 -1.220811646218678e-15 -1.134075472419838e-15 3.98808617715723e-16 4.031063677301105e-16 0 0 0 0 -1.387778780781446e-17 3.747002708109903e-16 2.256002223859378e-15 1.52135248843166e-15 0 0 0 0 0 0 0 0 0 0 0 0 0.9999999999999899 0 -8.507917177935975e-16 2.775557561562891e-17
0 -1.740713315289223e-16 -5.06213994333482e-16 -1.212409079381915e-15 -4.10478942503012e-15 -3.934352843515398e-15 5.681219383824043e-16 6.675432775993251e-16 0 0 0 0 -4.184153024056059e-14 -4.124478536482457e-14 -2.34187669256869e-16 3.981190377366772e-15 0 0 0 0 0 0 0 0 0 0 0 0 0 0.9999999999999902 4.163336342344337e-17 4.402034292638746e-14
9.566342941965631e-16 1.23859256184744e-15 1.254638754000226e-15 2.14022286705184e-15 5.117496482655217e-15 4.742843867595815e-15 -1.56472057533108e-15 -1.58516164651681e-15 0 0 0 0 -3.854827609035582e-17 -1.786610376593204e-15 -1.008915173628111e-14 -7.295466838910182e-15 0 0 0 0 0 0 0 0 0 0 0 0 -8.638497237334406e-16 -1.369038838690272e-17 0.9999999999999913 -7.433003904295338e-18
0 -2.289834988289385e-16 -7.563394355258879e-16 -1.089047200943799e-15 -6.014069450777093e-16 -4.300487917163753e-16 8.309325449928906e-16 3.550491064346906e-16 0 0 0 0 -4.224051664003525e-16 -4.284766985662714e-16 -4.093947403305265e-16 -9.337149109445164e-16 0 0 0 0 0 0 0 0 0 0 0 0 -1.387778780781446e-17 4.400646513857964e-14 -5.551115123125783e-17 0.9999999999999926
