# Created from matlab git hash 00e16b208fbf08652b67ace82ddc532522841f31
# name: foo
# type: matrix
# rows: 64
# columns: 64
0 0 0 0 0 0 0 0 0 0 0 0 0 0 0 0 0 0 0 0 0 0 0 0 0 0 0 0 0 0 0 0 0 0 0 0 0 0 0 0 0 0 0 0 0 0 0 0 0 0 0 0 0 0 0 0 0 0 0 0 0 0 0 0
-4.996003610813204e-16 1.040834085586084e-17 -1.290994448735787 -4.22296746183104e-17 -1.527525231651917 -2.623769257414921e-17 0.9999999999999645 -1.178527761491743e-16 -1.080123449734623 0.9128709291751814 0.7071067811865224 -0.4082482904638635 -1.080123449734623 -0.9128709291751814 0.7071067811865225 0.4082482904638635 -1.527525231651923 1.290994448735674 0.9999999999999682 -0.5773502691896275 2.577396467343276e-15 1.048743306023282e-15 -3.095792345172165e-15 -4.929285222200849e-16 2.591216487848829e-15 -1.070811012099467e-15 -3.08438115258144e-15 5.067397674585579e-16 -1.527525231651923 -1.290994448735674 0.9999999999999684 0.5773502691896277 -2.160246899469267 1.825741858350379 1.414213562373057 -0.8164965809277321 1.884110950420525e-15 7.661514430850468e-16 -1.622412116597736e-15 -2.261838406078005e-16 2.276634065091467e-15 -7.786865364920396e-16 -1.504734340519243e-15 3.33870559120303e-16 4.003735769643615e-15 2.268466085239429e-15 -2.682758525618216e-15 -1.034052156411549e-15 4.003735769643615e-15 -2.226491758232103e-15 -2.682758525618216e-15 1.026629723786122e-15 2.198129442157279e-15 7.39983235440306e-16 -1.50964087945263e-15 -3.361160947839519e-16 1.884110950420525e-15 -8.822613462402483e-16 -1.622412116597736e-15 3.189115722164932e-16 -2.160246899469267 -1.825741858350379 1.414213562373057 0.8164965809277324
-8.326672684688674e-17 1.290994448735786 1.864930968815515e-17 -5.87145437259693e-15 -4.753496315634304e-17 -2.357333449878333e-15 2.75984279206135e-18 -2.55677223654986e-15 3.053003610530596e-15 -6.421289650717204e-16 1.73139764584147e-15 -9.215623580825557e-16 -3.080401167281251e-15 -7.301484989135967e-16 -1.702693216029639e-15 -9.359049500689356e-16 4.709757444774325e-16 -2.204874125457729e-15 3.226900207888968e-15 4.802899170755697e-16 -1.132789223125866e-15 1.569023454980598e-15 2.178188013244814e-15 -1.087958823317593e-15 1.219961934423843e-15 1.672426606093912e-15 -2.05042401794352e-15 -1.080327831905895e-15 -5.410072686450199e-16 -2.27734898140257e-15 -3.136535972494921e-15 4.438044606524972e-16 -2.747661802696599e-16 -1.927454792932261e-15 1.396786272865686e-15 6.531564767072497e-16 -4.199997326979086e-15 -1.005602323065917e-15 3.37668847157552e-15 3.710254790595914e-16 -3.11074568376722e-15 2.014976092343446e-15 2.502818862264958e-15 -1.02654254956821e-15 -6.182239056067346e-16 5.215137598289309e-16 4.191946488901956e-16 -4.429503768570741e-16 5.004669712054519e-16 5.151089605215901e-16 -2.886376182299471e-16 -4.141525071732652e-16 3.120558761633994e-15 2.009114544317315e-15 -2.447957076904127e-15 -1.023811205251713e-15 4.219623482712633e-15 -1.021682947636191e-15 -3.369379891765504e-15 4.002065761471985e-16 6.973418459075965e-16 -1.557961540090419e-15 -1.047592554613906e-15 6.934376258873314e-16
-9.436895709313831e-16 2.775557561562891e-17 3.802947540210155e-15 -6.564844154399729e-17 -2.333333333333278 -1.387778780781446e-16 1.527525231651921 1.528725063204561e-17 -1.64991582276857 1.394433377556638 1.080123449734605 -0.6236095644623171 -1.64991582276857 -1.394433377556638 1.080123449734605 0.623609564462317 -2.333333333333284 1.972026594366325 1.527525231651888 -0.8819171036881918 5.432449195347236e-15 1.391557691218476e-15 -5.81457625103976e-16 9.293637179900666e-18 5.349670359477971e-15 -1.39968619333769e-15 -6.345835315557657e-16 -4.460837359321663e-17 -2.333333333333284 -1.972026594366325 1.527525231651888 0.8819171036881918 -3.299831645537167 2.7888667551133 2.160246899469213 -1.247219128924648 4.435511195781651e-15 -3.001604980110312e-16 -3.1862533445004e-15 6.688587326371372e-16 1.41430984754874e-15 -2.65935331982991e-15 -7.908170646109269e-16 1.472461965045356e-15 3.54865428357199e-15 4.048096320519812e-15 -1.409462824231156e-15 -1.739998332340347e-15 3.475056199571189e-15 -4.033576300217148e-15 -1.453047751565073e-15 1.750364418725105e-15 1.619157848017638e-15 2.636826927077368e-15 -7.726024681131705e-16 -1.421081816596346e-15 4.445324273648425e-15 2.228031864117208e-16 -3.259328570925923e-15 -5.192960566262351e-16 -3.299831645537167 -2.788866755113301 2.160246899469212 1.247219128924648
-1.665334536937735e-16 1.527525231651915 2.365271742571853e-16 2.333333333333276 -1.537126835947935e-16 -0.6573421981224501 4.133520782600986e-17 -3.233696046856658 1.441590763578707e-14 -1.326984842173822e-16 -5.242589131912445e-14 4.686185519930279e-17 -1.456276933641984e-14 -1.788140131379447e-16 5.261524722854904e-14 6.025631354061391e-17 2.551778233161892e-15 -5.954098392113529e-15 -5.784869111513657e-15 -3.021775959187987e-15 2.545056179692467e-15 5.94291526720038e-15 -5.505795472315889e-15 3.229842432907833e-15 -2.468511506315006e-15 5.898587240882271e-15 5.646091233435513e-15 3.077287110419245e-15 -2.795496717141252e-15 -6.142093693394241e-15 5.750608322863116e-15 -3.101979598533418e-15 1.736914782418921e-15 -3.354233188170144e-15 1.734723475976807e-16 -1.157284333807635e-15 -6.844621812074562e-15 -1.770977833433527e-15 2.645453300864631e-15 5.202361277754863e-17 -6.986911441142779e-15 1.658723485882166e-15 2.536165721878092e-15 -1.475744488414639e-16 1.771260554952629e-15 3.927119203944612e-15 1.595945597898663e-16 8.652707000953709e-16 -1.452335524282488e-15 3.06952169767545e-15 -1.179611963664229e-16 9.907508801138618e-16 6.844621812074562e-15 1.770977833433527e-15 -2.645453300864631e-15 -5.202361277754863e-17 6.986911441142779e-15 -1.658723485882166e-15 -2.536165721878092e-15 1.475744488414639e-16 -1.140655305006176e-15 -3.256328104027493e-15 2.775557561562891e-17 -8.818793285284983e-16
-1.52655665885959e-15 -2.081668171172169e-17 1.529158744073555e-15 -6.177241877736162e-17 0.657342198122451 -1.50487261540988e-16 -6.170411404049503e-15 -1.995745149002692e-16 -3.253677880965736 -0.3928371006593215 2.130032168075585 0.1756820922316513 -3.253677880965735 0.3928371006593209 2.130032168075584 -0.1756820922316517 -1.972026594366321 1.666666666666341 1.290994448735649 -0.7453559924998576 -2.629368792488776 -2.22222222222208 1.721325931647756 0.9938079899999416 -2.629368792488775 2.22222222222208 1.721325931647756 -0.9938079899999415 -1.972026594366322 -1.666666666666342 1.290994448735649 0.7453559924998577 -2.788866755113294 2.35702260395471 1.825741858350331 -1.054092553389366 6.174879247667267e-15 2.231417503172306e-15 -2.445960101127298e-15 -1.906063586117172e-16 6.957472207542459e-15 -1.364062772641506e-15 -3.145053661945951e-15 -3.484058347001966e-16 -3.718489006818214 -3.142696805273359 2.434322477800762 1.405456737852673 -3.718489006818213 3.142696805273358 2.434322477800761 -1.405456737852673 7.077682411410434e-15 1.576221411718866e-15 -2.902192375309198e-15 1.373316936417525e-16 6.393220230202978e-15 -2.085740835829317e-15 -2.399122567275924e-15 2.097870306268379e-16 -2.788866755113294 -2.35702260395471 1.825741858350331 1.054092553389366
