# Created from matlab git hash 00e16b208fbf08652b67ace82ddc532522841f31
# name: foo
# type: matrix
# rows: 96
# columns: 96
0.9999999999999865 -6.92534137675116e-18 -1.38887147073342e-17 6.790208881879317e-18 2.06659417946075e-17 1.385431414220919e-17 -1.138010492077667e-18 -4.969329741596567e-17 -1.394418136032962e-17 -1.138010492077667e-18 -4.969329741596567e-17 -1.394418136032962e-17 -3.384849757608988e-19 -8.342833485285282e-17 -1.877893248421422e-19 -3.384849757608988e-19 -8.342833485285282e-17 -1.877893248421422e-19 -3.384849757608988e-19 -8.342833485285282e-17 -1.877893248421422e-19 -3.384849757608988e-19 -8.342833485285282e-17 -1.877893248421422e-19 0 -1.672132054560825e-16 -5.311484201212899e-19 0 -1.672132054560825e-16 -5.311484201212899e-19 0 -1.672132054560825e-16 -5.311484201212899e-19 0 -1.672132054560825e-16 -5.311484201212899e-19 0 -1.672132054560825e-16 -5.311484201212899e-19 0 -1.672132054560825e-16 -5.311484201212899e-19 0 -1.672132054560825e-16 -5.311484201212899e-19 0 -1.672132054560825e-16 -5.311484201212899e-19 0 -4.899939534894192e-16 -1.502314598737146e-18 0 -4.899939534894192e-16 -1.502314598737146e-18 0 -4.899939534894192e-16 -1.502314598737146e-18 0 -4.899939534894192e-16 -1.502314598737146e-18 0 -4.899939534894192e-16 -1.502314598737146e-18 0 -4.899939534894192e-16 -1.502314598737146e-18 0 -4.899939534894192e-16 -1.502314598737146e-18 0 -4.899939534894192e-16 -1.502314598737146e-18 0 -4.899939534894192e-16 -1.502314598737146e-18 0 -4.899939534894192e-16 -1.502314598737146e-18 0 -4.899939534894192e-16 -1.502314598737146e-18 0 -4.899939534894192e-16 -1.502314598737146e-18 0 -4.899939534894192e-16 -1.502314598737146e-18 0 -4.899939534894192e-16 -1.502314598737146e-18 0 -4.899939534894192e-16 -1.502314598737146e-18 0 -4.899939534894192e-16 -1.502314598737146e-18
-1.387778780781446e-17 0.9999999999999853 5.307644898761662e-17 4.769680111285478e-17 1.954781719074732e-17 4.455278106076793e-15 -3.700435474045589e-17 -2.757418881957152e-17 1.582826751611588e-15 -2.251188980708383e-17 1.306624445085034e-18 1.59895425892731e-15 -1.527723347014552e-17 1.048382224380764e-16 5.642188105614565e-16 -2.581139453513502e-17 4.313032689733458e-17 5.629177679544739e-16 -2.788877865473761e-17 -4.286369730708256e-17 5.569546560058036e-16 6.083384897510488e-19 -1.112936463172345e-16 5.567378155713065e-16 -1.971331991273576e-17 2.546197065774856e-16 2.200930410145574e-16 -1.956639246721129e-17 1.946663495996286e-16 1.990595188683386e-16 -1.941946502168688e-17 1.108605448270905e-16 2.023121253857951e-16 -1.927253757616241e-17 4.136620873136103e-17 2.138046684141415e-16 -1.912561013063814e-17 -4.157223430318886e-17 2.088173384207082e-16 -2.027972529209628e-17 -1.110665703989183e-16 1.981921571303502e-16 -1.883175523958927e-17 -1.879334812675492e-16 1.97758476261356e-16 -1.868482779406478e-17 -2.478868382454063e-16 1.908195823574488e-16 -2.739149471415508e-17 7.956416354462666e-16 6.765421556309548e-17 -2.739149471415528e-17 6.894723275666512e-16 8.153200337090993e-17 -2.739149471415513e-17 5.830861792525385e-16 6.678685382510707e-17 -2.739149471415513e-17 4.773505522419173e-16 5.984795992119984e-17 -2.739149471415518e-17 3.711812443623013e-16 6.635317295611287e-17 -2.739149471415518e-17 2.647950960481888e-16 6.938893903907228e-17 -2.739149471415519e-17 1.590594690375675e-16 6.938893903907228e-17 -2.739149471415514e-17 5.289016115795209e-17 5.854691731421724e-17 -2.739149471415515e-17 -5.306230628716749e-17 5.854691731421724e-17 -2.739149471415518e-17 -1.592316141667829e-16 6.852157730108388e-17 -2.739149471415518e-17 -2.65509342263647e-16 6.418476861114186e-17 -2.739149471415518e-17 -3.714618097087653e-16 5.724587470723463e-17 -2.739149471415518e-17 -4.775226973711327e-16 4.98732999343332e-17 -2.739149471415513e-17 -5.838004254679966e-16 6.331740687315346e-17 -2.739149471415523e-17 -6.896444726958667e-16 7.719519468096792e-17 -2.739149471415503e-17 -7.959222007927305e-16 6.288372600415926e-17
-4.163336342344337e-17 3.923456611681919e-17 0.9999999999999819 -5.504192144825855e-17 -1.52720786970084e-14 1.680513367352532e-17 1.396916148699951e-17 -2.690319047893915e-15 -3.049382984619473e-15 -7.747492731179865e-18 -2.690578028217538e-15 3.004649480609078e-15 3.852814063880911e-17 -5.71405038085962e-16 -1.611232848530708e-15 9.608741753652783e-18 -4.215318754317333e-16 -5.294362496154059e-16 -6.224845129371853e-18 -4.275589383679213e-16 5.364632349458276e-16 -5.868371313519881e-17 -5.492352212410016e-16 1.610040226140974e-15 6.693931975561285e-17 -3.344662058164111e-16 -6.604959634781693e-16 4.763374482179283e-17 -1.228807637240759e-16 -4.87890977618477e-16 2.909388767229071e-17 2.45808961293198e-17 -3.076965765513862e-16 9.310586156219269e-18 1.013525743366606e-16 -1.185032974526656e-16 -9.601965490074749e-18 9.805931023773584e-17 1.318389841742373e-16 -2.889398789673869e-17 2.407606449275623e-17 3.148523108897905e-16 -4.568895717489696e-17 -1.222776762656308e-16 4.883246584874712e-16 -6.735605996566196e-17 -3.301531140489922e-16 6.687358999890591e-16 9.942133921692076e-17 -9.122748129836156e-16 -2.445960101127298e-16 8.61940727125976e-17 -5.533225787279772e-16 -2.34187669256869e-16 7.292614862680624e-17 -2.443656171510766e-16 -1.873501354054952e-16 5.965822454101488e-17 1.244121992927116e-17 -1.48318857196017e-16 4.640385298237959e-17 2.171385900945344e-16 -1.092875789865388e-16 3.31494814237443e-17 3.707835904628864e-16 -6.808789643208968e-17 1.989510986510901e-17 4.736066139959805e-16 -3.859759734048396e-17 6.613633252161577e-18 5.248893767545448e-16 1.349831704744453e-17 -6.640738306473715e-18 5.247809565372963e-16 -5.204170427930421e-18 -1.989510986510901e-17 4.734575361972637e-16 4.683753385137379e-17 -3.317658647805644e-17 3.704447772839847e-16 7.546047120499111e-17 -4.643095803669173e-17 2.169081971328812e-16 1.136243876764809e-16 -5.968532959532702e-17 1.169583093568738e-17 1.48318857196017e-16 -7.295325368111838e-17 -2.458970527197124e-16 1.838806884535416e-16 -8.620762523975367e-17 -5.538646798142199e-16 2.359223927328458e-16 -9.947554932554503e-17 -9.126542837439855e-16 2.34187669256869e-16
