# Created from matlab git hash 00e16b208fbf08652b67ace82ddc532522841f31
# name: foo
# type: matrix
# rows: 64
# columns: 64
0.9999999999999892 -2.770136550700464e-17 -2.805294565968474e-17 -1.619662044035241e-17 1.822934958789765e-17 -2.300254169779409e-17 -5.392576113397446e-17 -1.170757676536077e-17 3.746393342820822e-18 1.090766971496093e-17 1.071861407553001e-16 1.57048372269477e-17 3.746393342820822e-18 1.090766971496093e-17 1.071861407553001e-16 1.57048372269477e-17 1.278501390934798e-18 2.66293664664148e-19 2.471899167674413e-16 9.194674423867486e-18 1.278501390934798e-18 2.66293664664148e-19 2.471899167674413e-16 9.194674423867486e-18 1.278501390934798e-18 2.66293664664148e-19 2.471899167674413e-16 9.194674423867486e-18 1.278501390934798e-18 2.66293664664148e-19 2.471899167674413e-16 9.194674423867486e-18 0 1.209478157866676e-18 6.929560945055488e-16 -1.017499865638388e-18 0 1.209478157866676e-18 6.929560945055488e-16 -1.017499865638388e-18 0 1.209478157866676e-18 6.929560945055488e-16 -1.017499865638388e-18 0 1.209478157866676e-18 6.929560945055488e-16 -1.017499865638388e-18 0 1.209478157866676e-18 6.929560945055488e-16 -1.017499865638388e-18 0 1.209478157866676e-18 6.929560945055488e-16 -1.017499865638388e-18 0 1.209478157866676e-18 6.929560945055488e-16 -1.017499865638388e-18 0 1.209478157866676e-18 6.929560945055488e-16 -1.017499865638388e-18
-1.387778780781446e-17 0.999999999999988 -2.649828844284703e-17 -3.068410460575066e-15 -1.100784084299876e-17 -1.616593829945088e-15 -1.878498054897076e-18 -3.013839279371695e-15 9.39764636386921e-18 -6.257828890989869e-16 -8.356683036983973e-17 -1.013555428925206e-15 -1.061469495877134e-17 -6.214158888216235e-16 8.957723341550394e-17 -1.004027067782195e-15 -1.104426900287263e-17 -2.467258610254664e-16 -3.042435923630466e-16 -3.960025602319208e-16 3.026843032689883e-18 -2.58554913182329e-16 -1.080855041671343e-16 -3.584608391785964e-16 -2.492796915162219e-19 -2.55205134924395e-16 1.019503718365926e-16 -3.629861624177095e-16 1.90260027719767e-17 -2.388449305966345e-16 3.093841626263542e-16 -3.72281975215759e-16 1.327871050303229e-19 -6.177927302064317e-17 -1.049931161597395e-15 -6.569044196301445e-17 1.327871050303229e-19 -6.125555361562568e-17 -7.498481855381382e-16 -8.869635018473218e-17 1.327871050303229e-19 -6.073183421060821e-17 -4.497652094788805e-16 -7.700778888691348e-17 1.327871050303168e-19 -6.020811480559073e-17 -1.492485525506291e-16 -7.832965365892116e-17 1.327871050303229e-19 -5.968439540057325e-17 1.508344235086296e-16 -7.791679495495102e-17 1.327871050303229e-19 -5.916067599555578e-17 4.504837186988926e-16 -6.275878670517903e-17 1.327871050303229e-19 -5.863695659053832e-17 7.505666947581503e-16 -7.969316276097764e-17 1.327871050303229e-19 -5.811323718552085e-17 1.050649670817407e-15 -6.106570755925208e-17
-9.71445146547012e-17 -2.580401170515501e-17 0.999999999999984 -3.866328794867378e-17 -3.133602140937294e-15 -8.896313921495139e-18 1.523463929810928e-14 1.852372397706298e-17 -5.952571150546911e-16 1.166340116698912e-15 2.672629505944338e-15 1.998709403079928e-15 -5.991527771828426e-16 -1.159765634518137e-15 2.671572408826164e-15 -1.994539620977287e-15 -1.471146089000864e-16 7.963128421883811e-16 6.840231506211047e-16 9.478114346661275e-16 -1.529531481601706e-16 2.439630217900343e-16 2.772711530860117e-16 3.511465421626653e-16 -1.457987684517138e-16 -2.615138333243344e-16 2.698579207316421e-16 -3.429981478762335e-16 -1.361140207392009e-16 -7.947108326217277e-16 6.852428780651509e-16 -9.593613542682872e-16 -1.833645999238677e-17 2.049838597444676e-16 1.096236816600094e-15 3.067838045769962e-16 -1.820788943079337e-17 1.454190816392636e-16 2.259477327459791e-16 2.152329321362504e-16 -1.80793188692e-17 8.635179358958357e-17 -3.555098923579969e-16 1.279363111324973e-16 -1.795074830760661e-17 2.780910064973975e-17 -6.454255532806208e-16 2.890195952157579e-17 -1.782217774601322e-17 -3.023610223458018e-17 -6.452087128461237e-16 -4.13209614455563e-17 -1.769360718441984e-17 -8.778381506337596e-17 -3.542088497510143e-16 -1.283773632305387e-16 -1.756503662282646e-17 -1.447933802551795e-16 2.269235147012161e-16 -2.181726175910599e-16 -1.743646606123309e-17 -2.013190079186151e-16 1.098188380510567e-15 -2.98726290521155e-16
2.775557561562891e-17 -3.092144595928659e-15 -7.599579602765583e-18 0.9999999999999819 3.849016312252557e-17 -5.936682122553908e-14 -7.623296525288703e-18 1.965077642859248e-16 1.793173143320768e-15 -5.934155968549709e-15 -7.944894606570427e-15 -1.114823492172266e-15 -1.806017603872491e-15 -5.942781093293362e-15 7.928973775293835e-15 -1.139118494829553e-15 5.828891107848358e-16 -1.589589462662466e-15 -2.142004022070987e-15 -1.456688563870168e-15 2.173749122868184e-16 -9.314906024250266e-17 -5.052924224868693e-16 5.18520588963699e-16 -2.196242082782521e-16 -9.626021225776771e-17 5.187365294256896e-16 5.131285889797149e-16 -5.795496833902857e-16 -1.590120552320395e-15 2.131433050889253e-15 -1.438382593693227e-15 9.346500353182852e-17 -4.330371239542885e-16 -1.141448047192739e-15 -5.551301470374179e-16 6.644804064620535e-17 -1.73126758155201e-16 2.589074787895385e-16 -1.96565853871622e-16 3.961403687718912e-17 -1.036768327439264e-18 5.815660453212246e-16 5.375779303044143e-17 1.296976848835785e-17 8.409343100340694e-17 2.646537503037116e-16 1.810558335744485e-16 -1.347798825671043e-17 8.305666267596767e-17 -2.668221546486826e-16 1.851758018298934e-16 -3.975633841232784e-17 -3.46267068837558e-18 -5.826502474937101e-16 2.39024227385691e-17 -6.582462439702619e-17 -1.747666139410853e-16 -2.554380318375848e-16 -2.026272216421737e-16 -9.170995126511761e-17 -4.300623442435314e-16 1.145784855882681e-15 -5.50723881645801e-16
0 4.336808689942018e-18 -3.047590662903082e-15 2.250548012008955e-17 0.9999999999999788 2.88597889414933e-17 -7.662192278226621e-16 -7.244503060404335e-17 -2.49802721639502e-17 4.198992490720538e-14 -2.011195029960611e-17 -3.233580569274406e-16 2.49802721639502e-17 -4.198992490720538e-14 2.011195029960611e-17 3.233580569274406e-16 -1.586567249106663e-15 4.35820813032145e-15 5.523522177836027e-15 7.676956062497263e-16 1.58481897310353e-15 4.353837440313618e-15 -5.523359547510154e-15 7.41730658284593e-16 1.586567249106663e-15 -4.35820813032145e-15 -5.523522177836027e-15 -7.676956062497263e-16 -1.58481897310353e-15 -4.353837440313618e-15 5.523359547510154e-15 -7.41730658284593e-16 -3.18701228602114e-16 8.431298194333525e-16 1.52135248843166e-15 7.500917205069402e-16 -1.054928713828396e-16 1.547156500136815e-16 -6.852157730108388e-17 -2.253853028690023e-16 1.059807623604581e-16 1.559624825120398e-16 7.112366251504909e-17 -2.241181415799098e-16 3.162075636053974e-16 8.411240454142543e-16 -1.523087211907637e-15 7.464122093840675e-16 3.18701228602114e-16 -8.431298194333525e-16 -1.52135248843166e-15 -7.500917205069402e-16 1.054928713828396e-16 -1.547156500136815e-16 6.852157730108388e-17 2.253853028690023e-16 -1.059807623604581e-16 -1.559624825120398e-16 -7.112366251504909e-17 2.241181415799098e-16 -3.162075636053974e-16 -8.411240454142543e-16 1.523087211907637e-15 -7.464122093840675e-16
