# Created from matlab git hash 00e16b208fbf08652b67ace82ddc532522841f31
# name: foo
# type: matrix
# rows: 64
# columns: 64
0 0 0 0 0 0 0 0 0 0 0 0 0 0 0 0 0 0 0 0 0 0 0 0 0 0 0 0 0 0 0 0 0 0 0 0 0 0 0 0 0 0 0 0 0 0 0 0 0 0 0 0 0 0 0 0 0 0 0 0 0 0 0 0
-9.436895709313831e-16 -2.775557561562891e-17 -1.936491673103681 1.491862189340054e-16 -2.291287847477875 -2.892651396191326e-16 1.499999999999946 -9.877081791342945e-17 -1.620185174601934 1.369306393762772 1.060660171779784 -0.612372435695795 -1.620185174601934 -1.369306393762772 1.060660171779783 0.612372435695795 -2.291287847477885 1.93649167310351 1.499999999999952 -0.8660254037844417 3.864451297259341e-15 1.535658014450155e-15 -4.603192692031746e-15 -7.625449849963077e-16 3.841337334722213e-15 -1.551300023773747e-15 -4.65472819550537e-15 7.207605439982562e-16 -2.291287847477884 -1.93649167310351 1.499999999999952 0.8660254037844413 -3.240370349203898 2.738612787525568 2.121320343559586 -1.224744871391598 3.140184917367541e-15 1.042793086735302e-15 -2.356048370197945e-15 -4.634935979511732e-16 3.061680294433352e-15 -1.145269875652756e-15 -2.311968678120259e-15 5.936631484208872e-16 5.887846720064139e-15 3.420552518011059e-15 -4.10291443827863e-15 -1.496480413933045e-15 5.887846720064139e-15 -3.417281492055466e-15 -4.098007899345243e-15 1.544627230980927e-15 3.061680294433352e-15 1.080947377371659e-15 -2.378167374559585e-15 -4.893556680899147e-16 3.140184917367541e-15 -1.12019968883877e-15 -2.375674525931493e-15 4.178471542612835e-16 -3.240370349203899 -2.738612787525568 2.121320343559586 1.224744871391598
-5.551115123125783e-17 1.936491673103679 -1.647988360969151e-16 -9.108704699052422e-15 1.041100153162236e-16 -3.648085033245479e-15 9.54138918593474e-18 -3.62417806144817e-15 5.119892466693628e-15 -1.336771207564025e-15 2.300169098896901e-15 -1.211834104807559e-15 -4.715802673519927e-15 -1.062341789747977e-15 -2.496264762235365e-15 -1.33555583254587e-15 1.0110995967923e-15 -3.425189274623296e-15 4.28442392649486e-15 1.025502549054095e-15 -1.852269188770532e-15 2.373366318133698e-15 3.207083797385321e-15 -1.74256471930843e-15 1.839166366499577e-15 2.465500510541533e-15 -3.250405016427408e-15 -1.77848512287058e-15 -7.353460022956256e-16 -3.1156172384011e-15 -4.579656854400777e-15 8.445132100737765e-16 -9.813077866773567e-16 -2.61951205111108e-15 1.991353414403694e-15 9.755506502767901e-16 -6.260743679001535e-15 -1.360311036562129e-15 5.079857937467968e-15 5.48623818768241e-16 -4.818221232585821e-15 2.961980212550553e-15 3.79819903321636e-15 -1.524879812761799e-15 -8.831770080096209e-16 8.56367643803196e-16 4.9982707834822e-16 -4.337509150578169e-16 7.556069957415646e-16 7.545655996366282e-16 -7.691949609343245e-16 -4.607206855072869e-16 4.612146597383576e-15 3.047427126939158e-15 -3.797996956801846e-15 -1.485243803038442e-15 6.241117523267987e-15 -1.428179066006508e-15 -5.118213133273408e-15 5.19702982412819e-16 8.07125654542126e-16 -2.787845532224825e-15 -2.242055862451677e-15 9.162818185537971e-16
-1.387778780781446e-15 1.52655665885959e-16 5.887651477465283e-15 8.207410445715269e-17 -3.499999999999916 7.068998164605489e-17 2.291287847477881 -3.22441726097189e-16 -2.474873734152855 2.091650066334958 1.620185174601907 -0.9354143466934752 -2.474873734152854 -2.091650066334957 1.620185174601907 0.9354143466934749 -3.499999999999925 2.958039891549487 2.291287847477831 -1.322875655532287 8.078553017515354e-15 2.05110958985359e-15 -1.32088350673909e-15 1.855733976795652e-16 7.965633361250995e-15 -1.950188765154583e-15 -1.236640997936966e-15 -3.871895795301709e-17 -3.499999999999924 -2.958039891549486 2.291287847477831 1.322875655532287 -4.94974746830575 4.183300132669949 3.240370349203818 -1.870828693386971 6.746491033406827e-15 -5.498481788094263e-16 -4.918808416132237e-15 9.732818993242309e-16 2.095092124556156e-15 -3.672181402606971e-15 -1.242495689668388e-15 2.270146768935704e-15 5.469564275992916e-15 5.919214229535103e-15 -2.218711325774336e-15 -2.61820604110035e-15 5.470790910726262e-15 -6.00539299687986e-15 -2.19746096319362e-15 2.660212681066733e-15 1.859578255753591e-15 3.997863890042747e-15 -1.089406342913435e-15 -2.170960962645846e-15 6.564949092871515e-15 8.384119512393784e-16 -5.027662314249781e-15 -1.030047659740486e-15 -4.94974746830575 -4.18330013266995 3.240370349203817 1.870828693386971
1.110223024625157e-16 2.291287847477872 6.01732205729455e-16 3.499999999999911 -1.141662770044866e-16 -0.9860132971836745 -7.001777629911388e-16 -4.850544070284987 2.162648467560771e-14 8.115370274476354e-17 -7.859121339826025e-14 -6.248055562322777e-17 -2.164795088919809e-14 2.581752568847983e-16 7.845145973822687e-14 -1.192301368236296e-16 3.416158415175965e-15 -8.149698262601707e-15 -8.617672547783783e-15 -4.529206467563852e-15 3.88529269521042e-15 8.535644035335723e-15 -8.666678485980128e-15 4.557283663728889e-15 -3.80473647379477e-15 8.538276321220512e-15 8.95073945517133e-15 4.418184165101336e-15 -3.790343689955003e-15 -8.470494304098601e-15 8.550018332220688e-15 -4.620434247258119e-15 2.66915717976241e-15 -5.548413856631531e-15 5.134781488891349e-16 -1.249643660901212e-15 -1.016634866997742e-14 -2.629955012160952e-15 3.948230631323213e-15 6.150723042943812e-17 -1.010747020277677e-14 2.488187568096343e-15 3.736594367254042e-15 3.407534859188659e-17 2.815126713030666e-15 5.342230721451373e-15 2.775557561562891e-16 1.397751226117213e-15 -2.453269466693391e-15 5.286036930890039e-15 -2.914335439641036e-16 1.360665963363728e-15 1.016634866997742e-14 2.629955012160952e-15 -3.948230631323213e-15 -6.150723042943812e-17 1.010747020277677e-14 -2.488187568096343e-15 -3.736594367254042e-15 -3.407534859188659e-17 -2.565199886111277e-15 -5.101437398082962e-15 -2.532696274926138e-16 -1.390608599514019e-15
-3.4555691641458e-15 2.220446049250313e-16 2.304580137835188e-15 1.22514845490862e-16 0.9860132971836764 2.883977778811442e-16 -8.062994716340199e-15 -1.22514845490862e-16 -4.880516821448602 -0.5892556509889819 3.195048252113376 0.2635231383474771 -4.880516821448601 0.5892556509889827 3.195048252113375 -0.2635231383474769 -2.958039891549482 2.49999999999951 1.936491673103473 -1.118033988749786 -3.944053188733162 -3.333333333333119 2.581988897471634 1.490711984999912 -3.944053188733161 3.333333333333118 2.581988897471634 -1.490711984999911 -2.958039891549481 -2.499999999999511 1.936491673103473 1.118033988749786 -4.183300132669941 3.535533905932064 2.738612787525495 -1.581138830084048 9.393568787968995e-15 3.156916412537169e-15 -3.401792736390519e-15 -5.822140169296616e-16 1.041167561664675e-14 -2.284398432036418e-15 -4.40619762898109e-15 -3.218038516378009e-16 -5.57773351022732 -4.714045207910038 3.651483716701142 2.108185106779009 -5.577733510227319 4.714045207910038 3.651483716701141 -2.108185106779008 1.049263350904764e-14 2.345123246738103e-15 -4.373237882937531e-15 2.846724931922608e-16 9.499059375036812e-15 -3.107729217533565e-15 -3.318526009543632e-15 5.266732309092882e-16 -4.183300132669941 -3.535533905932064 2.738612787525494 1.581138830084048
