# Created from matlab git hash 44e5d814ece930399b58c9298dbb19a28bd9b520
# name: foo
# type: matrix
# rows: 48
# columns: 48
1 3.922169695546164e-33 1.184911433395753e-45 1.710569414459005e-46 1.276896050075982e-33 -2.99689848922002e-33 9.737015477101373e-47 -1.54483075129702e-33 2.261261431921238e-33 -1.723933238009466e-47 -7.744587735421478e-34 -8.202264790990266e-34 -5.800968526784101e-47 -5.473822126268817e-47 -5.234342408244556e-47 9.825083074298911e-48 -2.189528850507527e-47 -9.579188720970429e-47 -4.653283360270513e-47 -1.861099522931398e-46 -4.960651301931115e-47 -4.412734536362215e-47 -1.313717310304516e-46 -2.292163015375067e-47 4.221781313350459e-34 6.049618347154656e-34 -3.472455911351781e-47 4.221781313350616e-34 6.049618347155969e-34 -2.856650922146539e-47 4.221781313350352e-34 6.049618347154437e-34 -3.917203959111122e-47 4.221781313350606e-34 6.049618347154437e-34 -1.898732050049496e-47 4.221781313350259e-34 6.049618347154656e-34 1.197398590121304e-48 4.221781313350627e-34 -1.65410143039385e-34 -2.275057321230477e-47 4.221781313350574e-34 6.049618347154437e-34 -5.080391160943245e-47 4.221781313350401e-34 6.049618347154437e-34 -1.282927060844254e-47
-7.006492321624085e-46 1 -7.006492321624085e-46 2.360585791953427e-46 -4.799886313999184e-33 5.834804326928997e-31 3.430707447270947e-33 -5.029985682741293e-34 -2.391540175596375e-31 3.106394056657553e-46 6.235735872617799e-34 -4.659962769122986e-32 1.042274857195913e-34 -4.585745916083927e-34 -5.161774394245726e-33 -2.64011647231971e-33 -1.103472367141546e-33 6.265673588711817e-32 -9.936010140298724e-34 1.537521812075719e-34 -4.808360522084734e-33 7.842619842605167e-34 -1.249734682996548e-33 2.84380500961973e-32 4.639146584595677e-33 5.869913193031688e-34 -2.158566136723879e-32 2.961514400482513e-34 -3.605653301882685e-34 -9.242862028953916e-34 -5.405726053759616e-35 -1.062710056604518e-34 -5.263355666605505e-33 4.175171950072132e-34 2.006918695433021e-34 -2.430510122974793e-32 3.404028965282724e-34 -1.266450980028815e-34 -2.128836852526786e-32 2.16861980097693e-35 -1.117146605110298e-34 -3.198909976016697e-32 7.43305650641456e-35 2.086224329519788e-33 -1.459685915152005e-32 1.308283768915673e-33 -7.044962106059962e-35 -3.530634061350018e-32
-1.766424661474038e-33 3.503246160812043e-46 1 7.70142108114851e-34 1.043027851599223e-30 -8.448509349576297e-34 -1.065879109576454e-32 3.31241013545541e-31 1.192392835893318e-31 4.606813248325346e-33 2.399201376815211e-31 -3.476488440863784e-31 1.12471540880087e-33 -9.256179442097623e-33 -4.186693449246728e-31 -1.214766828039033e-33 5.073621135689232e-33 -1.207417011575704e-31 -3.287774891518273e-33 5.444760855711399e-32 3.553283298754534e-32 -5.205089972157575e-34 -1.942990522054455e-32 1.271856160482882e-31 2.373936807175849e-33 -3.231796446375761e-33 5.773311992043978e-32 1.196876208843679e-34 2.062038411927705e-32 -2.142870694994158e-33 6.144569938085607e-34 -6.139030648475433e-33 5.928508190155375e-32 -2.652180048817853e-33 -2.854682588331492e-33 5.641344225816839e-33 -3.257777766749318e-34 9.051128194798837e-34 -2.579233388904849e-32 -4.675378791062485e-36 2.676089561476153e-33 -8.171481346075612e-32 -1.740482713689515e-34 2.116847308958744e-34 -1.430058623397684e-31 -2.624025782967619e-33 -1.50762464095158e-32 -8.228904895461773e-32
5.200131019955376e-46 2.169002017534019e-46 1.638008248595495e-34 1 2.401273268552952e-32 6.79267114481671e-46 -9.928715255881157e-33 -1.714283136454074e-30 4.321406528081837e-32 -2.397236388190482e-33 1.714283136453984e-30 -3.088811363674054e-32 5.334926451649604e-34 -1.209913478833763e-31 -6.781908273981777e-32 -8.343992457787161e-34 6.43647583168708e-32 -4.82710881540244e-31 -5.334926451655899e-34 1.20991347883358e-31 4.622495353503016e-31 8.343992457783548e-34 -4.587952109273867e-31 4.827108815402605e-31 1.367181677457706e-33 -3.684859764443807e-32 -6.222214976065023e-32 9.832649762514544e-34 -2.057904469193189e-32 -6.593481553070444e-32 -8.133020700328288e-34 -3.830720238540825e-32 1.924655269372064e-32 2.080904267578746e-35 -1.491996920391914e-32 -2.702898569884823e-31 -1.367181677457378e-33 -1.245520893187718e-32 6.222214976064367e-32 -2.524008931761298e-33 2.057904469192989e-32 1.663100895438913e-32 2.354046025542574e-33 -1.099660419090616e-32 -1.924655269371823e-32 -2.080904267592978e-35 1.491996920391618e-32 -1.241405956220113e-31
-1.104170613851407e-35 -4.379057701015053e-47 -3.931616072729688e-30 -1.155705191355859e-32 1 -9.204050129461558e-33 2.2852993161904e-33 2.891656972066331e-31 -1.417405139867877e-31 -1.959250915353518e-32 1.69246527558912e-30 1.38834549442037e-31 -2.263948373213327e-33 2.512451781669909e-31 4.503484654708863e-31 -2.426313610255815e-33 1.475114101402694e-31 -1.029507454952347e-31 -3.360548753760341e-33 3.201326080098211e-31 9.890349806239716e-32 -3.38671015806435e-33 2.209315148404161e-32 -5.714636830461099e-32 1.182370715964913e-33 4.901200180248729e-32 1.078162937212346e-31 2.843037363574592e-34 6.782871290354377e-33 -3.67651220167568e-32 -3.052572862632483e-33 1.110045854205061e-32 -1.593887297332485e-31 1.646413191399523e-35 -4.482196329774661e-32 -1.256731796028347e-31 -3.503976978977763e-33 6.406634802079565e-32 1.331777304153286e-31 2.559826080727776e-33 7.268478934689753e-32 1.37052811481874e-32 -7.835018033673109e-35 -6.786623808706961e-33 -4.727189134727862e-32 2.954683526500988e-34 1.971712450439353e-32 -7.366275793948999e-32
-5.254869241218064e-46 -7.042938803313464e-33 8.055115887496675e-33 -1.441533113550661e-32 7.884283258447905e-34 1 -1.90156919362725e-33 -9.468017874098355e-34 6.753799820496071e-31 -9.216022633914549e-33 -2.246835870896879e-33 -1.285316107345852e-31 -4.026439424330114e-34 1.361879512455168e-34 2.767843946142992e-31 1.279923842729537e-34 -6.56858655152258e-47 -5.239881081541577e-32 -1.080284654558721e-33 -5.394718108237762e-34 2.08612107519688e-32 7.473755388480973e-35 -3.82993270311378e-34 -2.081878979664236e-31 1.647243066998961e-34 3.480087050991999e-34 9.441291087793344e-32 -1.988247088945329e-36 -7.485651022680159e-35 7.02187527123357e-32 -5.321848381719778e-33 -2.840539819362828e-34 -5.638293589350787e-32 -1.79088610789903e-34 -1.011668801620264e-33 3.812220291720768e-32 -1.646209225454321e-33 1.656491500222607e-33 1.740922598323291e-32 -1.030370315654668e-33 -1.555155271476302e-34 1.333151873593682e-31 -1.504603690699337e-35 3.303732105028621e-35 5.966854942316253e-32 -2.954091658713785e-34 3.845691933511046e-34 1.997234864525618e-32
-2.143727750263648e-46 7.184762072768992e-33 1.150045402814941e-32 -1.376443210651243e-32 6.777928952922265e-46 -1.580043453152166e-46 1 -1.404089103210754e-33 -5.549974790756826e-33 -2.463484849556871e-49 3.025169833562512e-46 1.05969228473318e-46 6.543647771245332e-33 2.073934005364872e-30 -7.419151949356464e-33 5.782303872833166e-33 -4.96212194922796e-31 -4.906799694715949e-33 -1.327188286671077e-49 -1.633689122585596e-47 1.097279768471926e-47 -5.111798951683948e-50 1.632639014023695e-47 6.841072852930835e-47 -1.073171176578006e-33 -7.448579164692814e-31 -2.412142941928796e-32 1.469889604424478e-33 -8.290292891409262e-31 -8.376210546017911e-32 1.073171176579977e-33 -4.400298875171361e-32 4.185518820297893e-31 4.693086217613998e-33 -3.542620686905726e-31 -3.106683471503228e-31 -2.125057335016738e-49 4.766429968299792e-48 -3.62300070354339e-48 -3.375487382322128e-49 7.371312218152224e-48 9.295412532983233e-48 -3.09006449406916e-49 -1.078344629274744e-47 -3.721881280707662e-48 4.512452476325165e-49 1.760551906931061e-50 4.407332048026541e-48
