# Created from matlab git hash 44e5d814ece930399b58c9298dbb19a28bd9b520
# name: foo
# type: matrix
# rows: 64
# columns: 64
1 1.322564533064733e-33 3.517427340196804e-33 6.163691319076017e-33 -3.172268281588006e-33 2.056224262513973e-35 -7.365759718406375e-33 4.09324474485697e-33 5.259911878178895e-34 -7.864595406547808e-34 4.913046380192136e-33 -9.405976855628151e-34 2.066735143328291e-33 2.295028370407799e-33 -1.249929441847895e-33 -1.702257078124968e-34 9.899802849547564e-34 2.763622921074641e-35 2.447594365843494e-34 1.313717310304516e-46 -5.507636705609215e-34 2.763622923976451e-35 1.015131414352397e-33 1.970575965456774e-46 -5.507636705565846e-34 1.56838018472412e-33 1.785503392098008e-33 1.689187296778268e-46 -5.507636705591684e-34 -1.513107726266364e-33 -2.066356496671187e-33 0 7.85269319181227e-47 -5.062043898571148e-34 2.085626164362437e-33 6.560033704450285e-47 -7.528236586559759e-47 -5.062043898309506e-34 2.08562616436467e-33 1.740504379212038e-46 -2.753446293117791e-47 -5.062043898550621e-34 2.085626164366969e-33 5.773171773799143e-47 -7.159229497214371e-47 -5.062043898266181e-34 3.626370119874043e-33 3.061919251881619e-47 3.488159279456222e-47 -5.062043898573721e-34 5.448822088537646e-34 7.210050081944707e-47 -4.807056464082303e-47 -5.062043898305579e-34 3.626370119874787e-33 6.380423915932089e-47 4.058977098592656e-47 -5.062043898542917e-34 2.08562616436675e-33 1.093909140546534e-46 -5.330029364914713e-47 -5.06204389826679e-34 5.448822088537865e-34 -2.728358216062113e-47
-5.934943033957744e-34 1 -1.537830648027896e-32 4.490281375678838e-31 -4.633973771442702e-33 1.103574116216728e-31 -1.228397684724436e-32 6.059127266353905e-31 -1.449437023880211e-33 -5.206597475441946e-32 -5.039499176103417e-34 2.934146799840151e-32 9.058943811631768e-34 1.005815499211926e-31 -3.598922615610515e-33 2.035642517758523e-31 -4.598010586065806e-46 -1.964529903523793e-32 -2.513339591424545e-32 3.769220483574327e-32 -1.007106181693121e-33 3.058336799709181e-32 -1.211727359278991e-33 1.329547652230234e-31 4.29261761695087e-35 1.359341480875598e-32 3.943691812831148e-35 3.763697042791252e-32 -3.591459939745397e-33 -1.757870166352878e-32 7.417957826224514e-33 9.547427063176418e-32 -8.869380271673343e-35 -2.036222822826049e-33 3.428004249646453e-33 2.787063221303121e-33 -9.128529492476335e-35 -5.30522075413348e-33 -1.198041761206466e-33 8.657598194111565e-34 1.60399344604859e-33 -1.178329298832234e-32 -1.681212109246842e-34 -3.110076967729025e-33 -3.916774410563924e-34 -8.15573629930339e-33 -7.260653681578482e-34 -3.89701927542288e-33 8.874720919407468e-34 -1.239590892243552e-32 4.516711536462745e-34 -1.185824226890832e-32 -2.091538894632124e-34 -8.729565781830027e-33 1.84396300651401e-33 4.588427539457297e-32 5.322181816744454e-33 -2.379515224252254e-34 -7.886171002984134e-35 6.700187034423874e-33 2.109360087310397e-34 4.702596289055527e-34 4.26026623892286e-33 6.69608971800107e-33
6.885285245938947e-34 3.503246160812043e-46 1 6.875850203469746e-33 -8.651473119561368e-31 -9.458764634192515e-45 8.487669242740486e-32 -1.899050434895253e-32 -4.917818059387974e-32 -9.694449341062668e-32 -7.004428621311059e-31 -2.533508241291961e-31 -1.495409694449153e-32 2.3252148931098e-31 -2.390469729423555e-31 5.131631400573457e-31 -1.713687539172802e-32 7.906070731027743e-32 -3.369383632494558e-32 -2.126109060652104e-31 -2.888219299124339e-33 -6.444671961369236e-33 3.510184134124417e-32 -1.114078628025052e-31 -3.447934530409638e-33 -1.193663835546369e-32 -1.478590136432378e-32 3.950779492965005e-32 -6.34735689818496e-33 -1.284656377138395e-32 -5.927277474665741e-32 -4.622374402883223e-32 1.004784866422701e-33 3.214701794100981e-32 -1.647985023737335e-32 -1.797588500102684e-32 -3.314506211011252e-33 5.121111474625328e-32 -8.558403290207686e-34 4.006624589871613e-32 -7.437903535693211e-34 -1.459995796244075e-32 -1.852603527281947e-32 -3.024302158445188e-32 -6.429367891708973e-35 5.781974472370464e-33 7.63913717692912e-33 -4.424561818106853e-33 -1.898374248262304e-34 -7.613064149579201e-35 -2.414264461631144e-32 -1.367512717396639e-33 1.83130765813491e-33 3.457849474419458e-34 -2.066808462426304e-32 5.857249725887733e-33 2.315611293767578e-33 1.095490148085304e-32 -2.299205044504758e-32 -3.854050794542241e-33 -1.856428990016863e-33 8.538841209942018e-33 -1.959632917366378e-33 -9.887804826177059e-32
1.261640123491321e-33 4.654899939823316e-31 -2.4435343101828e-33 1 -1.649102066810743e-32 -1.541288900003778e-29 -1.304959194902486e-44 -2.649858981249503e-32 1.098794723997966e-31 5.169922786991481e-31 3.074188590061953e-30 1.916233076728613e-31 -1.800667166101122e-32 -4.146914219474009e-31 2.699643981840529e-32 1.315356234390844e-31 -4.99624858027994e-32 2.273132805820355e-31 -4.066507595761971e-31 2.49495132842719e-31 -1.844366250606246e-32 -1.262354259218694e-33 1.796840036405243e-31 -7.83928419392713e-33 1.15654602108176e-32 -1.96996778305662e-32 -1.447789267480302e-31 -7.017718504182388e-32 -5.100976068439116e-33 -3.1250658089369e-32 4.06956112561646e-31 -3.902097143300159e-31 2.091987377448621e-32 -5.175617283008194e-32 2.633206263880833e-32 -3.974322572739179e-32 -1.512683256659839e-32 -6.125329193204948e-32 2.242253643951673e-32 4.857404770842835e-32 -3.610162116981549e-33 -4.055597927419038e-33 1.149157077381928e-31 -3.739621290031471e-32 -1.003686671759519e-33 2.411202125368238e-32 2.078055175253285e-32 3.002284743740246e-32 2.861381029576336e-35 -3.513187168028865e-32 9.541654469080272e-33 1.318264569246811e-32 9.741292686495098e-33 4.160104185099376e-33 3.596075572577272e-32 -2.486397748734521e-33 1.960116832753692e-33 -3.981579455540789e-32 -8.045199158231985e-32 6.251194771947145e-32 -7.912171679218836e-33 -1.575577940708189e-31 -8.776544494818578e-32 -1.375816253231215e-31
-2.209506758100319e-33 -1.606102492877185e-32 4.446663529345213e-31 3.775427222181593e-32 1 -1.839572306835151e-34 1.835305525157696e-31 8.344948304014048e-33 -1.918037914335136e-33 -2.923218007811203e-30 -9.251503164897435e-33 3.126828221096422e-33 1.918037914336713e-33 -3.387669233956766e-30 3.088527342817993e-33 -3.126828221103867e-33 2.322937380559353e-31 -2.95859660317244e-33 -8.047625638562155e-31 -1.235636017005084e-31 1.677039715012864e-31 -5.859606293325398e-31 1.359281696971698e-30 -2.187571128742671e-31 -2.32293738055928e-31 -7.859023086178509e-31 8.047625638562029e-31 2.495598854788626e-32 2.951125480395926e-32 5.85960629332533e-31 -5.704207917507192e-31 1.201494997216432e-31 -1.761479577276966e-32 4.75680832804171e-32 -4.92431566917174e-32 5.518117832550788e-32 -1.27995732683938e-33 -8.411670358009006e-33 -3.028407513356691e-31 -3.451421748972572e-32 -1.763289544765508e-32 1.806236347514925e-32 7.938413142409146e-32 4.050340257650167e-32 -1.924636280667747e-32 3.436791328354786e-31 2.651291067271981e-31 5.75855827269865e-32 -3.168901080354538e-32 1.496471430248551e-31 2.464583829969725e-31 1.420340479797384e-31 1.279957326838789e-33 8.411670358008973e-33 7.017911877793287e-33 3.451421748972645e-32 5.306943803578317e-33 6.589539813012765e-33 1.922348172853475e-32 8.800403999809711e-33 1.924636280667996e-32 -3.436791328354686e-31 -4.623443330324498e-31 1.396296435782635e-31
