# Created from matlab git hash 44e5d814ece930399b58c9298dbb19a28bd9b520
# name: foo
# type: matrix
# rows: 64
# columns: 64
2.06706129615948e-29 7.543165637659142e-15 -3.762390874330654e-16 1.152237583805419e-14 -4.667730053472788e-16 2.334195107542417e-14 -1.973115858702774e-16 7.956751799994858e-15 5.168813251833159e-16 3.37682626627336e-14 -3.101131462220687e-17 1.092404617708783e-14 -1.432353895284784e-16 3.32103622126776e-14 4.011365157595482e-16 1.117354684328847e-14 -3.904724344687114e-16 4.765155782779904e-14 -3.853633495926415e-16 1.560062160551971e-14 3.405081457428175e-16 4.826934917528882e-14 -8.639024696443823e-16 1.532433691574011e-14 -3.904724344686889e-16 4.765155782779906e-14 -3.853633495926581e-16 1.56006216055197e-14 -5.930378649517469e-16 4.748035879236556e-14 -2.527531469684058e-16 1.567718414170215e-14 2.699015034173657e-15 6.556713827609069e-14 7.911802903606999e-16 1.874098077153585e-14 2.146803621615128e-15 6.51004344512573e-14 1.152687518598964e-15 1.894969706707323e-14 2.699015034173723e-15 6.556713827609081e-14 7.911802903606491e-16 1.874098077153584e-14 3.18056627198173e-15 6.597412335359401e-14 4.759310048956681e-16 1.855897151171078e-14 2.699015034173659e-15 6.556713827609072e-14 7.911802903606978e-16 1.874098077153585e-14 2.146803621615164e-15 6.510043445125735e-14 1.152687518598943e-15 1.894969706707322e-14 2.699015034173732e-15 6.556713827609083e-14 7.911802903606415e-16 1.874098077153584e-14 1.860332842558182e-15 6.485832245348199e-14 1.34022666565916e-15 1.905797284411204e-14
1.332267629550046e-15 -3.000000000000024 -3.872983346207406 -4.582575694955838 -4.582575694955787 -3.872983346207103 2.999999999999957 1.73205080756888 -3.880974500167957e-15 -8.241344314962535e-14 2.371219847943609e-14 -1.378069697801955e-14 -6.480740698407826 -5.477225575051173 4.242640687119227 2.44948974278321 -4.818496214668237e-15 -9.61900688136319e-14 1.650940708460037e-14 -2.156247136954794e-14 -2.997558695311308e-14 -8.089414629723387e-14 3.443998309589368e-14 -3.281438381817545e-17 -5.869925467104614e-15 -1.872616077455984e-14 1.772808514928258e-14 4.690818805643583e-15 -9.165151389911673 -7.745966692414122 5.999999999999928 3.46410161513783 -1.856098385987912e-15 -1.211299807877926e-13 9.956909370817729e-15 -3.213103659236002e-14 -2.484017400504206e-14 -1.11372679153619e-13 2.239873550463355e-14 -1.548780108811498e-14 -3.132509100323875e-15 -6.931516889972246e-14 1.229164683073405e-14 -1.545164717106562e-14 -6.009977250526443e-14 -8.935583009833918e-14 4.95680819788562e-14 1.537289026621061e-14 -1.412658335596223e-15 -1.087790238416645e-14 1.11544112982505e-14 1.978710740088591e-15 -2.399386870058778e-14 -1.541305027422633e-15 2.605864944981788e-14 2.041714189125369e-14 -4.043008252278117e-15 4.83197453751839e-14 8.42165751051751e-15 2.38250489953915e-14 -12.96148139681575 -10.9544511501023 8.485281374238484 4.89897948556649
-2.942091015256696e-15 3.872983346207511 -4.476146301886522e-16 1.256231497293194e-13 -1.681204006187097e-15 4.774260043642108e-14 1.015377763433281e-15 3.50381504664394e-14 -6.458219088493064e-14 5.965164428187445e-14 3.533366783612581e-15 4.958552574654827e-14 6.243679193119603e-14 -2.395393015247636e-14 -2.639167048857283e-15 -2.38369374541986e-14 -1.467512490478723e-14 1.343928393172525e-13 -3.121249791293107e-14 3.305633581672441e-14 -2.255599205758427e-14 -1.860943319291315e-14 1.055485523780141e-15 3.557082442662334e-15 -2.719001067076171e-14 -8.876359819669755e-14 3.138652543289922e-14 -3.689683272326095e-15 6.451856638208186e-14 1.002435944221657e-15 -1.515667154613341e-15 -2.126813638957597e-14 4.449439595178756e-16 1.815465861377924e-13 -3.287126053254189e-14 4.318648217581323e-14 3.597448533067779e-14 1.051066005629773e-13 -4.782625998176055e-14 -3.680994908816447e-16 -8.170448857682848e-15 -8.067921323016218e-15 -1.06369487997619e-14 -4.363831006321127e-15 -1.032468344559545e-14 -5.866643356061172e-14 -2.059690741337201e-15 -1.364370861127827e-14 -9.800655039193595e-15 -8.53818502561948e-14 1.030871968140859e-14 -1.818164928100966e-14 -4.584285479862293e-14 -1.122292886590111e-13 4.399663239937196e-14 2.315194718140665e-15 -1.347116216710589e-14 -5.384782925690968e-14 3.228051251889572e-14 3.932013128584441e-15 5.371634142011949e-14 6.31616199101298e-14 2.529860084468583e-15 1.111640070847316e-15
-2.220446049259362e-16 -4.582575694956194 -1.166515997209611e-15 -7.00000000000049 -6.999999999999852 -5.91607978309999 4.582575694955855 2.645751311064382 -4.628451528793415e-13 -6.77352777195625e-13 3.505207490849804e-13 9.63155655253374e-14 -9.899494936612193 -8.366600265340667 6.480740698408176 3.741657386774203 -1.962547316220073e-14 -2.425509627085386e-13 8.085198976085406e-14 -4.352421878440704e-14 -8.798888111199618e-13 -7.004016103728401e-13 5.640740044823433e-13 3.379307812390948e-13 -1.557552855640803e-13 -1.415343349441453e-13 8.843150159137884e-14 5.251355817149682e-14 -14.00000000000087 -11.83215956619907 9.165151389912191 5.2915026221296 5.214446244394372e-15 -2.3769343286036e-13 5.798222135320932e-14 -4.704961609742112e-14 -1.664298432472686e-13 -1.508069405908817e-13 1.272147374517712e-13 6.551340234981032e-14 -3.77595308318788e-15 7.962312492958994e-14 -4.484203753160275e-15 2.213493390344494e-14 -1.262135918848451e-12 -9.855920536496647e-13 8.031989419374934e-13 4.914915579575557e-13 -2.751929942653473e-14 -4.112413898713562e-15 -4.372415857799984e-15 9.077633116860578e-15 -2.073014915999982e-13 -2.326237273096005e-13 1.292043001987078e-13 6.000371422678196e-14 -6.765815458475551e-14 -1.543675255681078e-13 6.483809336066126e-14 1.052300229080476e-14 -19.79898987322463 -16.73320053068125 12.96148139681647 7.483314773548527
-3.129599868156668e-29 4.582575694956194 9.956753018251467e-16 7.000000000000498 4.122678351150668e-16 -1.972026594367541 2.68951241060122e-17 -9.70108814057091 -8.750275705266809e-13 6.90933924158425e-13 3.33212206701375e-13 6.197113263029302e-13 8.739560881567401e-13 -6.917245325820529e-13 -3.32506755703382e-13 -6.193212091893019e-13 6.581726289530664e-13 9.527480858462927e-13 -5.047074012365424e-13 -1.359253205607757e-13 -2.09212127252081e-13 9.167492088679762e-14 6.298217357429923e-14 8.874104542474848e-14 -6.581726289530663e-13 -9.527480858462929e-13 5.047074012365423e-13 1.359253205607756e-13 2.079458054853472e-13 -9.272402962690974e-14 -6.20764890921596e-14 -8.823532345514732e-14 2.570853545673193e-14 3.290234118437784e-13 -1.104605375658262e-13 5.709694728254755e-14 1.249232293562443e-12 9.887928655282617e-13 -7.91932570688873e-13 -4.778565798523241e-13 2.172444842690113e-13 1.94599939011512e-13 -1.181736491253558e-13 -7.696676716915055e-14 -1.691822256725401e-13 5.977670189306886e-14 2.05256450431142e-14 6.563973279433355e-14 -2.570853545673199e-14 -3.290234118437784e-13 1.104605375658262e-13 -5.709694728254753e-14 -1.249232293562443e-12 -9.887928655282617e-13 7.919325706888729e-13 4.778565798523243e-13 -2.172444842690112e-13 -1.945999390115121e-13 1.181736491253558e-13 7.696676716915058e-14 1.677119265980897e-13 -6.097801429908564e-14 -1.944780995451578e-14 -6.519256547446447e-14
