# Created from matlab git hash 44e5d814ece930399b58c9298dbb19a28bd9b520
# name: foo
# type: matrix
# rows: 64
# columns: 64
-1.733046556199452e-29 3.77936120980877e-15 8.06226615927983e-17 5.855171707393436e-15 3.457798433146463e-16 1.099960442611744e-14 -1.127746268348168e-16 3.631871227108395e-15 -1.23489253502369e-16 1.564549583995991e-14 1.867509313402301e-16 5.381350234220574e-15 3.655172905084308e-16 1.605878180122072e-14 -1.333789976966668e-16 5.196523133515469e-15 1.678282436097657e-16 2.167389637584983e-14 5.933558831467194e-17 6.625898565646192e-15 -6.811933500661236e-18 2.152629848711849e-14 1.736644213130938e-16 6.69190634815399e-15 1.678282436097887e-16 2.167389637584985e-14 5.933558831465509e-17 6.625898565646186e-15 6.847477531286374e-16 2.211077309867193e-14 -2.790676660524329e-16 6.430521355642717e-15 3.617321777405557e-16 3.087229468745407e-14 4.297682495289855e-16 9.184130056903424e-15 5.990771560027755e-16 3.107288780567075e-14 2.743894882855307e-16 9.094422087273141e-15 3.617321777405901e-16 3.087229468745411e-14 4.297682495289605e-16 9.184130056903419e-15 3.520986489980273e-16 3.086415286964922e-14 4.360748744821656e-16 9.187771188517799e-15 3.617321777405586e-16 3.087229468745408e-14 4.29768249528982e-16 9.184130056903426e-15 5.990771560028128e-16 3.107288780567078e-14 2.743894882855067e-16 9.094422087273128e-15 3.617321777405983e-16 3.087229468745413e-14 4.29768249528954e-16 9.184130056903414e-15 1.330111737019674e-15 3.169072479217082e-14 -2.041849835916474e-16 8.818116987107565e-15
4.440892098499841e-16 -1.500000000000012 -1.936491673103703 -2.291287847477919 -2.291287847477893 -1.936491673103551 1.499999999999978 0.86602540378444 -1.797906472088045e-15 -4.051156276779192e-14 1.155762319213578e-14 -6.899829243042102e-15 -3.240370349203912 -2.738612787525589 2.121320343559614 1.224744871391606 -1.87605707755977e-15 -4.651648872346887e-14 8.31041904754749e-15 -9.68654740372685e-15 -1.441213805646053e-14 -3.999416162379366e-14 1.688857138016038e-14 -1.948882146458489e-16 -2.057003385227012e-15 -8.817106768609424e-15 8.378424247188255e-15 1.914057850532768e-15 -4.582575694955835 -3.872983346207059 2.999999999999964 1.732050807568915 -2.068926849522712e-15 -5.811596814689247e-14 3.367507439585537e-15 -1.539022280554645e-14 -1.053423136008943e-14 -5.547904099311861e-14 1.192444992789775e-14 -8.153430443634318e-15 -1.58865282283741e-15 -3.405607563227924e-14 5.956466529601233e-15 -6.994234087188473e-15 -2.904513956544037e-14 -4.399572478835651e-14 2.422127134771144e-14 7.291731683099515e-15 -5.699646415260095e-16 -6.140417208838174e-15 5.64928349574771e-15 6.061937495396271e-16 -1.095255027487468e-14 -7.317272621171751e-16 1.273290614949254e-14 8.840269730667732e-15 -5.926760249042551e-16 2.238412512089324e-14 4.735960129859995e-15 9.626376678934933e-15 -6.480740698407876 -5.477225575051152 4.242640687119242 2.449489742783245
-1.498801083243975e-15 1.936491673103755 -1.163104329706187e-16 6.308025182049726e-14 -8.178217173151191e-16 2.457214333141117e-14 3.359262174997151e-16 1.761577666432897e-14 -3.201178218399282e-14 3.046334627406996e-14 1.538805500829141e-15 2.464385712443846e-14 3.14772402080039e-14 -1.212078635965249e-14 -1.6736617960668e-15 -1.226570919588258e-14 -7.256515555635095e-15 6.631957397314516e-14 -1.544404683691951e-14 1.53242058304859e-14 -1.049023094012169e-14 -8.185393840434524e-15 1.706261643436224e-16 1.444686376005726e-15 -1.367553463958279e-14 -4.394679211294293e-14 1.588295594444193e-14 -1.414168555927892e-15 3.298771874849744e-14 7.087158063925897e-17 -1.11939342401073e-15 -1.253029439549297e-14 -7.470834636200074e-16 8.77296217818309e-14 -1.391569543850111e-14 1.957907355790459e-14 1.765882448012249e-14 5.206848764335221e-14 -2.379391956269017e-14 1.904481681810482e-17 -2.85538592469041e-15 -4.448645141152438e-15 -5.115220460477653e-15 -2.593086819118496e-15 -4.216954920688182e-15 -2.74484941683264e-14 -1.007459269568946e-15 -6.783645602969181e-15 -5.001317721105245e-15 -4.095784119375723e-14 4.505960767620061e-15 -7.90977113597115e-15 -2.3562779005372e-14 -5.582425958256381e-14 2.284384730982324e-14 1.229177983560713e-15 -7.65102430386707e-15 -2.787015601127461e-14 1.693798759941481e-14 2.119669894844273e-15 2.975374120313599e-14 2.770266310259497e-14 3.588258028399311e-16 -3.95686810795349e-15
-3.33066907388049e-16 -2.291287847478096 2.2076534430867e-17 -3.500000000000242 -3.499999999999924 -2.958039891549991 2.291287847477927 1.32287565553219 -2.32467406798218e-13 -3.387888081753605e-13 1.762435951780769e-13 4.774315866559607e-14 -4.949747468306092 -4.183300132670333 3.240370349204086 1.8708286933871 -1.131282953745414e-14 -1.204909981945987e-13 4.130001235433345e-14 -2.12286118782851e-14 -4.400509879594124e-13 -3.517770872146701e-13 2.822714962232835e-13 1.693510097264085e-13 -7.73766918428977e-14 -6.933181666612553e-14 4.414379232270276e-14 2.661219603657301e-14 -7.000000000000427 -5.91607978309953 4.582575694956094 2.645751311064798 2.053689669670373e-15 -1.171184732311111e-13 2.942199760090356e-14 -2.365623020479916e-14 -8.411265836559382e-14 -7.60687983465508e-14 6.41685865899127e-14 3.283094249299444e-14 -2.131815758215265e-15 3.892254392258346e-14 -2.77857202264874e-15 1.070551442191098e-14 -6.316367640918499e-13 -4.943104106908628e-13 4.02271287629621e-13 2.457612890332282e-13 -1.269488722802746e-14 -1.072970306522162e-15 -2.657880829061595e-15 4.696292364310833e-15 -1.043823952887897e-13 -1.138151935234381e-13 6.4362364045142e-14 3.136201061818525e-14 -3.270459686423249e-14 -7.562535933436311e-14 3.175929518418638e-14 5.44174017620198e-15 -9.899494936612308 -8.366600265340615 6.480740698408233 3.741657386774261
2.220446049250304e-16 2.291287847478093 2.687422053158072e-17 3.500000000000246 4.286725358903329e-16 -0.9860132971837694 5.700572173471437e-17 -4.850544070285451 -4.345169316362157e-13 3.466600019992103e-13 1.647019000050715e-13 3.097887520764046e-13 4.346239649300888e-13 -3.465867336866624e-13 -1.647336285991684e-13 -3.098156581937289e-13 3.303330489043215e-13 4.755477456628018e-13 -2.527488752617726e-13 -6.758699001958028e-14 -1.014966476116147e-13 4.820868814736624e-14 2.98892501486434e-14 4.378156134784281e-14 -3.303330489043215e-13 -4.755477456628015e-13 2.527488752617726e-13 6.758699001958023e-14 1.016940024908413e-13 -4.803132858704745e-14 -3.000786367575187e-14 -4.38426058155768e-14 1.408388000229495e-14 1.635429951053989e-13 -5.615619145131677e-14 2.926138311940737e-14 6.24666893201851e-13 4.951484140496665e-13 -3.95986561048497e-13 -2.388965414473141e-13 1.096252533734316e-13 9.534474105290485e-14 -5.800283488056205e-14 -3.98098359988188e-14 -8.11264558910185e-14 3.310768402772988e-14 7.563452731452419e-15 3.164142131048326e-14 -1.408388000229495e-14 -1.635429951053989e-13 5.615619145131679e-14 -2.926138311940736e-14 -6.246668932018508e-13 -4.951484140496665e-13 3.95986561048497e-13 2.38896541447314e-13 -1.096252533734316e-13 -9.534474105290484e-14 5.800283488056206e-14 3.980983599881879e-14 8.156481325079636e-14 -3.271698507339052e-14 -7.793443373340155e-15 -3.18617669988259e-14
