# Created from matlab git hash 00e16b208fbf08652b67ace82ddc532522841f31
# name: foo
# type: matrix
# rows: 64
# columns: 64
0 0 0 0 0 0 0 0 0 0 0 0 0 0 0 0 0 0 0 0 0 0 0 0 0 0 0 0 0 0 0 0 0 0 0 0 0 0 0 0 0 0 0 0 0 0 0 0 0 0 0 0 0 0 0 0 0 0 0 0 0 0 0 0
-1.387778780781446e-16 1.040834085586084e-17 -0.2581988897471574 -2.110128478199913e-17 -0.3055050463303833 -3.572446158339737e-17 0.1999999999999929 1.81400575983981e-17 -0.2160246899469244 0.1825741858350362 0.1414213562373044 -0.08164965809277265 -0.2160246899469245 -0.1825741858350362 0.1414213562373044 0.08164965809277265 -0.3055050463303846 0.2581988897471346 0.1999999999999935 -0.1154700538379255 5.157144033862803e-16 2.153633492290061e-16 -6.132962142664278e-16 -1.063902014545854e-16 5.256206596042671e-16 -2.047729861499442e-16 -6.164519923343478e-16 9.699589965400763e-17 -0.3055050463303844 -0.2581988897471347 0.1999999999999936 0.1154700538379255 -0.4320493798938529 0.3651483716700757 0.2828427124746112 -0.1632993161855464 4.51401581871584e-16 1.189691712992609e-16 -2.850045744864806e-16 -7.867100910658437e-17 4.219623482712633e-16 -1.286449965621943e-16 -2.948176523532547e-16 6.449290615485066e-17 7.89952768275272e-16 4.609569486252782e-16 -5.268049063887112e-16 -2.002919833573232e-16 7.89952768275272e-16 -4.601391921363801e-16 -5.268049063887112e-16 2.08124270211802e-16 4.317754261380369e-16 1.350497958695351e-16 -3.138205959297799e-16 -8.049746907579103e-17 4.51401581871584e-16 -9.961752077339396e-17 -2.850045744864806e-16 6.677364744867916e-17 -0.4320493798938531 -0.3651483716700758 0.2828427124746114 0.1632993161855464
6.938893903907228e-18 0.2581988897471571 -2.421840325102252e-17 -1.176777090445119e-15 -1.719231592150481e-18 -4.772353955257136e-16 4.389441566469648e-18 -4.996272280899081e-16 6.403251885395053e-16 -1.571697898550546e-16 3.529849625476477e-16 -1.746606849166657e-16 -5.920675286710354e-16 -1.37694838010158e-16 -3.598742251884362e-16 -1.86394881234694e-16 1.340797972684945e-16 -4.397639306514177e-16 6.198186968112205e-16 9.604190474031098e-17 -2.181230889176562e-16 3.195448972788459e-16 4.499094736484884e-16 -2.19005495532613e-16 2.211962026994987e-16 3.181380535179722e-16 -4.377829012192428e-16 -2.323331868774925e-16 -1.018020986793465e-16 -4.172402437771316e-16 -6.58594870994788e-16 7.670721351747175e-17 1.471961680016031e-17 -4.190784225666368e-16 3.320783243905881e-16 1.155305501916374e-16 -8.390181576091398e-16 -2.000799726824489e-16 6.767053380590495e-16 6.30899729523886e-17 -6.525696781404421e-16 4.133712837198303e-16 4.982194040584045e-16 -2.008214229083692e-16 -1.349298206681365e-16 1.100181811436246e-16 8.887988606280523e-17 -5.988054210373434e-17 1.324765512014431e-16 1.075649116769301e-16 -7.219708809841845e-17 -8.730201356191343e-17 6.427566002736686e-16 4.186180745957461e-16 -5.090582766347616e-16 -2.012993870580523e-16 8.193920018755927e-16 -2.194316232083159e-16 -6.774463254284119e-16 6.415926476997711e-17 3.158584438367742e-17 -3.621047917958832e-16 -2.966511251499597e-16 1.661666898700852e-16
-2.081668171172169e-16 1.734723475976807e-17 7.123208273229764e-16 6.633284416537877e-17 -0.4666666666666553 5.112013243269153e-17 0.3055050463303841 4.255493527005605e-18 -0.3299831645537138 0.2788866755113277 0.2160246899469208 -0.1247219128924633 -0.3299831645537138 -0.2788866755113276 0.2160246899469209 0.1247219128924633 -0.4666666666666565 0.3944053188732648 0.3055050463303774 -0.1763834207376383 1.083332269648672e-15 2.662302993743372e-16 -1.303211011327576e-16 2.405293135385191e-17 1.074590889633009e-15 -2.761934638285751e-16 -1.339125208291159e-16 -1.594562870190281e-17 -0.4666666666666566 -0.3944053188732648 0.3055050463303774 0.1763834207376383 -0.6599663291074334 0.55777335102266 0.4320493798938423 -0.2494438257849295 8.985099421764545e-16 -5.607612566964349e-17 -6.600622826091751e-16 1.063268868607532e-16 2.792127311780416e-16 -5.385926413484485e-16 -1.825796458465589e-16 3.130432328949805e-16 7.430339897247609e-16 8.053276963919541e-16 -2.886146183156413e-16 -3.503512600565048e-16 7.45333929849786e-16 -8.014562306032569e-16 -2.951740414591786e-16 3.576255335381837e-16 2.716995934362931e-16 5.195606428250401e-16 -1.96186383111252e-16 -2.95431599876661e-16 8.997365769098012e-16 6.946096457136402e-17 -6.293793611278353e-16 -1.130570358614002e-16 -0.6599663291074334 -0.55777335102266 0.4320493798938423 0.2494438257849295
-4.163336342344337e-17 0.3055050463303829 1.783089057265028e-17 0.4666666666666547 -1.519237053424392e-17 -0.1314684396244899 3.318675087342349e-17 -0.6467392093713311 2.873628552140694e-15 -4.720924394094104e-18 -1.047359627411731e-14 -1.8171283886351e-18 -2.868420659260261e-15 3.422035733419741e-18 1.046511239211761e-14 -2.870856047522046e-18 4.933458697987965e-16 -1.146840146550801e-15 -1.122095038413873e-15 -5.780471400649151e-16 5.028190862808856e-16 1.176905166237388e-15 -1.131744437748994e-15 5.933903956544467e-16 -4.864069758948892e-16 1.132962358742987e-15 1.101278356702151e-15 5.919249278727295e-16 -5.20849135475259e-16 -1.199506610178069e-15 1.121769777762127e-15 -5.895187140991333e-16 3.594039768705819e-16 -6.794114296007649e-16 6.461844948013606e-17 -1.880167739580771e-16 -1.324765512014431e-15 -3.485933801945913e-16 5.251875323519783e-16 5.113425566398453e-17 -1.325992146747778e-15 3.368444214740234e-16 5.199833619240479e-16 -2.969952861766737e-17 3.623172343622803e-16 6.72478155874908e-16 8.847089727481716e-17 1.713812957228035e-16 -3.471376295371149e-16 6.610884128857598e-16 -2.125036258071589e-17 1.186278349190049e-16 1.324765512014431e-15 3.485933801945913e-16 -5.251875323519783e-16 -5.113425566398453e-17 1.325992146747778e-15 -3.368444214740234e-16 -5.199833619240479e-16 2.969952861766737e-17 -3.479629726340639e-16 -6.477536917579044e-16 -1.994931997373328e-17 -1.107304996382519e-16
-4.597017211338539e-16 1.214306433183765e-17 2.96637714392034e-16 -1.599198204416119e-17 0.13146843962449 1.398620802506301e-17 -1.088972662044441e-15 1.192622389734055e-18 -0.6507355761931468 -0.0785674201318642 0.4260064336151167 0.03513641844633032 -0.6507355761931468 0.07856742013186409 0.4260064336151168 -0.03513641844633028 -0.3944053188732641 0.3333333333332681 0.2581988897471298 -0.1490711984999714 -0.5258737584977548 -0.4444444444444157 0.3442651863295512 0.1987615979999882 -0.5258737584977545 0.4444444444444157 0.3442651863295512 -0.1987615979999882 -0.3944053188732641 -0.333333333333268 0.2581988897471298 0.1490711984999714 -0.5577733510226587 0.4714045207909417 0.365148371670066 -0.210818510677873 1.226021415980022e-15 4.264493994595764e-16 -4.623038063478191e-16 -6.259830296126033e-17 1.372604266614952e-15 -2.908716636433365e-16 -6.093216209368535e-16 -2.964377301420308e-17 -0.7436978013636427 -0.6285393610546719 0.4868644955601519 0.2810913475705344 -0.7436978013636427 0.6285393610546718 0.4868644955601519 -0.2810913475705344 1.373217583981626e-15 3.02116693927688e-16 -5.520757462296189e-16 2.328451388071688e-17 1.241354350146856e-15 -4.491748133745843e-16 -4.81385764583564e-16 4.464029657626622e-17 -0.5577733510226588 -0.4714045207909418 0.3651483716700659 0.210818510677873
