# Created from matlab git hash 00e16b208fbf08652b67ace82ddc532522841f31
# name: foo
# type: matrix
# rows: 64
# columns: 64
0.9999999999999892 -2.769840089168925e-17 -5.579404316869977e-17 2.548012480340695e-17 4.464686399980707e-18 -1.595793018359023e-17 -8.171369329288047e-17 1.948603311869749e-17 -1.040116026473556e-18 1.173104531585492e-17 1.348173765102005e-16 1.558311082320945e-17 -1.040116026473556e-18 1.173104531585492e-17 1.348173765102005e-16 1.558311082320945e-17 2.430684033235779e-18 1.307823703556013e-18 2.466525627555595e-16 5.259084496588358e-18 2.430684033235779e-18 1.307823703556013e-18 2.466525627555595e-16 5.259084496588358e-18 2.430684033235779e-18 1.307823703556013e-18 2.466525627555595e-16 5.259084496588358e-18 2.430684033235779e-18 1.307823703556013e-18 2.466525627555595e-16 5.259084496588358e-18 0 -5.669428865000045e-18 6.877486884850974e-16 -2.299605807929061e-18 0 -5.669428865000045e-18 6.877486884850974e-16 -2.299605807929061e-18 0 -5.669428865000045e-18 6.877486884850974e-16 -2.299605807929061e-18 0 -5.669428865000045e-18 6.877486884850974e-16 -2.299605807929061e-18 0 -5.669428865000045e-18 6.877486884850974e-16 -2.299605807929061e-18 0 -5.669428865000045e-18 6.877486884850974e-16 -2.299605807929061e-18 0 -5.669428865000045e-18 6.877486884850974e-16 -2.299605807929061e-18 0 -5.669428865000045e-18 6.877486884850974e-16 -2.299605807929061e-18
4.163336342344337e-17 0.9999999999999876 -5.424786996233578e-17 -3.096133256933623e-15 2.990334817423058e-18 -1.630356909793506e-15 -1.577950089723797e-17 -3.02080708186306e-15 5.889210473954173e-18 -6.119418914840767e-16 -9.049611878103714e-17 -1.041733917260656e-15 -1.352451214121566e-17 -6.061415420337332e-16 1.033236971566054e-16 -1.044075857762324e-15 -1.210413233703175e-17 -2.338151458127464e-16 -3.003211995502888e-16 -3.921111811792804e-16 -1.419071362524096e-18 -2.586531397118002e-16 -1.071638055568918e-16 -3.579785305603603e-16 5.923722320989974e-19 -2.54434515388243e-16 1.050755466722502e-16 -3.529024981640515e-16 2.081841232447912e-17 -2.233276771870448e-16 3.086412815215081e-16 -3.799188500733139e-16 -6.224395548296345e-19 -5.092627447335975e-17 -1.04190466771459e-15 -6.377565858774572e-17 -6.224395548296345e-19 -5.338120918437914e-17 -7.438164898687045e-16 -7.349668055250863e-17 -6.224395548296345e-19 -5.583614389539853e-17 -4.461619928918122e-16 -7.627880861336393e-17 -6.224395548296345e-19 -5.829107860641793e-17 -1.480738150459262e-16 -8.079566015019637e-17 -6.224395548296345e-19 -6.074601331743735e-17 1.495806819309671e-16 -8.010834125909739e-17 -6.224395548296345e-19 -6.320094802845675e-17 4.47235178907859e-16 -6.380851108420817e-17 -6.224395548296345e-19 -6.565588273947616e-17 7.453233567537455e-16 -6.659063914506351e-17 -6.224395548296407e-19 -6.811081745049556e-17 1.042544172861643e-15 -4.942344723218586e-17
-5.551115123125783e-17 -5.355958732078392e-17 0.999999999999984 -1.087091265463548e-17 -3.091833622280659e-15 -8.767882387472829e-18 1.527624682702783e-14 2.543084492829221e-17 -6.1643741033824e-16 1.165989644309287e-15 2.679656491274759e-15 1.991872299145069e-15 -6.020006691458116e-16 -1.159170589885062e-15 2.685304506967051e-15 -1.992973004960839e-15 -1.385853919421902e-16 7.684675795038196e-16 6.753766382955328e-16 9.8253697568472e-16 -1.402605104433817e-16 2.567594258871765e-16 2.777725965907862e-16 3.377335174996296e-16 -1.324955444060347e-16 -2.585131087541832e-16 2.683535902173184e-16 -3.271620168409896e-16 -1.341014015227726e-16 -7.650985398711733e-16 6.740078330527699e-16 -9.809517098238673e-16 -1.56482802975963e-17 1.934104015198756e-16 1.089840023782429e-15 2.914168875748415e-16 -1.625095480506527e-17 1.429306164698704e-16 2.243214294872509e-16 2.119167806011588e-16 -1.685362931253425e-17 9.002906129218732e-17 -3.526909667095346e-16 1.220327897933902e-16 -1.745630382000325e-17 3.480060367691889e-17 -6.400045424181933e-16 3.038432242279537e-17 -1.805897832747223e-17 -2.284962406602752e-17 -6.395708615491991e-16 -3.993511523668438e-17 -1.866165283494123e-17 -8.28538593008713e-17 -3.503057219300665e-16 -1.208010670561229e-16 -1.926432734241022e-17 -1.452392070819248e-16 2.25730892311482e-16 -2.119424824923989e-16 -1.986700184987921e-17 -2.099785623548757e-16 1.091791587692903e-15 -2.735149317066699e-16
2.775557561562891e-17 -3.036633444697401e-15 -7.593650372134803e-18 0.9999999999999817 3.860931021795771e-17 -5.931119088750772e-14 -7.647013447811823e-18 1.687253950494844e-16 1.786317893920402e-15 -5.953160899726812e-15 -7.917161053811426e-15 -1.120919197864406e-15 -1.791629637532634e-15 -5.963087172956567e-15 7.91496046221446e-15 -1.118433817908705e-15 5.91060437626998e-16 -1.574692270702631e-15 -2.145961360000559e-15 -1.45714500874962e-15 2.124231576771697e-16 -8.774499003902023e-17 -5.088770659196495e-16 5.036742189806992e-16 -2.072325397763954e-16 -9.059525590653095e-17 5.124481568252737e-16 5.068008293472516e-16 -5.846818560176995e-16 -1.581369854942311e-15 2.137721423489669e-15 -1.452979459533701e-15 8.787458607995013e-17 -4.229269386958612e-16 -1.136677557633803e-15 -5.614955996360339e-16 6.428641256481238e-17 -1.77666854752484e-16 2.541369892306022e-16 -1.704060883286201e-16 3.980377225737408e-17 -8.84980023291293e-18 5.759281940243e-16 5.234240097557949e-17 1.443344142121328e-17 8.001412032943023e-17 2.622685055242435e-16 1.842499948185444e-16 -1.18381324708261e-17 8.542157866470168e-17 -2.64328489651966e-16 1.791101988946053e-16 -3.898384436443192e-17 3.828588921589438e-18 -5.765787153277913e-16 2.540844731878725e-17 -6.703079931391631e-17 -1.683088347512185e-16 -2.511012231476428e-16 -1.810304225860308e-16 -9.596544479212321e-17 -4.344194817242075e-16 1.141448047192739e-15 -5.533090262008211e-16
0 4.336808689942018e-18 -3.13085400161818e-15 2.251900286874357e-17 0.9999999999999788 1.50359730142867e-17 -7.523549925420037e-16 -6.553321528466866e-17 -2.541098841762901e-17 4.201746660700183e-14 -2.699663409488906e-17 -2.954943257923591e-16 2.541098841762901e-17 -4.201746660700183e-14 2.699663409488906e-17 2.954943257923591e-16 -1.580265323979091e-15 4.340440767219844e-15 5.534201569235009e-15 7.696759692804069e-16 1.583114742813654e-15 4.332183890050009e-15 -5.536803654448974e-15 7.699165266374271e-16 1.580265323979091e-15 -4.340440767219844e-15 -5.534201569235009e-15 -7.696759692804069e-16 -1.583114742813654e-15 -4.332183890050009e-15 5.536803654448974e-15 -7.699165266374271e-16 -3.098649808963572e-16 8.378172287881736e-16 1.517883041479706e-15 7.438643342787266e-16 -1.06956544315695e-16 1.608956023968489e-16 -6.331740687315346e-17 -2.350008208862331e-16 1.0321604682062e-16 1.516798839307221e-16 6.852157730108388e-17 -2.324122881994239e-16 3.204901621867151e-16 8.384677500916649e-16 -1.528291382335567e-15 7.342352637343397e-16 3.098649808963572e-16 -8.378172287881736e-16 -1.517883041479706e-15 -7.438643342787266e-16 1.06956544315695e-16 -1.608956023968489e-16 6.331740687315346e-17 2.350008208862331e-16 -1.0321604682062e-16 -1.516798839307221e-16 -6.852157730108388e-17 2.324122881994239e-16 -3.204901621867151e-16 -8.384677500916649e-16 1.528291382335567e-15 -7.342352637343397e-16
