# Created from matlab git hash 00e16b208fbf08652b67ace82ddc532522841f31
# name: foo
# type: matrix
# rows: 64
# columns: 64
0 0 0 0 0 0 0 0 0 0 0 0 0 0 0 0 0 0 0 0 0 0 0 0 0 0 0 0 0 0 0 0 0 0 0 0 0 0 0 0 0 0 0 0 0 0 0 0 0 0 0 0 0 0 0 0 0 0 0 0 0 0 0 0
-1.77635683940025e-15 -2.636779683484747e-16 -3.872983346207361 -2.070826149447313e-17 -4.582575694955748 -5.499073418846478e-16 2.999999999999892 -3.794707603699266e-17 -3.240370349203867 2.738612787525543 2.121320343559566 -1.22474487139159 -3.240370349203867 -2.738612787525543 2.121320343559566 1.22474487139159 -4.582575694955769 3.872983346207022 2.999999999999904 -1.732050807568883 7.639269957754228e-15 3.12488770912021e-15 -9.480471693267826e-15 -1.483554028282767e-15 7.634975882339272e-15 -3.146356343434556e-15 -9.4419563914985e-15 1.611481527251061e-15 -4.582575694955767 -3.872983346207021 2.999999999999904 1.732050807568882 -6.480740698407795 5.477225575051135 4.242640687119169 -2.449489742783196 6.280369834735082e-15 2.033249758181123e-15 -4.641070663345973e-15 -9.296674296703428e-16 6.358874457669271e-15 -2.39411456105372e-15 -4.812720367691724e-15 1.046151935856437e-15 1.177569344012828e-14 6.925053690036771e-15 -8.204582452243214e-15 -3.015686679178783e-15 1.16186841942599e-14 -7.002460292140238e-15 -8.156763487223388e-15 2.993175647261379e-15 6.437379080603459e-15 2.497689370801928e-15 -4.68032297481307e-15 -9.087735632812126e-16 6.280369834735082e-15 -2.188062962388057e-15 -4.641070663345973e-15 9.3583219709159e-16 -6.480740698407796 -5.477225575051136 4.242640687119169 2.449489742783195
-5.551115123125783e-17 3.872983346207357 6.115069659407696e-17 -1.833102152139579e-14 -2.045911415962297e-16 -7.356834385151566e-15 3.295908993465966e-16 -7.181580085242601e-15 9.765112700097994e-15 -2.426604216752255e-15 4.934991368160633e-15 -2.899153215109931e-15 -9.746980347101771e-15 -2.429662246847648e-15 -4.725423863684995e-15 -2.612197188297752e-15 1.822023659314342e-15 -6.679524957038118e-15 9.089664037632006e-15 1.978536773025226e-15 -3.886287056242225e-15 4.864916738833749e-15 6.035158057616105e-15 -3.338478656752504e-15 3.673028541519763e-15 4.896866086385546e-15 -6.067170699553718e-15 -3.264273446529733e-15 -1.735383095928441e-15 -6.582736755392993e-15 -9.027710923831202e-15 1.584513129371586e-15 -2.11962481922309e-15 -5.519634553115567e-15 4.185848158236633e-15 1.331987229419218e-15 -1.275700122680563e-14 -2.820788604313029e-15 1.036711319888248e-14 1.002963354511387e-15 -9.950460956908396e-15 5.549050750179226e-15 7.435800568521373e-15 -3.217277960304534e-15 -1.766354016019242e-15 1.699788436387866e-15 1.04867984855759e-15 -9.846526628763248e-16 1.511213991483129e-15 1.496184348054731e-15 -1.628890947834803e-15 -1.040444839546775e-15 9.459807063569717e-15 6.020855930334284e-15 -7.456566863857126e-15 -2.897287872953399e-15 1.256073966947016e-14 -2.943440559379417e-15 -1.022647136022475e-14 1.039677391371223e-15 1.638784003751186e-15 -5.54914097323428e-15 -4.643307705687468e-15 1.288266338369044e-15
-2.55351295663786e-15 1.942890293094024e-16 1.1443970771019e-14 -2.660632131279428e-16 -6.999999999999832 -2.47198095326695e-16 4.582575694955761 -4.29777741173254e-16 -4.949747468305709 4.183300132669914 3.240370349203813 -1.87082869338695 -4.949747468305707 -4.183300132669913 3.240370349203814 1.87082869338695 -6.999999999999848 5.916079783098973 4.58257569495566 -2.645751311064575 1.595578324412731e-14 4.156866480643456e-15 -2.155177078466686e-15 2.334695772643583e-16 1.595209695674087e-14 -3.901640946882436e-15 -1.839891086707901e-15 1.570479148303504e-16 -6.999999999999847 -5.91607978309897 4.58257569495566 2.645751311064574 -9.899494936611497 8.366600265339899 6.480740698407634 -3.741657386773942 1.348807552788027e-14 -1.033531831761658e-15 -9.443834603217738e-15 2.056813874650877e-15 4.342286956047302e-15 -7.194752004027171e-15 -2.696627643405947e-15 4.605260143381465e-15 1.093667528251914e-14 1.171052394451327e-14 -4.316859369968284e-15 -5.043325070869833e-15 1.093667528251914e-14 -1.203191159749852e-14 -4.328135072562134e-15 5.163196732130785e-15 4.02826846431055e-15 7.64519513041779e-15 -2.391316311634029e-15 -4.400924250488357e-15 1.312008510787626e-14 1.345249230925732e-15 -9.808126533172867e-15 -1.619321447521691e-15 -9.899494936611498 -8.366600265339901 6.480740698407632 3.741657386773941
8.881784197001252e-16 4.582575694955743 8.001818608757705e-16 6.999999999999822 -7.444674217371713e-16 -1.972026594367349 -7.865344660296092e-16 -9.701088140569974 4.32871472606986e-14 3.024319872876411e-16 -1.570373605458419e-13 4.497070905795059e-17 -4.259527068851398e-14 -1.110435113557141e-16 1.562550002581764e-13 -2.366408426832363e-17 7.656202061223667e-15 -1.773048045522808e-14 -1.682248090828509e-14 -8.879253179618904e-15 7.704774318550973e-15 1.759326780094404e-14 -1.72327430103536e-14 9.030619701350808e-15 -7.656202061223667e-15 1.773048045522808e-14 1.671145860582257e-14 8.879253179618904e-15 -7.539108226595188e-15 -1.737925995074732e-14 1.675829613967394e-14 -9.173816399878483e-15 4.415885040048104e-15 -1.070157286024462e-14 -4.649058915617843e-16 -2.232530020406498e-15 -2.060746352022449e-14 -5.188414239043621e-15 7.965850201685498e-15 4.054421620466501e-16 -2.019531424982e-14 5.702204469843611e-15 7.771561172376096e-15 2.154486794807463e-17 3.748595745107503e-15 1.006233616706141e-14 6.938893903907228e-18 2.127209247674159e-15 -3.513081876304936e-15 9.817731249234435e-15 5.204170427930421e-16 2.454574625331529e-15 2.060746352022449e-14 5.188414239043621e-15 -7.965850201685498e-15 -4.054421620466501e-16 2.019531424982e-14 -5.702204469843611e-15 -7.771561172376096e-15 -2.154486794807463e-17 -3.562147265638805e-15 -9.907985786157279e-15 1.387778780781446e-17 -1.929188102576095e-15
-6.800116025829084e-15 2.220446049250313e-16 4.498137973207861e-15 2.320192649118979e-17 1.972026594367352 8.005748841632965e-16 -1.501576640805524e-14 -3.561604136614882e-16 -9.761033642897202 -1.178511301977963 6.39009650422675 0.5270462766949552 -9.761033642897202 1.178511301977965 6.39009650422675 -0.5270462766949539 -5.916079783098962 4.99999999999902 3.872983346206948 -2.236067977499573 -7.888106377466324 -6.666666666666237 5.163977794943267 2.981423969999823 -7.888106377466319 6.666666666666237 5.163977794943266 -2.981423969999823 -5.916079783098962 -4.999999999999021 3.872983346206947 2.236067977499573 -8.36660026533988 7.071067811864125 5.477225575050991 -3.162277660168095 1.844367985060092e-14 6.542021386295046e-15 -7.001343949042393e-15 -1.14852188951779e-15 2.078409892182641e-14 -4.657137052350273e-15 -8.489736691430494e-15 -1.037544452260604e-15 -11.15546702045464 -9.428090415820074 7.302967433402282 4.216370213558017 -11.15546702045464 9.428090415820073 7.30296743340228 -4.216370213558014 2.111283703036333e-14 4.526522395271215e-15 -8.743006318923108e-15 5.564137649591092e-16 1.864484794686977e-14 -6.599547243950624e-15 -6.737665980693919e-15 1.093013397150368e-15 -8.36660026533988 -7.071067811864124 5.477225575050989 3.162277660168095
