# Created from matlab git hash 44e5d814ece930399b58c9298dbb19a28bd9b520
# name: foo
# type: matrix
# rows: 64
# columns: 64
1 -1.193000300382358e-32 -2.553893293147416e-33 -1.365460517849914e-33 -8.4061970274325e-33 -5.262038111421873e-34 -1.58196747368134e-32 6.802048602135409e-34 5.333355981045389e-33 -4.128567925726603e-34 3.706123208675156e-34 1.302846937811924e-33 -8.296198409826867e-34 2.668631118528324e-33 3.706123208395772e-34 1.302846937809275e-33 1.011817845176462e-33 6.582991694729227e-35 3.010602169447849e-46 2.070583048805914e-33 -5.289261103372848e-34 -7.045420607170103e-34 -4.379057701015053e-47 1.300211071036959e-33 -5.289261103349221e-34 6.582991695488685e-35 -8.758115402030107e-47 5.298390932954488e-34 -5.289261103320017e-34 6.582991704119021e-35 -2.68217284187172e-46 5.298390932861409e-34 -1.473886730791471e-47 -7.364544554833058e-35 3.593181340775608e-33 4.277991950817339e-33 4.908744024986961e-47 -8.440174233310354e-34 6.674669251798163e-33 1.196504039799882e-33 2.626029564504252e-47 -7.364544554146572e-35 3.593181340784935e-33 1.196504039796784e-33 1.063380014493441e-47 -8.440174233216094e-34 3.593181340772127e-33 1.196504039797089e-33 -3.906957053555447e-47 -8.440174233032167e-34 3.5931813407769e-33 -4.966471782241148e-33 6.559902393049144e-47 -8.440174233301575e-34 5.116934297590083e-34 1.196504039799503e-33 -9.792157061145337e-49 -7.364544554121188e-35 3.593181340783446e-33 4.277991950816743e-33 -4.709396821416556e-47 -8.440174233234794e-34 6.674669251789252e-33 1.196504039799552e-33
-9.188568066119871e-34 1 -6.259868792614614e-33 -2.958990326975749e-31 2.360080163069619e-33 2.632568833982294e-31 -5.763847679266526e-33 4.784120225537475e-31 3.357335252667451e-34 -2.890964747925505e-32 -1.805533579213451e-33 1.004789460823242e-31 -6.0341606019731e-33 9.406547553969979e-32 -3.984942507923699e-45 8.230640604860353e-32 -4.061875062562666e-34 5.235166203732837e-32 -5.290559247883403e-33 1.20659817964059e-31 1.914860762337949e-33 4.324689194196084e-32 -7.80483407400836e-34 3.141789319941511e-32 2.336477545856808e-35 -3.731958376317197e-32 5.36080858339528e-34 4.789941212120659e-32 1.883519709262716e-33 -3.125384418620024e-32 7.893727902887486e-33 3.734601435114001e-32 -3.521145158881298e-34 1.448203732658607e-33 9.423135987036348e-33 1.027229233569201e-32 5.365837729836774e-34 -9.181068440952714e-33 -3.403628227705749e-33 1.334869735995367e-32 2.837492640165661e-35 6.850033398720595e-33 8.042363071162293e-34 1.434836523515046e-32 -4.140226734271584e-34 5.841488002683335e-33 1.731797954288561e-34 -5.118545737644602e-33 9.650226717650537e-34 -1.401924639767331e-32 1.295878607926298e-33 -9.57630453469994e-33 -3.718436493291281e-34 2.19515718040127e-33 -9.51783736538408e-34 8.215772667857593e-33 -1.246607709974934e-33 1.04155931286347e-32 2.717225969023846e-34 -1.352267261947029e-32 7.800046689575758e-34 -1.245699186359801e-32 8.870853728445306e-34 -4.815963948845627e-33
-1.18400696323898e-33 -8.796109363382351e-33 1 1.861224087454927e-32 -5.768950662334774e-31 -1.269926733294365e-45 -5.446714266029041e-31 -8.364070789147899e-33 3.034768490343662e-32 7.003314219797384e-33 -2.132510058135008e-32 2.185821733166652e-31 -2.292339030591267e-31 -4.579367203089531e-32 -8.743155926758553e-31 4.097868129313715e-32 -7.943059326645942e-33 1.694586181513878e-31 -2.461794561804255e-33 -3.613344403626775e-31 3.787834256242333e-33 -3.205918991670334e-32 6.580324505665072e-32 -4.312458968132889e-32 -5.52781273267749e-33 -1.159115328485784e-32 -1.862093334556475e-32 -1.170393201703913e-32 -7.646432685136572e-33 -6.334419064171611e-32 -3.723097377003733e-32 2.480879805513122e-31 -4.359542553351218e-33 -3.516357697384544e-32 -1.467782460551405e-32 2.431642704844238e-34 -5.725704148389613e-33 6.507348841462885e-32 -2.174121284608316e-32 -4.407016669756538e-32 3.265510467826071e-33 -1.177235978074172e-32 -1.219850681646856e-32 -1.129561067700435e-32 -1.258168650570279e-33 7.868509724879909e-34 -1.846024805966633e-33 -2.798728092521841e-33 9.702504752456882e-35 4.466880879876636e-33 -1.018494739142261e-32 -3.912568221797529e-33 -2.48205923986348e-33 1.191238378984433e-32 7.491698503159558e-33 3.053589601304278e-32 4.541839222936834e-33 7.047347715906316e-33 -3.769765121781691e-33 -2.040414711811805e-33 4.795402115020738e-33 -3.535283759786654e-32 -5.718496545974645e-33 -1.111946580885277e-32
-1.051133135788646e-33 -1.78007956204871e-31 -2.302507390292996e-32 1 1.62025134937557e-44 -1.449319410664715e-29 1.326976978717989e-32 -1.367658434185977e-32 1.345452328160588e-31 -4.043080245477878e-31 3.093168225207552e-30 5.132622235416645e-32 -3.710117981671075e-31 -1.402741170370098e-30 3.317197818443395e-31 2.430767052553326e-31 -9.320035362567454e-32 -3.141437217420817e-32 7.870601241130862e-33 -6.524769667751938e-32 -1.055345761491212e-32 -3.681426473164254e-32 1.102114921212639e-31 -7.834680085918849e-32 4.220617429749738e-32 9.328010270196928e-33 -1.609965762113889e-31 -1.182384535017215e-31 3.177871896418563e-32 7.573781782794488e-32 3.946205076055977e-31 -1.501765809608934e-32 -1.626442082032682e-32 1.189031239133871e-31 2.084622744418416e-32 -3.454017539176365e-32 7.509844899321983e-33 -4.41959537651331e-32 1.076177167774302e-31 1.107189149406874e-31 2.795466942861787e-33 -3.442850661695705e-33 1.022066929429274e-31 2.605096238356368e-32 -9.596937475844063e-35 -5.229521250989772e-33 6.966813097096006e-33 1.215520099622159e-33 -1.211574842854684e-33 -7.831823633308685e-33 -2.04365663624567e-32 -8.110318618883345e-32 4.653437610635377e-33 5.221037084605567e-34 -3.313298356694854e-32 4.023156972546886e-33 -1.156818517946773e-32 -2.405971155559909e-32 -8.890895955788526e-32 -1.026218846107787e-33 -1.260570622513683e-32 4.332067749668508e-32 -2.029435039139464e-31 -7.053495252292791e-33
-2.775633768636266e-32 3.211243756964543e-34 -2.65154377163519e-31 -5.237353010414004e-44 1 -9.344909133966124e-44 1.196642519855558e-31 -3.993036560205172e-33 1.728071975567162e-32 -9.276940679588065e-31 -5.485972421870186e-33 -1.429537452850934e-33 -1.728071975564894e-32 -5.383193173809112e-30 5.485972421797406e-33 1.42953745285124e-33 1.535084200101909e-31 -1.867887413115782e-31 1.425414449807439e-32 -2.347075474844585e-31 2.387830716549459e-32 9.654858097463161e-31 -2.728451984908126e-31 6.032915364865561e-32 -3.507236463154522e-31 -6.020721639094294e-31 -1.425414449810801e-32 3.749232117920623e-32 3.705521454449827e-31 -1.766249045253327e-31 1.061706103711786e-30 3.827845950397485e-32 2.847277670178389e-32 -1.645167169757548e-31 1.222272193254881e-31 8.289746061945602e-32 -1.009615078091243e-32 -2.113782189178429e-32 -7.21920543992832e-32 -9.082238326994622e-32 -4.969840690523604e-33 -3.026771516494585e-33 3.698647747935424e-32 7.624199604636979e-33 6.715018150328535e-32 2.899084490627494e-31 5.579410333087347e-31 -1.15192464601343e-31 -7.77765832780966e-32 -3.269850932948433e-32 -1.222272193254864e-31 -8.289746061946018e-32 -2.22980086316515e-33 -3.514081396369942e-33 -2.641555875334423e-32 9.08223832699464e-32 4.969840690524578e-33 2.7678674804655e-32 -3.698647747935476e-32 -7.624199604638873e-33 3.145743164933202e-32 -9.269322275751138e-32 -1.635105806982351e-31 -8.202276170390969e-32
