# Created from matlab git hash 44e5d814ece930399b58c9298dbb19a28bd9b520
# name: foo
# type: matrix
# rows: 32
# columns: 32
1 1.322564533064733e-33 3.517427340196804e-33 6.163691319076017e-33 -3.172268281588006e-33 2.056224262513973e-35 -7.365759718406375e-33 4.09324474485697e-33 5.259911878178895e-34 -7.864595406547808e-34 4.913046380192136e-33 -9.405976855628151e-34 2.066735143328291e-33 2.295028370407799e-33 -1.249929441847895e-33 -1.702257078124968e-34 9.899802849547564e-34 2.763622921074641e-35 2.447594365843494e-34 1.313717310304516e-46 -5.507636705609215e-34 2.763622923976451e-35 1.015131414352397e-33 1.970575965456774e-46 -5.507636705565846e-34 1.56838018472412e-33 1.785503392098008e-33 1.689187296778268e-46 -5.507636705591684e-34 -1.513107726266364e-33 -2.066356496671187e-33 0
-5.934943033957744e-34 1 -1.537830648027896e-32 4.490281375678838e-31 -4.633973771442702e-33 1.103574116216728e-31 -1.228397684724436e-32 6.059127266353905e-31 -1.449437023880211e-33 -5.206597475441946e-32 -5.039499176103417e-34 2.934146799840151e-32 9.058943811631768e-34 1.005815499211926e-31 -3.598922615610515e-33 2.035642517758523e-31 -4.598010586065806e-46 -1.964529903523793e-32 -2.513339591424545e-32 3.769220483574327e-32 -1.007106181693121e-33 3.058336799709181e-32 -1.211727359278991e-33 1.329547652230234e-31 4.29261761695087e-35 1.359341480875598e-32 3.943691812831148e-35 3.763697042791252e-32 -3.591459939745397e-33 -1.757870166352878e-32 7.417957826224514e-33 9.547427063176418e-32
6.885285245938947e-34 3.503246160812043e-46 1 6.875850203469746e-33 -8.651473119561368e-31 -9.458764634192515e-45 8.487669242740486e-32 -1.899050434895253e-32 -4.917818059387974e-32 -9.694449341062668e-32 -7.004428621311059e-31 -2.533508241291961e-31 -1.495409694449153e-32 2.3252148931098e-31 -2.390469729423555e-31 5.131631400573457e-31 -1.713687539172802e-32 7.906070731027743e-32 -3.369383632494558e-32 -2.126109060652104e-31 -2.888219299124339e-33 -6.444671961369236e-33 3.510184134124417e-32 -1.114078628025052e-31 -3.447934530409638e-33 -1.193663835546369e-32 -1.478590136432378e-32 3.950779492965005e-32 -6.34735689818496e-33 -1.284656377138395e-32 -5.927277474665741e-32 -4.622374402883223e-32
1.261640123491321e-33 4.654899939823316e-31 -2.4435343101828e-33 1 -1.649102066810743e-32 -1.541288900003778e-29 -1.304959194902486e-44 -2.649858981249503e-32 1.098794723997966e-31 5.169922786991481e-31 3.074188590061953e-30 1.916233076728613e-31 -1.800667166101122e-32 -4.146914219474009e-31 2.699643981840529e-32 1.315356234390844e-31 -4.99624858027994e-32 2.273132805820355e-31 -4.066507595761971e-31 2.49495132842719e-31 -1.844366250606246e-32 -1.262354259218694e-33 1.796840036405243e-31 -7.83928419392713e-33 1.15654602108176e-32 -1.96996778305662e-32 -1.447789267480302e-31 -7.017718504182388e-32 -5.100976068439116e-33 -3.1250658089369e-32 4.06956112561646e-31 -3.902097143300159e-31
-2.209506758100319e-33 -1.606102492877185e-32 4.446663529345213e-31 3.775427222181593e-32 1 -1.839572306835151e-34 1.835305525157696e-31 8.344948304014048e-33 -1.918037914335136e-33 -2.923218007811203e-30 -9.251503164897435e-33 3.126828221096422e-33 1.918037914336713e-33 -3.387669233956766e-30 3.088527342817993e-33 -3.126828221103867e-33 2.322937380559353e-31 -2.95859660317244e-33 -8.047625638562155e-31 -1.235636017005084e-31 1.677039715012864e-31 -5.859606293325398e-31 1.359281696971698e-30 -2.187571128742671e-31 -2.32293738055928e-31 -7.859023086178509e-31 8.047625638562029e-31 2.495598854788626e-32 2.951125480395926e-32 5.85960629332533e-31 -5.704207917507192e-31 1.201494997216432e-31
5.673728482663799e-33 -4.007830337559896e-31 -3.173454193994021e-32 -5.898302403413715e-30 -1.409351056949672e-33 1 -7.550919835361199e-33 -6.787291781517708e-30 -3.710113834196357e-32 5.99136304059614e-30 5.008020125130448e-31 2.381668264975442e-32 -8.351564461245819e-32 -1.283886524480366e-29 3.952707518465183e-31 -1.599797331965186e-32 -2.461137752906949e-31 -1.568121476555009e-31 9.847809830528383e-31 4.057045779820834e-32 -1.873555566453393e-31 -5.306131627942902e-32 -1.632753282900246e-31 2.129758863200953e-31 2.498591150619579e-31 -1.036853236260171e-30 7.155811028875434e-31 -3.893447276645274e-32 -3.224570764159199e-31 6.777591364120867e-31 -1.11340830456479e-31 -1.024319301567646e-31
1.922416981645832e-32 -1.735394573041951e-32 6.590263460052452e-30 -1.407937922970628e-32 7.613136330136552e-33 4.75073455170863e-33 1 -1.78869735333254e-34 5.533680435294763e-31 1.219001313956499e-31 1.040289828842536e-30 -1.110357573710078e-31 -3.494373211653347e-31 1.644736788841855e-32 1.628200168968901e-30 3.604020454951748e-32 -2.351254239108069e-32 -4.369144615465548e-32 4.70724179594788e-31 1.216434685739942e-31 -1.461884964911391e-32 -5.437178001912843e-32 -2.028980850439985e-31 -3.292151831331034e-31 -1.165221992092738e-32 9.915139503399736e-32 4.374042558859872e-31 3.325819883586394e-32 -6.741320294397244e-33 1.513770871737079e-32 -1.795056437721956e-31 -2.722406464893073e-31
-1.392668144917679e-32 -5.464871198901624e-32 -1.21887661624234e-32 1.104948976938555e-31 -6.361098601344599e-33 5.790162879282783e-31 8.007131026161921e-33 1 7.065102679097689e-32 -1.16675679368189e-30 1.305002920123274e-31 5.669755428433213e-31 -2.869102922749595e-31 -2.707414937771726e-31 2.021878916223259e-31 -1.867944936715323e-31 7.486022730809783e-32 -5.144761460640629e-32 -5.140424333571667e-31 1.546705607552598e-32 3.332888828874281e-32 -1.102596631377144e-31 -1.737495474715677e-31 2.431171524772831e-31 -7.978413651842811e-33 -4.807805347224527e-32 2.218708880009261e-32 2.343779397910789e-31 5.632958883699174e-32 -6.222899350842168e-32 -4.670716055478174e-32 -3.293792134927356e-31
2.402307215100176e-33 -4.054773546765698e-33 2.571722747752814e-31 3.374614446018942e-31 2.144086757746947e-32 -1.184525055014886e-31 5.866255153849142e-31 7.338437495292969e-31 1 -1.381622132142064e-33 -1.822863263312327e-32 5.136430621628664e-34 1.294543685799153e-45 3.859699453650944e-45 -7.969068630850933e-45 -1.966814188369239e-45 -1.536851089666209e-32 6.210157484703579e-30 2.368110031941172e-33 3.466140097833826e-33 1.536851089663314e-32 -6.21015748470362e-30 -2.368110031979308e-33 -5.276994667413128e-32 2.178988308990695e-47 -1.137394314302727e-46 3.481936097980508e-46 -1.537963225318189e-45 2.910242073685526e-46 5.897100798681697e-46 -1.827464019003839e-45 -2.979513828217072e-46
-9.002745924685861e-33 2.444301685990221e-32 2.759803484108605e-31 -3.888056052533231e-31 2.405439670147388e-30 7.083790192678109e-30 -1.762161033170044e-31 -6.533343826980196e-31 -2.138813710423631e-33 1 1.197401056881291e-32 -6.062238600946126e-30 2.436274931787811e-45 -4.907025356495476e-43 -2.358070842063642e-44 5.097735464504888e-45 -1.02568775514909e-32 -7.22962440571883e-30 -1.145285965369514e-31 -1.583908479510052e-31 -5.730547519443169e-33 -3.848054488553024e-30 6.677435840402804e-31 3.663031498900998e-34 1.754355708166577e-44 -5.011163445097298e-44 -9.645651982088757e-44 -1.963705023016647e-44 -1.627948290499779e-44 -5.795513412243353e-44 9.650055210910025e-44 -8.495804787521552e-45
-4.037455141636799e-33 -1.460126123190367e-32 8.482693815403223e-31 1.168712792330694e-30 8.787813074068853e-45 -2.289646910631583e-32 -2.060294519613925e-30 2.699956464011913e-30 -6.478705437476909e-32 1.003787752912682e-33 1 1.54013526739876e-32 -2.951803140157987e-45 1.989902914765652e-44 2.268406301438829e-44 -1.686524504831749e-45 4.081352752728095e-31 -2.126467814551912e-32 2.880183792770654e-30 6.80571266803196e-32 -1.339527534121009e-31 4.759277568229111e-32 9.591745235873389e-31 1.200117250055818e-31 -6.70076588803963e-46 2.267919287416134e-45 3.20375695487381e-45 8.996760767832902e-46 -1.265652974098394e-46 -1.222835960969494e-45 1.630469645661582e-45 -2.721638690124717e-45
