# Created from matlab git hash 00e16b208fbf08652b67ace82ddc532522841f31
# name: foo
# type: matrix
# rows: 32
# columns: 32
0 0 0 0 0 0 0 0 0 0 0 0 0 0 0 0 0 0 0 0 0 0 0 0 0 0 0 0 0 0 0 0
-8.326672684688674e-16 -1.387778780781446e-17 -1.549193338482949 -3.924811864397526e-17 -1.833030277982307 -1.734723475976807e-18 1.199999999999961 7.3075226425523e-17 -1.296148139681553 1.095445115010222 0.8485281374238303 -0.489897948556638 -1.296148139681553 -1.095445115010222 0.8485281374238303 0.4898979485566381 -1.833030277982321 1.549193338482821 1.199999999999968 -0.6928203230275568 3.375698786170107e-15 1.28699897603732e-15 -2.604956273163843e-15 -6.10584820282747e-16 3.4149510976372e-15 -1.216134425845038e-15 -2.571856924944179e-15 5.554820652166355e-16 -1.833030277982321 -1.549193338482821 1.199999999999968 0.6928203230275568
-1.110223024625157e-16 1.549193338482947 -1.11237104730252e-17 -6.751623608784701e-15 2.264659307690228e-17 -2.601340530607714e-15 -3.040947020107302e-17 -2.955802396456137e-15 3.40591728600912e-15 -1.044015430039408e-15 1.7914735884489e-15 -9.711969426006589e-16 -3.374097388480555e-15 -1.039890302614676e-15 -1.910028124601704e-15 -1.010311009356232e-15 -3.336446474703013e-16 -2.22322073227651e-15 1.710893440134176e-15 4.756057226277429e-16 -1.687849393085053e-15 1.618424545309584e-15 1.52186428420316e-15 -1.176627197309634e-15 1.7074755488186e-15 1.62469209201308e-15 -1.649154526931987e-15 -1.306182465996677e-15 2.453269466693393e-16 -2.419938773522708e-15 -1.689543842012756e-15 5.843339386033522e-16
-1.366962099069724e-15 -8.326672684688674e-17 3.306382945211794e-15 -1.253337711393243e-16 -2.799999999999944 -6.245004513516506e-17 1.833030277982311 -1.821459649775647e-17 -1.979898987322294 1.673320053067974 1.296148139681531 -0.7483314773547836 -1.979898987322294 -1.673320053067975 1.296148139681531 0.7483314773547836 -2.79999999999996 2.366431913239609 1.833030277982277 -1.058300524425837 5.696491701662054e-15 1.366583972049076e-15 -2.218711325774336e-15 -6.099063733999994e-17 5.79462248032979e-15 -1.419682377667364e-15 -2.322794734332945e-15 9.977501708062111e-17 -2.79999999999996 -2.366431913239609 1.833030277982277 1.058300524425837
-2.220446049250313e-16 1.833030277982304 -3.163701939312702e-16 2.799999999999937 -3.789636027100987e-16 -0.7888106377469422 -1.435483676370808e-16 -3.880435256228001 1.9745056284437e-14 1.577170131541766e-16 -6.079685366255916e-14 6.372577163145704e-17 -1.961649264344208e-14 -1.406151246046542e-16 6.059736046282183e-14 -7.06588516962082e-17 7.457939178747913e-16 -6.936532138058911e-15 -7.452372052796363e-15 -2.366548142285609e-15 8.733639301428475e-16 7.10332837276646e-15 -7.28583859910259e-15 2.371106856923101e-15 -7.065416064076974e-16 6.88795988073156e-15 7.507883204027621e-15 2.227770264207465e-15 -5.178970934368253e-16 -6.730281939878954e-15 7.424616477180734e-15 -2.209065469095415e-15
-3.025357742103552e-15 1.040834085586084e-16 6.106226635438361e-16 1.079865363795562e-16 0.7888106377469442 3.261280134836397e-16 -1.609823385706477e-15 2.576064361825559e-16 -3.904413457158906 -0.4714045207911874 2.556038601690711 0.2108185106779829 -3.904413457158907 0.4714045207911877 2.556038601690712 -0.2108185106779828 -2.366431913239603 1.999999999999628 1.549193338482788 -0.8944271909998365 -3.155242550986554 -2.66666666666652 2.065591117977319 1.192569587999939 -3.155242550986554 2.666666666666519 2.065591117977319 -1.192569587999939 -2.366431913239603 -1.999999999999628 1.549193338482788 0.8944271909998365
0 -1.199999999999959 -3.551249179857896e-17 -1.833030277982308 2.666978479488844e-17 1.187248823777432e-14 -1.676713996346613e-17 -2.078460969082617 8.279359714319608e-16 3.952091170629787e-15 5.847128694838091e-16 4.157083872191772e-15 -9.4513194545223e-16 3.839244956741497e-15 -6.753353029260255e-16 4.126873976002824e-15 -3.061680294433352e-15 6.012506558036453e-16 2.264209209445832e-16 1.522907849600846e-15 2.355138688025656e-15 1.608611467442806e-15 8.881443109107976e-16 1.096773815953253e-15 -2.492521778160485e-15 1.769692218353238e-15 -8.377439193408313e-16 1.005408580042672e-15 3.100932605900447e-15 6.451229393486401e-16 -2.034815714433745e-16 1.37038193438878e-15
-7.355227538141662e-16 -4.85722573273506e-17 6.024694632067451e-15 6.006480035569695e-17 3.880435256228009 1.994931997373328e-16 2.078460969082621 -1.441988889405721e-16 -1.247219128924615 -2.31900361745658 0.8164965809276852 1.037089945740271 -1.247219128924615 2.31900361745658 0.8164965809276855 -1.037089945740271 1.058300524425842 -0.8944271909998412 -0.6928203230275425 0.4000000000000058 -2.8221347318022 -2.385139175999544 1.847520861406748 1.066666666666672 -2.8221347318022 2.385139175999544 1.847520861406748 -1.066666666666673 1.058300524425842 0.8944271909998415 -0.6928203230275429 -0.4000000000000061
2.775557561562891e-16 1.29614813968155 2.499736528882579e-15 1.979898987322287 1.575128916186941e-15 3.904413457158885 3.191891195797325e-16 1.247219128924614 3.885780586188048e-16 -3.944053188733486 2.498001805406602e-16 -6.702569988030192 -1.387778780781446e-16 2.366431913239596 -5.551115123125783e-17 -1.058300524425836 1.979898987322345 -1.673320053067986 -1.29614813968165 0.7483314773547909 -1.979898987322345 -1.673320053067986 1.29614813968165 0.7483314773547911 -1.979898987322309 1.673320053067986 1.296148139681534 -0.7483314773547913 1.979898987322309 1.673320053067986 -1.296148139681534 -0.7483314773547913
-6.661338147750939e-15 -1.095445115010217 -6.418476861114186e-16 -1.673320053067972 -6.765421556309548e-17 0.4714045207911867 2.081668171172169e-15 2.319003617456574 3.944053188733494 -1.942890293094024e-16 -1.549193338482765 -1.491862189340054e-16 -2.366431913239596 1.110223024625157e-16 1.549193338482781 0 -6.135506861249898 -2.357022603955215 4.016632088371248 1.054092553389592 -6.135506861249899 2.357022603955217 4.016632088371247 -1.054092553389592 -1.673320053067984 1.414213562372832 1.095445115010204 -0.6324555320336231 -1.673320053067984 -1.414213562372832 1.095445115010204 0.6324555320336231
2.220446049250313e-16 -0.8485281374238286 -5.457440055423035e-15 -1.296148139681528 5.356652621468783e-14 -2.556038601690704 -1.144917494144693e-15 -0.8164965809276838 9.71445146547012e-17 1.549193338482806 8.326672684688674e-17 -4.849742261192793 -1.387778780781446e-16 -1.549193338482781 0 0.6928203230275406 -1.296148139681536 1.095445115010215 0.8485281374238202 -0.4898979485566229 1.296148139681536 1.095445115010215 -0.8485281374238199 -0.4898979485566229 1.296148139681538 -1.095445115010208 -0.8485281374238199 0.4898979485566307 -1.296148139681538 -1.095445115010208 0.8485281374238199 0.4898979485566307
-6.661338147750939e-16 0.4898979485566387 2.626371342628886e-15 0.7483314773547792 -5.464378949326942e-17 -0.2108185106779821 -9.71445146547012e-15 -1.037089945740268 6.702569988030225 5.134781488891349e-16 4.849742261192796 7.459310946700271e-17 1.058300524425836 -2.775557561562891e-17 -0.6928203230275406 -2.168404344971009e-17 -3.24276973520404 -4.005551702879576 2.12289111041201 1.791337179005932 -3.24276973520404 4.005551702879576 2.12289111041201 -1.791337179005932 0.7483314773547928 -0.6324555320336248 -0.4898979485566299 0.2828427124746253 0.7483314773547928 0.6324555320336248 -0.4898979485566299 -0.2828427124746253
2.775557561562891e-16 1.296148139681551 -2.235191198796116e-15 1.979898987322287 -1.533495552763497e-15 3.904413457158884 -6.175615574477433e-16 1.247219128924613 -1.387778780781446e-16 2.366431913239596 -5.551115123125783e-17 -1.058300524425836 3.885780586188048e-16 -3.944053188733486 2.498001805406602e-16 -6.702569988030192 -1.979898987322309 1.673320053067986 1.296148139681534 -0.7483314773547913 1.979898987322309 1.673320053067986 -1.296148139681534 -0.7483314773547913 1.979898987322345 -1.673320053067986 -1.29614813968165 0.7483314773547909 -1.979898987322345 -1.673320053067986 1.29614813968165 0.7483314773547911
