# Created from matlab git hash 44e5d814ece930399b58c9298dbb19a28bd9b520
# name: foo
# type: matrix
# rows: 20
# columns: 20
1 -6.602198145518257e-33 7.125112862655942e-33 -4.361333073972978e-33 -1.19803672476503e-32 1.109418409796548e-32 -1.296256787009588e-33 -1.660454152332787e-33 8.259912484036414e-33 7.606159541231619e-34 -1.710324800482265e-33 4.290664079854935e-34 2.260388143856826e-33 2.586891506548506e-33 2.82971007837239e-33 1.371163110469831e-33 6.592042229611971e-33 2.260388144051213e-33 -3.576084315510267e-33 2.829710078350661e-33
1.046292854465908e-32 1 -3.503246160812042e-46 1.058091593244652e-30 -8.382818581547587e-33 1.022365669375747e-32 1.989985337155716e-33 -2.674281563109651e-32 7.688815712216618e-34 1.789948020434356e-31 1.742768598451657e-32 1.340307371522404e-32 -1.129420216040928e-31 6.534575089251381e-33 -4.913645490624618e-31 3.381594247248754e-33 2.630928909249298e-33 6.469429934117266e-32 -4.066483021616774e-33 5.419748989543234e-32
8.240508903493663e-33 -9.762928568080154e-33 1 1.197784400555673e-32 6.103635278073436e-31 4.038616516659752e-33 1.334341935594792e-31 2.62068947606527e-32 2.273039192324141e-30 1.25804697246275e-32 5.145278747432675e-33 -5.140765699065245e-34 -2.295066402364066e-31 3.440403296795641e-31 5.639249912882989e-31 2.767210167548189e-35 -4.455279721003038e-32 4.341468667596712e-31 1.196293427504049e-30 -8.17775087475312e-31
2.278521605089381e-33 -9.470201272700266e-33 4.212385699167398e-33 1 1.616807378158716e-33 2.771062634817265e-31 1.529257036109871e-32 6.2990795957363e-30 -7.198454898113354e-32 3.757429523549629e-32 2.07275454321266e-32 -3.495149119694352e-34 8.480378655753691e-31 1.983880483296113e-30 -4.425650651989756e-31 6.373866582754342e-32 2.420824186802017e-32 -5.801983475306885e-31 5.129085103111165e-30 -7.254559340251794e-32
2.342845589362745e-33 -1.376666264756608e-45 -4.951663019872266e-30 2.994956471621522e-32 1 1.162245207555975e-32 2.682325950236505e-29 6.726232628759121e-44 1.100761833629603e-29 1.379168671810514e-32 -2.540478042340782e-31 3.440984006000979e-31 -4.41868630400088e-30 -1.043423085261955e-30 -1.337733352680871e-31 2.003168029683468e-31 -9.599513066537396e-31 4.681443033780717e-30 1.126114446710467e-32 1.164877247891695e-31
-1.884934400512683e-32 -1.185539477964287e-31 -5.385492368089823e-32 5.681021399294602e-31 -1.849930424401606e-33 1 4.049866142795596e-33 4.279064633601959e-31 2.679937298170805e-32 1.785707739551836e-30 -1.752538760953574e-33 8.255444317475495e-30 2.723773890031364e-43 9.122568509490765e-30 1.075373066917021e-32 1.752538760936495e-33 -8.255444317477102e-30 -4.139085338999428e-43 -9.122568509490041e-30 -1.075373066931577e-32
1.694439273088977e-32 -2.202132483456559e-32 -3.961456618142924e-31 -3.917604891052801e-32 -8.111026473631968e-30 1.177245203631208e-32 1 8.069382713066135e-34 -4.980347354467466e-29 -4.515502184831077e-33 -9.808258092103706e-32 -4.749376838417449e-30 3.782780119253164e-30 8.419977482481964e-30 -4.130248324243715e-33 -9.017349428520709e-32 3.013489623081094e-29 -2.280529237423645e-30 8.510939991490901e-30 -2.627434620609035e-45
8.758115402030098e-47 7.685317692979837e-31 4.433611145572108e-33 5.142402086515854e-29 -1.904014288401345e-43 5.565678141540694e-32 -4.093460300075392e-32 1 -4.775020942017944e-33 -1.89748781649912e-29 2.719626353401012e-31 -1.087032602842435e-32 -4.686621957580748e-30 -1.324668142325852e-30 -5.6812910906672e-32 -6.539128239835638e-31 1.68239306709586e-32 5.116580256950508e-31 -3.671274452413428e-31 -1.411592940519709e-31
1.742351168582211e-32 8.898368960239565e-33 1.23214585451908e-29 -2.547723390873241e-32 2.680386049746007e-29 -4.734970428566106e-32 -1.345222461852266e-28 1.918625273464291e-33 1 -3.277520626335773e-32 -2.785445867120073e-31 -9.764204204884798e-32 -1.283286044830509e-29 -1.718626060509737e-30 6.61229498603639e-33 -4.815513098186489e-31 -4.51603356765154e-30 1.174584202749993e-30 2.634540199278315e-30 -5.856622209468694e-32
2.303821007106839e-32 -7.70955293102552e-31 1.01806758856362e-31 -1.202722683377726e-31 2.184567867177068e-32 -1.260477200926313e-30 8.62017727455099e-33 -3.162819071746469e-30 -9.126592180177873e-33 1 -1.012004754632033e-31 -1.400925647574934e-31 -1.276699037310577e-30 -1.594102639401866e-31 -1.61401785875041e-31 7.613206948757151e-32 2.589928073124489e-31 -7.364429773867085e-31 -8.250745732851334e-31 -8.830708591057166e-32
-3.410233813555191e-35 -2.862983132792153e-32 1.066481048214782e-32 -2.451771129489197e-31 8.627339528983403e-31 7.20571727528873e-32 4.700613656716895e-31 3.321802997124118e-31 5.176368364116531e-31 -1.923868843209211e-32 1 2.942726775082117e-43 3.912626383610313e-31 -2.560928243754755e-33 1.378385808427698e-30 -1.071867847720034e-46 -6.888067702706999e-44 2.32164599501732e-44 -2.271057360724348e-44 -9.088548693548049e-46
2.469026862849001e-32 -2.903174510741603e-32 2.293270781962775e-31 1.069604087825712e-31 -2.303951209867752e-30 2.307091372142689e-29 -9.044851935818477e-30 -2.134545507988325e-32 -3.042444059613418e-30 -1.453453101778105e-31 -5.612200349620892e-43 1 -1.009803034792607e-32 2.930813714423158e-29 -2.293752743892887e-32 -8.794292569235604e-45 4.910591672505768e-43 -2.735551056805925e-44 4.248791291688713e-43 8.992101827918991e-46
7.30316199338466e-33 6.062018758152367e-32 -5.719014381315687e-33 4.876788531201316e-30 -2.480884617305112e-29 -2.194560560190378e-32 -5.277388971622126e-30 3.960754832410281e-30 4.128074020879279e-30 9.587848644173605e-32 4.554168196006972e-31 -7.417936587085358e-32 1 -1.338945155038309e-32 8.03343207221637e-31 -5.197088459331015e-45 5.436948500956663e-43 -7.832823528384712e-43 -1.575679097615417e-44 6.197858940904276e-45
9.035359087408377e-33 -5.855792890920792e-32 5.816198471273952e-32 -4.751503011406555e-30 2.869313532820205e-30 -6.75776275640787e-30 3.648084075249391e-29 1.793557887067634e-31 -1.002552373819593e-30 -7.366587542094533e-30 1.317053636270034e-32 -3.842526941825267e-29 -9.948239535407455e-33 1 -3.109925136292342e-32 -1.331652235648685e-44 -9.981826929243628e-43 1.05088529863047e-43 -1.275252756525722e-43 8.848283904749742e-45
-6.59457671583005e-33 -2.965857692096092e-32 -4.317990229875536e-31 -3.493411558838411e-31 5.690959835181822e-31 3.715095030665445e-33 5.226968009099019e-33 -5.933840218211571e-32 -1.310984932631791e-31 3.395702172224016e-31 -2.762467389022845e-30 -5.058205652396728e-32 4.625647162299342e-30 -1.163296258613951e-32 1 -6.261797709645367e-46 -5.53744346388372e-45 1.307082175187134e-44 5.574665902021878e-45 -3.799314772869975e-45
5.378195392113496e-33 -7.248829008446444e-33 8.916874763240671e-33 -1.715531460630273e-33 3.763513910764195e-32 -2.237923748362074e-32 2.642038337421517e-32 -1.335295791707454e-30 -1.743726536785129e-30 1.174572866933812e-31 -6.470030859879247e-46 -2.166562142303585e-44 3.306303905338926e-44 -2.720951251088377e-45 -7.286934390190483e-46 1 3.640573410315875e-42 -3.167814249262699e-33 3.602047578291406e-33 5.895249032069942e-31
-7.452678513350607e-33 1.007183271233463e-45 -1.859921891077476e-31 2.56961403351923e-31 4.362093852237779e-30 -2.311984285121239e-29 3.451846475789251e-29 5.785154497817897e-32 1.969172249415041e-31 -7.379494126011679e-32 3.527321359088831e-45 -1.043727652637929e-42 -1.449887145901313e-43 3.00771304491476e-43 9.953359602011475e-45 3.222986467947079e-42 1 1.455387294038259e-32 2.930813714423158e-29 -2.293752743869978e-32
7.502882315331161e-33 2.60684672758727e-32 -4.977418647894303e-31 -1.351810069548698e-30 2.666431212367166e-30 -4.521608897100235e-32 -1.450440977586412e-30 -7.924125751131841e-30 4.680357369470807e-30 3.937928808721081e-30 -1.743973871822973e-44 -6.771317714238375e-44 2.370121246101615e-43 5.781810887679626e-44 -1.364652031392607e-45 4.554168196010353e-31 -2.236560055604615e-34 1 1.126245173780996e-32 8.033432072214596e-31
