# Created from matlab git hash 00e16b208fbf08652b67ace82ddc532522841f31
# name: foo
# type: matrix
# rows: 40
# columns: 40
0.9999999999999918 2.752943866159062e-17 2.300033956275235e-17 -2.211922684087435e-17 -1.577883557115566e-16 -3.426606819952132e-18 -5.620479512019176e-16 1.113989848006074e-17 3.018914163762571e-17 -1.637848786407501e-18 -6.77927340424307e-32 -1.277479953495566e-15 -8.266221524575881e-19 -2.942336211050423e-17 9.91565259493898e-19 -6.77927340424307e-32 -1.277479953495566e-15 -8.266221524575881e-19 -2.942336211050423e-17 9.91565259493898e-19 0 -8.659728392414577e-16 -6.08318215188137e-18 -3.998794975958425e-16 2.765072072504079e-18 0 -8.659728392414577e-16 -6.08318215188137e-18 -3.998794975958425e-16 2.765072072504079e-18 0 -8.659728392414577e-16 -6.08318215188137e-18 -3.998794975958425e-16 2.765072072504079e-18 0 -8.659728392414577e-16 -6.08318215188137e-18 -3.998794975958425e-16 2.765072072504079e-18
5.551115123125783e-17 0.9999999999999905 -3.467573618888697e-17 -3.186892789476061e-15 -1.672332147073462e-17 -4.577492342646216e-16 3.558604702947862e-18 1.747180071993459e-15 -2.747011883855368e-18 2.896157070408513e-15 -5.57760740443264e-16 1.110001274305954e-15 7.52179234812333e-16 4.276488429439949e-17 9.633458237930007e-16 -5.576664415267354e-16 -1.110695106086707e-15 7.462107256170035e-16 -3.442574841024816e-17 9.821991765346966e-16 -1.889707659809481e-16 1.124115471309513e-15 1.782735474636595e-16 5.16470553206582e-16 2.12591220234575e-16 -1.889707659809481e-16 3.74160993539074e-16 1.730053571842822e-16 1.71886706126688e-16 2.506342208324194e-16 -1.889707659809481e-16 -3.757934842313673e-16 1.677371669049048e-16 -1.744318644291833e-16 2.435744110548658e-16 -1.889707659809482e-16 -1.125747962001806e-15 1.624689766255275e-16 -5.216177967230424e-16 2.295757073734061e-16
0 2.775557561562891e-17 0.9999999999999865 1.163711572815168e-17 -4.389309296813902e-15 4.266092904615164e-18 -7.760946792200158e-16 -1.520257375974902e-18 -2.173517723560844e-14 7.151111674625644e-18 1.078353011136039e-15 -7.084448487943873e-17 -1.462188080477882e-15 -3.695344981851284e-15 -1.860893970328404e-15 -1.082202313213572e-15 -7.488638375269924e-17 1.466122682176118e-15 -3.695783372412872e-15 1.851102271049271e-15 5.485936564163134e-16 -7.433863098345558e-16 -5.00274872487299e-16 -1.000956619158488e-15 -7.165170344320869e-16 1.826533416341781e-16 7.073136392587167e-16 -1.600681057606552e-16 -3.354797472318382e-16 -2.47149091472447e-16 -1.832869731479579e-16 7.057329869426941e-16 1.698335872338884e-16 -3.37897996788429e-16 2.436058315256535e-16 -5.492272879300932e-16 -7.481282667826235e-16 4.895386267135799e-16 -1.014716580863174e-15 7.162827754837422e-16
2.775557561562891e-17 -3.209238430557093e-15 1.040834085586084e-17 0.9999999999999846 3.376024304563421e-17 -3.408358121926921e-15 -1.33570281865726e-17 5.88804594070882e-14 2.066643478260663e-18 -4.51670525304903e-16 -8.314437484760052e-16 -2.283166709609107e-16 6.130241713558915e-15 1.091191146637183e-14 1.009348176870747e-15 -8.362843483674429e-16 2.156888431783264e-16 6.125715169488788e-15 -1.08985203424144e-14 9.846300614039724e-16 -8.300344710420255e-16 1.90880875277585e-16 1.191212926909824e-15 3.02444502289312e-15 1.085049205432759e-15 2.51494424362674e-16 -6.500575715876209e-16 2.102810113535636e-16 6.795995256825317e-16 -3.012049160436292e-16 2.505572707155222e-16 6.522887938820694e-16 2.191172590593204e-16 -6.753181848112215e-16 -3.118233210704091e-16 -8.328459319834809e-16 -1.980059149429003e-16 1.188339791152737e-15 -3.040108541017115e-15 1.078747280305187e-15
-1.040834085586084e-16 -6.938893903907228e-18 -4.385814628138363e-15 6.222685195356355e-17 0.9999999999999815 -2.578717692532833e-17 -1.409453765478483e-13 -2.778268066994105e-18 -2.881061556870609e-14 -7.005597748503505e-17 5.268536461592276e-16 -6.427834881115452e-15 -2.04274192504815e-14 -1.370148139385438e-14 5.316859691233133e-16 -5.381403601813911e-16 -6.433556588674155e-15 2.044805297307661e-14 -1.371141539625978e-14 -5.395125535559431e-16 8.498654254299187e-16 -1.635722265101724e-16 -3.39268543814164e-15 -6.681676255847462e-15 -9.60223654061787e-16 -4.311194413617048e-16 -5.476508461131624e-16 -4.870236158804886e-16 9.260179225528166e-16 6.056624386047149e-16 4.32149433425566e-16 -5.43829033455151e-16 4.831204880595408e-16 9.37513853712952e-16 -6.038463999658017e-16 -8.562622182475832e-16 -1.706398694220623e-16 3.39268543814164e-15 -6.693963315780333e-15 9.428764193020189e-16
0 -4.544975507059235e-16 2.38524477946811e-17 -3.352119336231738e-15 4.148740905871961e-19 0.9999999999999744 9.719808948861503e-17 -8.467890017654911e-16 1.226456062020944e-17 -3.309306902945716e-15 -6.735605996566196e-18 9.911179949667615e-14 -1.127570259384925e-17 2.111950954289225e-14 4.653937825394028e-17 6.735605996566196e-18 -9.911179949667615e-14 1.127570259384925e-17 -2.111950954289225e-14 -4.653937825394028e-17 -4.540638698369293e-16 4.648625234748849e-15 1.441468472362928e-14 9.94853071450974e-15 -7.589415207398531e-18 4.627374872168133e-16 4.651444160397311e-15 -1.441208263841531e-14 9.936048836999001e-15 6.505213034913027e-18 4.540638698369293e-16 -4.648625234748849e-15 -1.441468472362928e-14 -9.94853071450974e-15 7.589415207398531e-18 -4.627374872168133e-16 -4.651444160397311e-15 1.441208263841531e-14 -9.936048836999001e-15 -6.505213034913027e-18
-5.204170427930421e-16 5.204170427930421e-18 -7.509184246634604e-16 4.780653954303271e-18 -1.409370106548911e-13 3.91691328216438e-17 0.9999999999999802 -3.10623922417097e-17 2.261461973830207e-13 -2.494003809895562e-17 -2.188665373069332e-16 -9.833689309894644e-14 5.285268750432337e-15 -2.094237716592949e-14 -3.087265686152474e-17 2.238403147732104e-16 -9.833136366786677e-14 -5.239298578318952e-15 -2.098572492403817e-14 -1.843143693225358e-18 3.77193935807707e-16 -4.620219137829729e-15 -1.379278635749159e-14 -8.883478262895761e-15 9.042246118529107e-17 -5.333190486456196e-16 -4.608726594801382e-15 1.480413014398607e-14 -1.085889462116435e-14 4.510281037539698e-17 5.235612290932501e-16 -4.605473988283926e-15 -1.480759959093803e-14 -1.085121033826686e-14 -2.645453300864631e-17 -3.850001914496026e-16 -4.622062281522954e-15 1.378411274011171e-14 -8.894130549240431e-15 -1.214306433183765e-16
-1.691355389077387e-17 1.745131816832668e-15 -1.994931997373328e-17 5.887424514987066e-14 -3.691810407076487e-17 -8.887910524571274e-16 1.353208176929057e-17 0.999999999999981 -2.598290175264299e-17 4.384645214451383e-14 1.532472803846216e-15 3.808202594684961e-17 -4.129742338029874e-14 2.461057844923083e-15 1.940044262391249e-16 1.538020010531575e-15 -3.655169585170165e-17 -4.125887999306688e-14 -2.479936688179003e-15 2.059103213457314e-16 4.559985363397277e-16 6.841659476077133e-17 -3.889250033140002e-15 -7.268008266912388e-15 -4.128641872824801e-16 7.073511138553539e-16 -3.758761809846042e-17 -4.108692552851068e-15 8.17391915190064e-15 -7.076045478726645e-16 6.99536325185403e-16 4.330132608406537e-17 -4.10999359545805e-15 -8.154919209288012e-15 -7.073877074381674e-16 4.629684829913052e-16 -6.473235676332208e-17 -3.889683714008996e-15 7.274477855552664e-15 -4.038653092508504e-16
-5.551115123125783e-17 -5.204170427930421e-18 -2.163590487325173e-14 -1.457997812108827e-17 -2.888909821045349e-14 2.363356918715467e-17 2.261929180792649e-13 4.640385298237959e-17 0.9999999999999818 -2.675777080376335e-17 -1.467763254957722e-15 1.057964225801471e-14 3.615278920416493e-14 -4.851981751758608e-15 3.14367808043961e-17 1.461897551797986e-15 1.058647188466842e-14 -3.618318752257599e-14 -4.876174495039849e-15 -4.650549693605011e-17 -2.461545507356777e-16 5.117569779403142e-16 4.769622197198231e-15 6.539292558512856e-15 1.31188462870746e-16 -8.619949372346003e-16 4.146666733942372e-16 2.285281339164946e-15 -7.00585524651947e-15 9.884942257093465e-16 8.553135413466584e-16 4.219714855313583e-16 -2.286799222206426e-15 -6.985287592494241e-15 -1.019583723005368e-15 2.52320950591689e-16 5.13505253943447e-16 -4.767020111984266e-15 6.536077221445079e-15 -1.205632815803881e-16
0 2.90132501357121e-15 2.003063513666969e-17 -4.271498743939567e-16 2.198799476469936e-17 -3.353364916807507e-15 -6.16337729504746e-18 4.379911359067416e-14 7.350426429887293e-18 0.9999999999999878 5.51808405988133e-16 6.625886430035306e-16 3.623071623531232e-15 9.656051909161415e-15 -1.260984724841055e-15 5.473470118185615e-16 -6.585709996641967e-16 3.638406308008324e-15 -9.653813356892914e-15 -1.266626811302716e-15 -2.956123062304716e-16 -1.18431090335797e-16 6.552375829416146e-16 2.540937263727863e-15 3.42716306722668e-16 6.582065247599387e-16 8.718666682802546e-16 -1.98354787456223e-16 1.272707272818358e-15 -8.900554447112408e-16 6.573800329297317e-16 -8.661481692549303e-16 -2.107689023311821e-16 -1.256558978386339e-15 -8.970756537780844e-16 -2.980917817210926e-16 1.159105516199613e-16 6.569723064175914e-16 -2.5458793702426e-15 3.316506682997378e-16
-4.930380657631324e-32 -5.39499001028787e-16 1.042568809062061e-15 -8.240478611976076e-16 5.477050562217867e-16 8.043424867126836e-18 -2.0760438724024e-16 1.553228032302734e-15 -1.493324168207015e-15 5.250520070804177e-16 0.9999999999999784 -8.456776945386935e-17 -6.505213034913027e-16 -5.526720574244859e-17 -3.107323426343456e-15 0 0 0 0 0 3.469446951953614e-18 9.926781618929681e-14 0 2.108643121223608e-14 -1.734723475976807e-17 -3.469446951953614e-18 -9.926781618929681e-14 0 -2.108643121223608e-14 1.734723475976807e-17 0 0 0 0 0 0 0 0 0 0
-1.234255753157498e-15 1.071191746415678e-15 -7.459310946700271e-17 -1.994389896287085e-16 -6.449264391164512e-15 9.914734099914294e-14 -9.838977505990942e-14 5.117434254131581e-17 1.058526232161974e-14 6.531775988138921e-16 -4.499439015814843e-17 0.9999999999999847 3.469446951953614e-18 2.267584991305638e-13 -2.38524477946811e-18 0 0 0 0 0 -2.255140518769849e-16 -9.84906600720592e-14 5.190292640122607e-15 -2.09051526089965e-14 5.204170427930421e-17 2.151057110211241e-16 -9.849412951901115e-14 -5.190292640122607e-15 -2.090124948117555e-14 -1.734723475976807e-17 0 0 0 0 0 0 0 0 0 0
0 7.494005416219807e-16 -1.438085761584773e-15 6.108428921101222e-15 -2.043200894413664e-14 -5.494819674620361e-18 5.284245873021621e-15 -4.124250854026235e-14 3.613507992832744e-14 3.63404239426407e-15 -6.197095986139111e-16 7.977817874942951e-18 0.999999999999985 1.258104015253682e-17 4.297229889635434e-14 0 0 0 0 0 1.7495389009274e-15 7.993276685486067e-17 -4.091865735134093e-14 2.528185950078127e-15 -5.672545766444159e-16 1.747149326846508e-15 -6.834832184252637e-17 -4.091865735134093e-14 -2.523772277409191e-15 -5.542441505745899e-16 0 0 0 0 0 0 0 0 0 0
-4.510281037539698e-17 3.642919299551295e-17 -3.694310482527108e-15 1.093825144392671e-14 -1.373324184712375e-14 2.111302127051629e-14 -2.093435406985309e-14 2.464283117842303e-15 -4.882461279453489e-15 9.68969777461956e-15 -2.209061926439215e-18 2.266418525293315e-13 9.540979117872439e-18 0.9999999999999857 -9.432558900623889e-18 0 0 0 0 0 -1.660564047378799e-15 1.052760309483425e-14 3.576305918073786e-14 -5.07558405027364e-15 6.127910678888071e-16 1.65449251521288e-15 1.053757775482111e-14 -3.576999807464176e-14 -5.0542794775843e-15 -6.479192182773374e-16 0 0 0 0 0 0 0 0 0 0
6.938893903907228e-18 1.000935445638618e-15 -1.876428699920663e-15 1.081695801994579e-15 5.60945643956091e-16 1.092703764258987e-17 -1.875696784172433e-17 2.085666166683209e-16 6.657331562702186e-17 -1.276067840532812e-15 -3.121557051422203e-15 2.54071166531761e-18 4.298525511231555e-14 1.332284635024816e-17 0.9999999999999902 0 0 0 0 0 5.035274589205466e-16 7.511906375399702e-16 3.95516952522712e-15 1.013127862524596e-14 -8.455692743214449e-16 4.94176771276792e-16 -7.463947272770555e-16 3.943026460895283e-15 -1.01186860138058e-14 -8.823237279687035e-16 0 0 0 0 0 0 0 0 0 0
-4.930380657631324e-32 -5.39499001028787e-16 -1.043002489931055e-15 -8.14073201210741e-16 -5.397226177268621e-16 -8.043424867126836e-18 2.191375878500545e-16 1.560166926206641e-15 1.497826995354619e-15 5.265698901218974e-16 0 0 0 0 0 0.9999999999999784 -8.456776945386935e-17 -6.505213034913027e-16 -5.526720574244859e-17 -3.107323426343456e-15 0 0 0 0 0 0 0 0 0 0 3.469446951953614e-18 9.926781618929681e-14 0 2.108643121223608e-14 -1.734723475976807e-17 -3.469446951953614e-18 -9.926781618929681e-14 0 -2.108643121223608e-14 1.734723475976807e-17
-1.234255753157498e-15 -1.065987575987748e-15 -7.32920668600201e-17 2.006316120184426e-16 -6.440916034436374e-15 -9.914734099914294e-14 -9.836722365472172e-14 -5.984795992119984e-17 1.058775598661646e-14 -6.565386255485972e-16 0 0 0 0 0 -4.499439015814843e-17 0.9999999999999847 3.469446951953614e-18 2.267584991305638e-13 -2.38524477946811e-18 0 0 0 0 0 0 0 0 0 0 -2.255140518769849e-16 -9.84906600720592e-14 5.190292640122607e-15 -2.09051526089965e-14 5.204170427930421e-17 2.151057110211241e-16 -9.849412951901115e-14 -5.190292640122607e-15 -2.090124948117555e-14 -1.734723475976807e-17
0 7.424616477180734e-16 1.445892017226669e-15 6.104959474149269e-15 2.044023777795832e-14 5.494819674620361e-18 -5.249428753978546e-15 -4.124250854026235e-14 -3.615105060353346e-14 3.626452979056671e-15 0 0 0 0 0 -6.197095986139111e-16 7.977817874942951e-18 0.999999999999985 1.258104015253682e-17 4.297229889635434e-14 0 0 0 0 0 0 0 0 0 0 1.7495389009274e-15 7.993276685486067e-17 -4.091865735134093e-14 2.528185950078127e-15 -5.672545766444159e-16 1.747149326846508e-15 -6.834832184252637e-17 -4.091865735134093e-14 -2.523772277409191e-15 -5.542441505745899e-16
-4.510281037539698e-17 -4.9439619065339e-17 -3.701249376431015e-15 -1.093704526900982e-14 -1.373946245708838e-14 -2.111302127051629e-14 -2.092394572899723e-14 -2.490087129547458e-15 -4.888221103494818e-15 -9.675454068578532e-15 0 0 0 0 0 -2.209061926439215e-18 2.266418525293315e-13 9.540979117872439e-18 0.9999999999999857 -9.432558900623889e-18 0 0 0 0 0 0 0 0 0 0 -1.660564047378799e-15 1.052760309483425e-14 3.576305918073786e-14 -5.07558405027364e-15 6.127910678888071e-16 1.65449251521288e-15 1.053757775482111e-14 -3.576999807464176e-14 -5.0542794775843e-15 -6.479192182773374e-16
6.938893903907228e-18 9.783840404509192e-16 1.899196945542858e-15 1.097958834581862e-15 -5.695655138217006e-16 -1.092703764258987e-17 6.78978907941796e-17 2.276485749040658e-16 -5.227895939991255e-17 -1.284307777043702e-15 0 0 0 0 0 -3.121557051422203e-15 2.54071166531761e-18 4.298525511231555e-14 1.332284635024816e-17 0.9999999999999902 0 0 0 0 0 0 0 0 0 0 5.035274589205466e-16 7.511906375399702e-16 3.95516952522712e-15 1.013127862524596e-14 -8.455692743214449e-16 4.94176771276792e-16 -7.463947272770555e-16 3.943026460895283e-15 -1.01186860138058e-14 -8.823237279687035e-16
0 -1.851794956176092e-16 5.379711717338186e-16 -8.156268624716849e-16 8.399043179702081e-16 -4.671827161240039e-16 3.906380427465272e-16 4.553486588827839e-16 -2.505320170070879e-16 -2.916615536684212e-16 0 -2.255140518769849e-16 1.761378009047506e-15 -1.664900856068741e-15 4.823515688175849e-16 0 0 0 0 0 0.9999999999999846 0 -6.969544708059737e-16 0 -3.368746344261158e-15 0 0 0 0 0 0 0 0 0 0 0 0 0 0 0
-8.48599055821415e-16 1.102126518765931e-15 -7.307043769606794e-16 1.921612825458996e-16 -1.743329330720911e-16 4.653070463656039e-15 -4.622279121957451e-15 5.914322850908427e-17 5.173270666014584e-16 -1.12858669892163e-16 9.927822453015267e-14 -9.849759896596311e-14 7.546047120499111e-17 1.052933781831022e-14 7.433290094560618e-16 0 0 0 0 0 0 0.9999999999999907 0 2.263120246759343e-13 -6.938893903907228e-18 0 0 0 0 0 0 0 0 0 0 0 0 0 0 0
-1.4074420469071e-17 1.878938326842865e-16 -5.048045315092509e-16 1.189532413542471e-15 -3.387956370635389e-15 1.440927594430632e-14 -1.379170918871681e-14 -3.886214267057042e-15 4.767959218822058e-15 6.524186572931523e-16 4.275196055989956e-17 5.147658300084153e-15 -4.08978406696292e-14 3.574386590531697e-14 3.957771610441085e-15 0 0 0 0 0 -6.952622736494981e-16 1.721558208944313e-17 0.9999999999999898 -1.8777660131435e-17 4.363870376167256e-14 0 0 0 0 0 0 0 0 0 0 0 0 0 0 0
-3.852579082492669e-16 4.969982758673552e-16 -9.855397747893235e-16 3.019557260480754e-15 -6.6779162765946e-15 9.943258781446029e-15 -8.900567999639564e-15 -7.272828173032764e-15 6.54769173721783e-15 2.543213035999248e-15 2.104262944446766e-14 -2.084400360646832e-14 2.532696274926138e-15 -5.047774264549387e-15 1.012905037622858e-14 0 0 0 0 0 2.081668171172169e-17 2.263120246759343e-13 0 0.9999999999999905 6.938893903907228e-18 0 0 0 0 0 0 0 0 0 0 0 0 0 0 0
0 2.289834988289385e-16 -7.281501790412648e-16 1.071672861129719e-15 -1.000707472373784e-15 -3.790836088787966e-17 1.486312173847962e-16 -4.349819116011844e-16 9.278453122629869e-17 3.515525544284248e-16 5.085168784852609e-18 2.325452649888534e-17 -4.796510411075872e-16 5.77918720520844e-16 -8.958762551247723e-16 0 0 0 0 0 -3.375257921272108e-15 2.935942078828489e-18 4.363176486776865e-14 -2.574325389956554e-17 0.9999999999999925 0 0 0 0 0 0 0 0 0 0 0 0 0 0 0
0 -1.851794956176093e-16 1.793726204407738e-16 2.453389141323444e-16 -4.220189193764046e-16 4.656648330825242e-16 -5.345116710353537e-16 6.927029812123908e-16 -8.424792981298612e-16 6.440223111465061e-16 0 2.220446049250313e-16 1.761931210128889e-15 1.667502941282706e-15 4.845163104581842e-16 0 0 0 0 0 0 0 0 0 0 0.9999999999999846 0 -6.969544708059737e-16 0 -3.368746344261158e-15 0 0 0 0 0 0 0 0 0 0
-8.48599055821415e-16 3.672181787970984e-16 6.919825089142654e-16 -6.368942374358755e-16 -5.39892024316313e-16 4.653070463656039e-15 -4.610894999146353e-15 -3.155028321932818e-17 4.121052457617402e-16 8.531857945831556e-16 -9.927822453015267e-14 -9.849412951901115e-14 -7.37257477290143e-17 1.053063886091721e-14 -7.417027061973336e-16 0 0 0 0 0 0 0 0 0 0 0 0.9999999999999907 0 2.263120246759343e-13 -6.938893903907228e-18 0 0 0 0 0 0 0 0 0 0
-1.4074420469071e-17 1.757050270145273e-16 -1.527640861032076e-16 2.048600004911361e-16 -4.911307960799943e-16 -1.439754209776454e-14 1.478612535452511e-14 -4.106524148506097e-15 2.28242573839904e-15 -1.879464466003622e-16 -4.275196055989956e-17 -5.177415828929802e-15 -4.090477956353311e-14 -3.574755798663921e-14 3.934352843515398e-15 0 0 0 0 0 0 0 0 0 0 -6.952622736494981e-16 1.721558208944313e-17 0.9999999999999898 -1.8777660131435e-17 4.363870376167256e-14 0 0 0 0 0 0 0 0 0 0
-3.852579082492669e-16 1.639313684798083e-16 -3.471615356298585e-16 6.95895164409821e-16 9.260272399152364e-16 9.937187249280111e-15 -1.084345829273359e-14 8.190496891824495e-15 -7.010906951016894e-15 1.260385025514399e-15 -2.104262944446766e-14 -2.084400360646832e-14 -2.518818487118324e-15 -5.054713158453294e-15 -1.010302952408892e-14 0 0 0 0 0 0 0 0 0 0 2.081668171172169e-17 2.263120246759343e-13 0 0.9999999999999905 6.938893903907228e-18 0 0 0 0 0 0 0 0 0 0
0 2.532696274926138e-16 -2.511012231476428e-16 -3.265142605075877e-16 6.113927378949125e-16 4.88278129109607e-17 1.538277038632769e-17 -7.489668607529865e-16 1.060028394354929e-15 -8.959304652333966e-16 -5.085168784852609e-18 -3.57260716843261e-17 -4.796510411075872e-16 -6.060300518333268e-16 -9.062845959806332e-16 0 0 0 0 0 0 0 0 0 0 -3.375257921272108e-15 2.935942078828489e-18 4.363176486776865e-14 -2.574325389956554e-17 0.9999999999999925 0 0 0 0 0 0 0 0 0 0
0 -1.851794956176093e-16 -1.792259308522715e-16 2.455558709595768e-16 4.217681976240173e-16 4.671827161240039e-16 5.36354814728579e-16 6.945121528039182e-16 8.440784963342773e-16 6.442136490832041e-16 0 0 0 0 0 0 -2.255140518769849e-16 1.761378009047506e-15 -1.664900856068741e-15 4.823515688175849e-16 0 0 0 0 0 0 0 0 0 0 0.9999999999999846 0 -6.969544708059737e-16 0 -3.368746344261158e-15 0 0 0 0 0
-8.48599055821415e-16 -3.67690161171737e-16 6.915255139450957e-16 6.375650875301009e-16 -5.387332832444691e-16 -4.653070463656039e-15 -4.61111183958085e-15 3.306816626080789e-17 4.141110197808384e-16 -8.515120574793811e-16 0 0 0 0 0 9.927822453015267e-14 -9.849759896596311e-14 7.546047120499111e-17 1.052933781831022e-14 7.433290094560618e-16 0 0 0 0 0 0 0 0 0 0 0 0.9999999999999907 0 2.263120246759343e-13 -6.938893903907228e-18 0 0 0 0 0
-1.4074420469071e-17 1.635162213447681e-16 1.756407519426517e-16 2.257851024201063e-16 4.819948638343702e-16 -1.440927594430632e-14 -1.479611408130738e-14 -4.103054701554143e-15 -2.28239066841668e-15 -2.161357030849853e-16 0 0 0 0 0 4.275196055989956e-17 5.147658300084153e-15 -4.08978406696292e-14 3.574386590531697e-14 3.957771610441085e-15 0 0 0 0 0 0 0 0 0 0 -6.952622736494981e-16 1.721558208944313e-17 0.9999999999999898 -1.8777660131435e-17 4.363870376167256e-14 0 0 0 0 0
-3.852579082492669e-16 -1.700029006457271e-16 -3.532330677957773e-16 -6.862457650747e-16 9.448923577164842e-16 -9.943258781446029e-15 -1.085386663358945e-14 -8.173149657064727e-15 -6.984018737139254e-15 -1.240652545975163e-15 0 0 0 0 0 2.104262944446766e-14 -2.084400360646832e-14 2.532696274926138e-15 -5.047774264549387e-15 1.012905037622858e-14 0 0 0 0 0 0 0 0 0 0 2.081668171172169e-17 2.263120246759343e-13 0 0.9999999999999905 6.938893903907228e-18 0 0 0 0 0
0 2.498001805406602e-16 2.398255205537936e-16 -3.230448135556341e-16 -6.219143383616609e-16 3.790836088787966e-17 -3.14547634650461e-17 -7.316196259932184e-16 -1.05056086976829e-15 -8.86172645681027e-16 0 0 0 0 0 5.085168784852609e-18 2.325452649888534e-17 -4.796510411075872e-16 5.77918720520844e-16 -8.958762551247723e-16 0 0 0 0 0 0 0 0 0 0 -3.375257921272108e-15 2.935942078828489e-18 4.363176486776865e-14 -2.574325389956554e-17 0.9999999999999925 0 0 0 0 0
0 -1.851794956176092e-16 -5.378244821453163e-16 -8.14975991989988e-16 -8.384338687737747e-16 -4.656648330825242e-16 -3.89011739487799e-16 4.537350734092596e-16 2.491361067100129e-16 -2.910875398583271e-16 0 0 0 0 0 0 2.220446049250313e-16 1.761931210128889e-15 1.667502941282706e-15 4.845163104581842e-16 0 0 0 0 0 0 0 0 0 0 0 0 0 0 0 0.9999999999999846 0 -6.969544708059737e-16 0 -3.368746344261158e-15
-8.48599055821415e-16 -1.10259850114057e-15 -7.320753618681885e-16 -1.942009378828879e-16 -1.762302868739407e-16 -4.653070463656039e-15 -4.623038063478191e-15 -5.827586677109586e-17 5.17435486818707e-16 1.121403859528913e-16 0 0 0 0 0 -9.927822453015267e-14 -9.849412951901115e-14 -7.37257477290143e-17 1.053063886091721e-14 -7.417027061973336e-16 0 0 0 0 0 0 0 0 0 0 0 0 0 0 0 0 0.9999999999999907 0 2.263120246759343e-13 -6.938893903907228e-18
-1.4074420469071e-17 1.51327415675009e-16 4.805184028455756e-16 1.183027200507558e-15 3.389174569137002e-15 1.439754209776454e-14 1.377651629150661e-14 -3.887948990533019e-15 -4.765213643408485e-15 6.563217851141001e-16 0 0 0 0 0 -4.275196055989956e-17 -5.177415828929802e-15 -4.090477956353311e-14 -3.574755798663921e-14 3.934352843515398e-15 0 0 0 0 0 0 0 0 0 0 0 0 0 0 0 -6.952622736494981e-16 1.721558208944313e-17 0.9999999999999898 -1.8777660131435e-17 4.363870376167256e-14
-3.852579082492669e-16 -5.030698080332741e-16 -1.002887009549092e-15 -3.042433926320198e-15 -6.704804490472241e-15 -9.937187249280111e-15 -8.883220764879796e-15 7.281501790412648e-15 6.547258056348836e-15 -2.550802451206646e-15 0 0 0 0 0 -2.104262944446766e-14 -2.084400360646832e-14 -2.518818487118324e-15 -5.054713158453294e-15 -1.010302952408892e-14 0 0 0 0 0 0 0 0 0 0 0 0 0 0 0 2.081668171172169e-17 2.263120246759343e-13 0 0.9999999999999905 6.938893903907228e-18
0 2.289834988289385e-16 7.151397529714387e-16 1.062999243749835e-15 9.800756866486082e-16 -4.88278129109607e-17 -1.507170024384516e-16 -4.436555289810684e-16 -1.084976020956352e-16 3.428789370485408e-16 0 0 0 0 0 -5.085168784852609e-18 -3.57260716843261e-17 -4.796510411075872e-16 -6.060300518333268e-16 -9.062845959806332e-16 0 0 0 0 0 0 0 0 0 0 0 0 0 0 0 -3.375257921272108e-15 2.935942078828489e-18 4.363176486776865e-14 -2.574325389956554e-17 0.9999999999999925
