# Created from matlab git hash 44e5d814ece930399b58c9298dbb19a28bd9b520
# name: foo
# type: matrix
# rows: 64
# columns: 64
2.429361370047555e-29 -5.565676100769125e-17 1.396514981192767e-16 -1.089807879430499e-13 -6.746449921847991e-14 -1.252301960584426e-13 6.591044989582076e-14 -1.244801965195673e-13 -5.211128238492968e-14 -1.987364902621014e-13 -4.012792660458103e-14 -4.458759524597468e-13 4.274226112249941e-14 -4.446631554672435e-13 5.420381363299572e-14 -1.987234503467209e-13 -1.048099346643791e-13 1.106349376952136e-13 1.980934088669774e-14 3.422669147785653e-13 -1.560337663501562e-13 4.541194122190532e-13 7.018403901727681e-14 5.14720901183928e-13 -1.015708809087634e-13 5.127767498115251e-13 1.30780654970579e-13 4.584197379031511e-13 -3.644996773895533e-14 3.40587871908731e-13 9.692324907695455e-14 1.1292777365076e-13 1.057166858172317e-13 5.939042198053783e-14 -2.41556670008408e-13 -3.293231353698246e-14 4.119275790486884e-13 7.510241853464871e-14 -3.561495403076792e-13 7.40688388741887e-14 4.883432237793105e-13 1.567203428703706e-13 -6.667293432868835e-13 1.033533498020574e-14 7.377237901578635e-13 7.946432887617481e-14 -5.959650136060394e-13 1.091903743599285e-13 6.216537453726661e-13 1.438269982034175e-13 -7.189121177001893e-13 3.862561139975443e-14 6.813482179035171e-13 4.775345795004232e-14 -4.605151455216866e-13 1.306495257103806e-13 3.755920528380116e-13 9.329861250755238e-14 -3.981056247195915e-13 5.193944361641836e-14 2.428005109084451e-13 -2.003059104600726e-14 -9.783524717901712e-14 5.297374015349189e-14
-5.086514020529921e-16 -1.999999186281163 3.597926264645862e-14 1.902903604471827e-05 8.488293106454686e-06 4.124049249507367e-05 -8.488293128972044e-06 4.165582749956841e-05 1.37098585768178e-05 9.658666603547071e-05 -4.960167647178718e-06 5.797835288106749e-05 5.21450703934829e-06 5.831314593080522e-05 -1.39641982814534e-05 9.932350414206258e-05 3.013725510792545e-05 0.0002494368992017696 -1.995208371092003e-05 0.0001255417986970352 -5.633446294764828e-06 8.752028985367774e-05 -1.38129349725156e-06 7.628225954947845e-05 1.496387983312171e-06 7.646925401877733e-05 5.878041258184711e-06 8.826890284379968e-05 2.117843436842241e-05 0.000128238150506244 -3.172329665838576e-05 0.0002652605727440909 7.377521976157655e-05 0.0006605330588848313 -5.716740753005536e-05 0.0003151334052381464 -1.905004744022563e-05 0.0002003153957816501 -9.166491032466807e-06 0.0001542988066462277 -5.070973104392234e-06 0.0001304892537937227 -2.895924959970006e-06 0.0001170205866756903 -1.505849919865187e-06 0.0001095395002971837 -4.475946487655626e-07 0.0001062112038654577 5.214099654796879e-07 0.0001063370674115118 1.594801096041822e-06 0.0001099422637265984 3.023723033209427e-06 0.0001177895255908984 5.289083660069032e-06 0.0001318350085548502 9.621062096655165e-06 0.0001567394963870269 2.032979740762375e-05 0.0002054342611085271 6.405363698862326e-05 0.0003310021856360293 -8.290445090467809e-05 0.0007508385708035223
-2.557235312887775e-15 -9.802356544736171e-15 -7.999996745124664 6.928238469584504 8.485307556789781 4.898921922520048 -1.697661159797236e-05 8.331166974566889e-05 -2.741971769528267e-05 -0.0001931733318610911 12.00007095657331 6.928122512857747 1.042897862287524e-05 0.0001166263124181406 -2.792839665443366e-05 0.000198647008655193 -6.027450988895327e-05 -0.0004988737991473507 3.990416632471687e-05 -0.0002510835970872385 1.126689345695826e-05 -0.0001750405797236705 16.97065182933893 9.797856242491438 2.992726600792281e-06 0.0001529385374099091 1.175608258192154e-05 0.0001765378051965968 4.235686878115868e-05 0.0002564763014173719 -6.344659351639767e-05 0.0005305211462645052 -0.0001475504401236797 -0.001321066118016856 0.0001143348160693364 -0.0006302668106597288 3.810009491412452e-05 -0.0004006307915362759 1.83329805357573e-05 -0.0003085976136105968 1.014194757052403e-05 -0.0002609785086434823 5.791849963645151e-06 -0.0002340411741858549 3.011698763230826e-06 -0.0002190789997994721 24.00012296766513 13.8562645167191 1.042752893128117e-06 0.0002126741742943216 3.189601603001139e-06 0.0002198845280209871 6.047445512333549e-06 0.0002355790526110619 1.057816798304116e-05 0.0002636700175984518 1.92421240378311e-05 0.0003134789932241822 4.065959499036366e-05 0.0004108685232133229 0.0001281072741362947 0.0006620043713922328 -0.0001658089022341262 0.001501677141978259
1.991030079863953e-14 1.9029062830877e-05 6.928238469584306 -4089.999936522592 -2508.277481907813 -1448.154616439408 2488.681464293732 -1431.183966653223 2.374617217253167e-05 0.0001672930125870513 -3547.240062492318 -2047.999899578531 3491.814155176171 -1999.999654853558 -2.418670117779453e-05 0.0001720333560088182 5.219925665310866e-05 0.0004320373829981044 -3.455802153899396e-05 0.0002174447739533305 -9.757416230135944e-06 0.0001515895887994648 -5016.554995612419 -2896.309243615332 4859.786854899103 -2760.544050757021 1.018106713905997e-05 0.0001528862246960728 3.668212414530791e-05 0.0002221149928009048 -5.494636178341131e-05 0.0004594447895573226 0.000127782429316203 0.001144076818067081 -9.901685524929113e-05 0.0005458270690820285 -3.299564967502693e-05 0.0003469564429253726 -1.587682696090063e-05 0.0002672533729009064 -8.783184347240634e-06 0.0002260140182496984 -5.015889583212427e-06 0.0002026856021572466 -2.60820816632632e-06 0.0001897279791440977 -7094.480108577389 -4095.999816036782 6651.072846651826 -3711.997862658017 2.762274816825794e-06 0.0001904255862337628 5.237243027478564e-06 0.0002040174439482931 9.160962061990217e-06 0.0002283449338518948 1.666416799069606e-05 0.0002714807722368149 3.521224209484119e-05 0.0003558225788513108 0.0001109441535639302 0.0005733126031089416 -0.0001435947212874059 0.001300490553197191
1.701091001963511e-14 8.488309506549971e-06 8.485307556789721 -2508.277481907812 -1567.999986980509 -876.4175331277449 1523.999938963737 -876.4176557708888 25.45599532221902 14.69652415129324 -2189.202708930778 -1263.936429136856 2138.290733671484 -1224.744721883864 -1.962892238282208e-15 -9.531734313839305e-16 -0.0001704820584168671 -0.001411028183943634 36.00043637328524 20.78408629617165 -3.186763905681276e-05 0.0004950895553406792 -3096.000129886208 -1787.476072371997 2975.999511709837 -1690.48116531552 4.637035610437101e-14 2.702457667787134e-15 -4.749481100062456e-15 -5.84414686681517e-15 3.180908654631559e-15 8.339959670980138e-16 -0.0004173356663766992 -0.003736539241343165 0.0003233876947353623 -0.001782663741985424 0.0001077633406541325 -0.001133154997278137 50.91219760728503 29.39326821010778 -2.868583169247255e-05 0.0007381587346860685 -1.638182453748732e-05 0.0006619684066180337 -8.518374922092169e-06 0.0006196489872383598 -4378.405364275573 -2527.872913402652 4072.933678541338 -2273.125285240985 -9.735463566681617e-14 -3.171915228033825e-14 1.109559267922267e-14 -2.913249191632533e-15 3.496336509371497e-14 5.547372677732157e-15 -3.728440608458486e-15 2.805077010121561e-16 -3.736719580677948e-15 -3.333732832210003e-15 -2.116933878018544e-15 -8.583456467635133e-16 -4.975672306523484e-16 1.325255102018879e-16
