# Created from matlab git hash 44e5d814ece930399b58c9298dbb19a28bd9b520
# name: foo
# type: matrix
# rows: 40
# columns: 40
9.930136612990662e-17 -2.727543984612576e-16 6.718543146419701e-17 -3.037666553964126e-17 1.029375762840423e-16 2.022780961470599e-16 -2.56665308255781e-17 -7.92281579135842e-17 -7.973807372757831e-17 1.761481800158529e-16 3.281843746426011e-14 2.068407791142984e-16 3.217315094926462e-14 -3.08771903522376e-16 2.840920702353489e-14 -3.179049035540373e-14 -2.676243251063044e-16 -3.1150909666798e-14 3.515593928335043e-16 -2.737466106666282e-14 1.709786868677572e-14 -2.00586504218842e-14 5.65921499536418e-14 1.366675440292497e-14 2.729406506731114e-14 5.357035120381499e-15 2.056126574825633e-14 4.549920512629417e-14 -1.308376204447034e-14 1.718866427256953e-14 -5.992646915930973e-15 1.943168694347409e-14 -4.436483193323461e-14 -1.310336796989822e-14 -1.717294327190293e-14 -1.696108950476437e-14 -1.993799900012278e-14 -5.564422231600843e-14 1.252748057846939e-14 -2.689600641003631e-14
3.882021421001239e-17 0.8000000000000046 5.037802527524558e-16 -0.5237229365663818 1.208348027769064e-16 -2.392606431098197e-15 -3.783674304641598e-16 -2.774475669796591e-14 3.791083006453412e-16 3.055197587823174e-15 -1.398062960248683e-14 1.670552589815736e-14 -1.70452740556624e-14 6.550365253088238e-15 -1.234590360924291e-14 -1.221209094000882e-14 -1.726262607673821e-14 -1.501501803975509e-14 -7.103794391082642e-15 -1.099751441107266e-14 -2.273542285095225e-14 2.827609601805625e-14 -5.699544204780834e-14 -5.865327453030503e-15 -3.178751362547106e-14 -6.58996829022352e-15 8.414045649348883e-15 -5.273832740919463e-15 4.724827073745224e-15 -4.518614088940141e-15 -8.820698337110897e-15 -8.809144175122847e-15 -5.078595092762065e-15 -3.471571781812086e-15 -5.891355900146088e-15 -2.177034515827302e-14 -2.914233946509566e-14 -5.589613695279313e-14 4.552356124622236e-15 -3.184077116665235e-14
1.788854381999837 -2.078832520713759e-16 0.5714285714285808 2.688944900219977e-16 -1.022202503999963 3.743818411563975e-17 1.731075670750508e-13 -5.018947669090891e-17 1.283169603321844e-14 -2.780010008616462e-17 -5.904309236713246e-14 -2.584176157795781e-14 -7.951883824421899e-15 -1.244675211198429e-14 2.459576128898257e-15 5.879208287968993e-14 -2.551699410584469e-14 7.882053132060651e-15 -1.231776201564918e-14 -2.940204381755102e-15 8.440885128891792e-15 -2.145725027662949e-14 -7.253802558466693e-16 -2.092808966601882e-14 2.274430076560053e-14 1.678023916229868e-14 -5.188653712704199e-14 -7.106314166630288e-14 2.393095617093785e-14 -1.119506770007856e-15 -1.626514018528846e-14 -5.218552047728596e-14 7.091401706075466e-14 2.321588948405333e-14 1.398835940822706e-15 -6.615430774198214e-15 -2.378892883495081e-14 6.167169504901296e-16 -2.101856167336951e-14 -2.365555504370292e-14
-2.380792442078837e-16 2.094891746265534 1.070572202318823e-16 0.5333333333334636 9.214724649976187e-16 -0.4724555912616399 -4.899680105310875e-16 1.17382535378959 -6.795930352480934e-17 -0.8399210511315067 -0.01043989226202116 4.81538780233765e-14 0.02593812086238716 3.136436915969271e-14 -0.01855980846615162 -0.01043989226202163 -4.740547440582527e-14 0.0259381208623861 -3.141413403180473e-14 -0.01855980846615267 -0.0002306912066216773 2.576930164427505e-14 0.0005731569111127764 4.784413739205249e-14 -0.0004101177007732957 -0.0002306912068228037 1.562946224365397e-13 0.0005731569111913964 -1.039763751703606e-13 -0.0004101177008007399 -0.0002306912068194191 -1.542741621051306e-13 0.0005731569111919714 1.023361959364103e-13 -0.0004101177007990894 -0.0002306912066232619 -2.484849103986496e-14 0.0005731569111128334 -4.906374281896522e-14 -0.0004101177007732286
1.313620248687655e-15 -4.49923890018725e-16 2.555506259999766 -5.906382418063626e-16 0.5194805194807358 4.783375639114036e-16 -1.202614232301661 -1.259776380756811e-16 1.574591643243904 -2.932901291242211e-16 0.08286407591999491 -0.0132871356066205 -0.2058774518342957 0.017396944195841 0.1473139127472517 -0.08286407591999483 -0.01328713560662117 0.2058774518342971 0.01739694419584084 -0.1473139127472502 0.002746582031093589 -0.0001468034952204813 -0.006823937919789635 0.000192210893887496 0.004882812500053964 0.0009155273442515817 -0.0001468034955787846 -0.002274645973553085 0.00019221089423345 0.001627604166825879 -0.0009155273442515314 -0.000146803495580158 0.002274645973552695 0.000192210894233066 -0.00162760416682549 -0.002746582031093297 -0.0001468034952190485 0.006823937919788243 0.000192210893888821 -0.004882812500052704
-9.188642293990063e-16 -1.295357200553341e-16 -7.225534599216197e-17 0.9449111825230634 1.051554769476129e-16 0.1298701298701846 3.689656624968606e-16 -3.620300534999588 2.374735062618614e-16 0.8333333333333494 -0.6629126073626874 0.2125941697029902 1.647019614669721 -0.2783511071343605 -1.178511301978965 -0.6629126073626856 -0.2125941697029922 1.647019614669723 0.2783511071343589 -1.178511301978965 -0.02929687499951683 0.002348855922783049 0.0727886711429596 -0.003075374303108233 -0.05208333333334714 -2.068508199890489e-13 0.002348855922210087 -3.40365166827043e-13 -0.003075374303293142 -5.144901240286962e-13 -2.088983816284799e-13 -0.002348855922211907 -3.386858714751987e-13 0.003075374303294726 -5.146818294681749e-13 -0.02929687499951449 -0.002348855922783165 0.07278867114296175 0.003075374303108747 -0.05208333333334603
1.662068609966304e-16 -2.294797376588556e-16 8.249473233020662e-15 3.239364296657264e-16 2.104574906528651 -6.179469201410691e-16 -0.05757575757672972 -4.096910438091096e-16 -3.121507729875831 7.98266046124734e-16 0.6472733202570284 -0.2109267387060909 -1.60816349346069 0.2761679274889039 1.150708124902163 -0.6472733202570302 -0.2109267387060904 1.608163493460686 0.2761679274889037 -1.150708124902166 0.02883640083337806 -0.002330433238942859 -0.07164461387912528 0.003051253347928931 0.05126471259349002 -0.000230691206580092 -0.002330433238269026 0.0005731569114638714 0.003051253348042315 -0.0004101177002508997 0.000230691206579377 -0.002330433238265298 -0.0005731569114655458 0.00305125334804466 0.0004101177002499923 -0.02883640083337945 -0.002330433238941479 0.07164461387912377 0.003051253347930061 -0.05126471259349136
2.00149497475731e-16 -5.721165010464505e-15 -2.178585562348639e-16 -2.347650707579215 -3.202536395694056e-16 2.193476206499597 -3.526771024241851e-16 -0.1164021164023031 -5.332981039360408e-17 -1.871671714499838 0.08235098073291908 -3.787159843320444e-13 -0.2046026565939988 -1.909821091507507e-13 0.146401743525677 0.08235098073291665 3.825132500658652e-13 -0.2046026565940006 1.932106964322927e-13 0.1464017435256738 0.001819716778368801 -8.105699040713284e-14 -0.004521122685342196 -5.019458935944478e-14 0.003235052050821648 0.001819716779463898 -9.009155349936685e-13 -0.00452112268592751 4.950349998749978e-13 0.003235052050885988 0.001819716779465884 9.068161800926873e-13 -0.004521122685934223 -4.971131127259564e-13 0.003235052050883986 0.001819716778369747 8.214333973339492e-14 -0.004521122685340922 5.0340809323431e-14 0.003235052050821867
-6.345137279516351e-16 -2.672032833382376e-16 7.065658731814009e-16 4.078774416263017e-16 -2.755535375678277 2.310702737280311e-16 1.95205821811117 -2.014964135221849e-16 -0.42727272727189 2.759160546337947e-16 -0.1435247896158593 0.02301399395780325 0.3565902067099224 -0.03013239124362803 -0.255155181539717 0.143524789615859 0.0230139939578045 -0.3565902067099228 -0.03013239124362641 0.2551551815397179 -0.004757219625076228 0.0002542711124417381 0.0118194071846433 -0.0003329190340482059 -0.008457279333871364 -0.001585739875888703 0.0002542711131043217 0.003939802395442753 -0.0003329190345244905 -0.00281909311139739 0.001585739875888695 0.0002542711131050303 -0.003939802395444573 -0.0003329190345253121 0.00281909311139618 0.004757219625078571 0.0002542711124404519 -0.01181940718464048 -0.0003329190340484262 0.008457279333873451
