# Created from matlab git hash 00e16b208fbf08652b67ace82ddc532522841f31
# name: foo
# type: matrix
# rows: 64
# columns: 64
0 0 0 0 0 0 0 0 0 0 0 0 0 0 0 0 0 0 0 0 0 0 0 0 0 0 0 0 0 0 0 0 0 0 0 0 0 0 0 0 0 0 0 0 0 0 0 0 0 0 0 0 0 0 0 0 0 0 0 0 0 0 0 0
-4.78752537918231e-27 -1.999999999999953 -2.80319135873358e-16 -3.996802888652185e-15 9.128145559593851e-14 1.977962135514518e-12 3.79234203617467e-14 1.912583178772037e-12 1.197010817351271e-12 1.779006879288567e-12 -7.73632476830406e-13 4.891689787464032e-13 -1.264312173114078e-12 2.060793023850761e-12 9.463678417109062e-13 4.533881789827448e-13 5.256730167363591e-13 5.585020929741822e-13 -3.618869295185722e-13 1.855395579180502e-13 6.761321761636429e-13 2.158188327620364e-12 -4.866338378232778e-13 -1.977067111237275e-14 -1.327565915992959e-12 2.586464196152069e-12 9.599243539696176e-13 -1.831359276414517e-13 -6.813155543608129e-13 8.507476431895734e-13 5.416617323816313e-13 1.128994589400214e-13 1.449626035536892e-13 -8.64016325690831e-14 -1.776203328107162e-13 -3.122163472629392e-14 7.3628382625758e-14 4.632547215733238e-13 -1.664223059375485e-13 -1.110088836384243e-13 -7.449518079242397e-13 9.613452559061387e-13 4.100099175304014e-13 -3.421968644732129e-13 2.008171396428219e-13 1.077289593686808e-12 -5.845663103688907e-13 -3.869747867455139e-13 -2.44557276431695e-12 2.549300662958124e-12 1.601283106396329e-12 -8.751997459227398e-13 -2.555523054457e-13 7.444550595048391e-13 4.541453134170622e-14 -2.466440629708391e-13 -8.467286542199042e-13 9.932329716883365e-13 5.876777964688611e-13 -2.738400282892659e-13 -3.846611628400286e-13 1.503630376364391e-13 2.477208463771288e-13 -7.32446722087784e-14
1.663083328698055e-16 2.742129756592169e-17 -5.999999999999842 -1.418197275157976e-15 7.63504159256758e-14 4.542805100944486e-13 -1.13853721348477e-13 4.069069105504522e-13 -4.19862116868545e-13 -1.503606046238647e-12 7.527373793171544e-14 -1.886794691044761e-12 -6.561198462916052e-13 2.126508988644886e-12 5.996590978807278e-13 1.79976674469744e-12 -1.413211235995253e-12 -9.675836377070669e-13 9.068649984935734e-13 -6.657446689741179e-13 9.964711395327876e-13 -1.6732099841942e-12 -8.727200268882897e-13 -2.45283276305879e-13 8.124922783247237e-14 1.845983569346006e-12 -1.028617060943215e-13 -6.269165671084682e-14 -1.649506083550859e-12 1.612238800961056e-12 1.302442962791976e-12 5.880286802574566e-13 -9.404349379119401e-13 3.696643062304765e-13 6.686487951840345e-13 -3.53811313409091e-13 -5.894148121338615e-14 -1.101901839617634e-12 2.205835324160831e-13 1.158024510213426e-13 1.399192438454701e-12 -1.763943472668497e-12 -9.933498620008396e-13 4.318703712752121e-13 4.861884650220293e-13 -5.556625749965674e-13 -4.229832086086977e-13 1.854390767260741e-13 -9.668151272513115e-13 1.081471587197568e-12 5.876196370378774e-13 -4.14847817458357e-13 1.535211648061126e-13 8.844140652959651e-13 -3.440855083532459e-13 -1.701115036248992e-13 -1.59854493498731e-12 2.09699972522528e-12 1.102849367767555e-12 -4.512459827752906e-13 -1.306370476347688e-12 2.384492115023593e-13 1.004549078348117e-12 2.65216609824387e-13
-1.13836451004709e-16 1.36721310609362e-14 2.327282625443252e-15 -11.99999999999973 9.215700874455443e-14 0.000206336490624967 4.312005857221181e-14 0.0001845529668755293 0.0001294751197063869 0.0004012303088990291 -8.476136218830493e-05 0.0002120603121873241 -0.0001294751197136033 0.0004012303099287565 8.476136239441894e-05 0.0002120603128041869 0.0001831054699176788 0.0005674253431957393 -0.0001198706677921256 0.0002998985698627871 6.864645646735832e-13 0.000722177708459222 -7.604165380045206e-13 0.0002306912050567087 -1.633060240447581e-12 0.0007221777091757087 7.101391396541902e-13 0.0002306912046890116 -0.0001831054702196843 0.0005674253442133262 0.0001198706684803794 0.0002998985698055607 0.0002589502382250462 0.0008024606140345974 -0.0001695227240439232 0.0004241206235717328 -3.061566680443186e-13 0.001021313510136199 1.501185844222375e-13 0.0003262466329816705 -8.092566700976803e-13 0.001021313509394531 7.300517805139539e-13 0.0003262466330487822 1.100272816122695e-12 0.001021313508344022 -1.578087106209532e-12 0.0003262466324240312 -3.299479445906841e-12 0.001021313510715701 2.001303263783394e-12 0.000326246631613073 9.355564457234113e-13 0.001021313508380638 -1.014802129984123e-12 0.0003262466330640482 -1.681423338573249e-12 0.001021313511058595 1.009080029172536e-12 0.0003262466325584646 -0.000258950238809362 0.0008024606150254776 0.0001695227245872556 0.0004241206234072237
3.787225602898288e-14 8.838674291871155e-14 -1.153873857317225e-13 9.677276836458986e-14 -96.00000000000053 -94.65892722149987 -36.66060555964511 -84.66551837778827 -0.001035800946713444 -0.003209842456155765 0.0006780908917554336 -0.001696482491771631 118.7949750402896 -100.3977441647758 -77.76956647178663 44.90236811570294 -0.001464843751327759 -0.004539402736067435 0.0009589653385309627 -0.002399188549848358 -8.896165141158008e-13 -0.005777421663064365 8.154280054899054e-13 -0.001845529654805919 168.0029296874999 -141.9826134105653 -109.9837346096133 63.50098431299771 -0.001464843754453046 0.004539402740191725 0.00095896534086974 0.002399188549532276 -0.002071601899404062 -0.006419684912893649 0.001356181787539967 -0.003392964985992521 -4.102699451817438e-13 -0.008170508071860112 7.475426703994604e-13 -0.002609973064993001 -2.030368819396635e-12 -0.008170508069780497 1.918507723311779e-12 -0.002609973065427962 2.599800869332681e-13 -0.008170508073790741 -7.906617179563517e-13 -0.002609973066820352 237.592021682476 -200.7937375064005 -155.5404891253581 89.80395323948274 -2.063949042729318e-12 0.008170508074131408 8.648556119934016e-13 0.002609973063971884 -6.378166027961416e-12 0.008170508076847877 3.750371860118864e-12 0.002609973062677614 -0.002071601900198092 0.006419684914315394 0.001356181788426941 0.003392964985846101
2.037800909983751e-12 1.913166875597048e-12 -2.407979537916633e-12 3.081137582829499e-12 -94.65727652960396 -2181.553927951379 -41.31182235954984 -1945.87458864631 -1160.167548813692 -961.6620574662024 832.5376188011595 455.3696558185334 1427.898757304588 -1206.792408277539 -934.7791628687941 539.6970600896909 0.001444355401982942 0.004475911471733634 -0.0009455525654722768 0.00236563180669686 -1262.097020394554 -1013.327636718542 1032.795558988585 524.7324384367355 2019.35523263126 -1706.660970051865 -1321.978315505396 763.2463560366934 -0.00144435542309165 0.004475911460453627 0.000945552579477898 0.002365631813124527 0.002042626997827703 0.006329894705908021 -0.001337213261899434 0.003345508584994219 4.335071278375949e-13 0.008056229603423308 -8.283805761633229e-13 0.002573468147329633 -4.885897015636249e-11 0.008056229644388926 3.115284063003441e-11 0.002573468128514152 -713.9498893091293 -452.5402837295192 1051.627310409876 404.7741139697445 2855.799557236222 -2413.583090220189 -1869.559662950874 1079.39334813894 -2.352784200282458e-12 0.008056229606127971 1.077682253570979e-12 0.002573468146243645 -6.3909885271739e-12 0.008056229608404407 3.752651726794725e-12 0.002573468145051842 -0.002042627023943607 0.006329894685636362 0.001337213279317388 0.003345508594471362
