# Created from matlab git hash e3d28e3d9936e8692f581d15f2e77c245ebc3f89
# name: foo
# type: matrix
# rows: 12
# columns: 12
0.2608103314760394 -0.4281156671269269 0.5197404159664618 -0.4427990165782709 0.3316061401014151 0.2389666090354257 3.868423754487539 0.05885964018640305 4.018183892369881 0.002566151054421359 0.003904071360693992 -0.0008052691033945995
-0.4166151986747237 0.7207402554203218 -0.8803048995862134 0.7818373749431993 -0.5746602049039917 -0.4165977432834086 -6.6574850445123 -0.1140387396529134 -6.941784153449613 0.008243172156249087 0.003614670272464699 -0.004106282168374089
0.4603153087984809 -0.8464200323899455 1.119136176256058 -1.011948966159912 0.7703872728686407 0.5283922136517352 8.475598585821148 0.1792819422445135 8.908633052819178 0.0070401071916279 0.007567515087663396 -0.003067506976031921
-0.3608286415027702 0.7187706596240543 -1.051439038481809 1.011834587445497 -0.827327288120047 -0.5600932757999338 -8.283912375669704 -0.2286299597455475 -8.818500361024167 0.0669257865281231 -0.03769218625094854 -0.02405794020680547
0.253826525662763 -0.5231022612446257 0.795467573453528 -0.7949883597675017 0.6443093529033023 0.4408601785028088 6.367197767840999 0.1898376086377086 6.807508846402619 0.00714902057296878 0.005712753697475794 0.002846729034506673
0.2009518944150614 -0.3762870373708858 0.5082840866945867 -0.49262168286559 0.3013555396399113 0.2181466463839285 3.794254838750159 0.07980161073715507 3.987155064211461 0.04807713198906497 -0.04277694800425261 -0.02008889433603089
-0.3209354765879126 0.7344075119348514 -1.242335782748953 1.528910150860924 -1.159791907111818 -0.5448653402029859 -11.36889375602894 -0.7618140205602197 -12.39757001494437 -0.06743148445407622 0.05223220326025158 0.03015627661260765
0.1999313355898827 -0.4944432018215092 0.8935682587317055 -1.002061118638488 0.8903942952624947 0.5311793802661889 8.489479890483814 0.5075363454700407 9.637659487413384 -0.05900913238450864 0.04570827739978223 0.0263896862610083
0.2011082056459282 -0.4239585780846995 0.6610003657251609 -0.7255727746559135 0.5616933036039888 0.3173742127020511 4.99684421848943 -0.1523725003952138 5.442523436388851 0.01164285298131151 -0.009018515139852218 -0.005206842143650192
-1.508631340972682e-06 -8.246211667194656e-05 0.0002153714504092405 0.001490114404069548 0.00148337486952912 0.0001398113130934896 2.602085213965211e-18 4.87890977618477e-19 -2.710505431213761e-18 -0.06245006389272377 0.005074479390582576 -0.0454519197265028
2.948539592704977e-07 2.005972283781715e-05 -5.706256910985408e-05 -0.0003816542809111032 -0.0003794373544037059 -3.415475122229444e-05 -7.724940478959219e-19 -1.151964808265848e-19 7.995991022080595e-19 0.04476754959810498 -0.005531638795543707 0.05070030946794521
1.313769289595568e-06 7.084931525297799e-05 -0.0001839639219628827 -0.001275839091666485 -0.001270181667452876 -0.0001200870751203822 -2.005774019098183e-18 -4.743384504624082e-19 2.114194236346734e-18 -0.02154874625771192 -0.05821018431154354 -0.02994003115973413
