# Created from matlab git hash 00e16b208fbf08652b67ace82ddc532522841f31
# name: foo
# type: matrix
# rows: 64
# columns: 64
0.2129957926421353 -0.1637367190146486 0.218318367147417 -0.09088565793569942 0.1395400854151282 -0.02075531078110817 -0.1145754924498164 0.01526277446407816 0.05538357978994127 -0.03849552352167322 -0.06133973581913871 0.02298373540684341 0.07522853181319759 0.06355977411200946 -0.04926955309857194 -0.0284226523705866 0.03695807337745532 -0.02490329822705498 -0.02619568135516593 0.007830788196735295 -5.886173147085626e-06 3.903447909323726e-05 -2.470765325693619e-05 3.415364911822995e-06 4.525780429830477e-07 3.354047222381105e-06 -2.417815416574038e-06 9.101690787954247e-07 0.1063618570411329 0.08989289678972848 -0.06963057140960645 -0.04020071655592655 0.3856851408596089 1.801468041538745 0.026047485072547 1.972980208984295 -0.001499659580692833 0.001805760265053703 0.0009475496330862576 -0.0002272356402246499 -3.923539715342613e-05 9.339218809934159e-05 2.288976818046833e-05 1.65365372436666e-05 -5.688460870401447e-06 2.029552513584007e-05 3.194220375753294e-06 5.105220674306065e-06 -1.47232736320686e-06 6.956720361642288e-06 8.114533910912483e-07 1.94531658667071e-06 -5.157368791511607e-07 3.023601586572556e-06 2.813537468835042e-07 8.865796595079423e-07 -2.181606212325797e-07 1.524623247896477e-06 1.182882151494928e-07 4.586681053608455e-07 0.150418118743406 0.1271274536459648 -0.09847178561541121 -0.05685248442900288
-0.2333669022335112 0.4082656765133264 -0.2262410681377518 0.3450758464787984 -0.05989162336375525 0.1935701733067607 0.07984203728273043 -0.09703049255995431 -0.09815706216788818 0.06842025171337886 0.108168086991101 -0.04069094591163713 0.1302318495626846 0.1101019736861316 -0.08522016211638883 -0.0492424399907441 -0.06601644450454879 0.04483340138844428 0.0470364785956734 -0.01419119326548189 5.052666149633835e-06 -5.914166451807338e-05 4.666106710781836e-05 -5.227301339184999e-06 -1.25682104392696e-06 -4.404296952395328e-06 4.534409645177459e-06 -1.243455048364138e-06 0.184223965892855 0.1556970003576331 -0.1206022109743027 -0.06963051845580547 -0.6717691386970662 -3.126910705661268 -0.04392690154910169 -3.42721029382829 0.002522410700265381 -0.003009081832532565 -0.001591099197370564 0.0003982332881954018 6.257741275037048e-05 -0.0001453740301234726 -3.606000589425334e-05 -2.480488668427971e-05 8.618773979592766e-06 -2.966119488208573e-05 -4.713527745411871e-06 -7.313642671159084e-06 2.117894359395818e-06 -9.534052188230973e-06 -1.119407346936068e-06 -2.626907823652856e-06 7.031347187208038e-07 -3.87381984704908e-06 -3.61725432647888e-07 -1.122038906029221e-06 2.812362692653821e-07 -1.818525291884606e-06 -1.411467352902023e-07 -5.411999488462713e-07 0.260532589951432 0.2201891778509918 -0.1705585952681953 -0.09847229950544524
0.2183183671472447 -0.3819388911006237 0.5029675091433027 -0.2165897356165548 0.3214612129549007 -0.05389577986440115 -0.2639619872541827 0.03788248782834546 0.1325203222965429 -0.0928665902497299 -0.1446510115620072 0.05482587850554542 0.1682192360744995 0.1421210080235343 -0.1101735332609017 -0.06355510720429033 0.09042847889018039 -0.06229534693813718 -0.06505316415419649 0.01995007256383985 6.957037245631252e-06 5.414434610026089e-05 -7.036366865044604e-05 4.943326627933374e-06 2.861911765399705e-06 2.002185187072386e-06 -6.76156702101232e-06 7.32210470357069e-07 0.2378330889768615 0.2010049889339204 -0.1556992061882289 -0.08989217820382107 0.8768783641383632 4.053755718574418 0.05361853209955966 4.449790650818662 -0.003059142746179693 0.003573290721967839 0.001922458583965876 -0.0005262262147916311 -6.667252979178057e-05 0.0001446991794959156 3.714629994209413e-05 2.196030552114375e-05 -7.890840544527126e-06 2.389232928811354e-05 3.937464472101945e-06 5.433135743320608e-06 -1.600797520822674e-06 5.713560964072538e-06 6.951060740206817e-07 1.444690359176745e-06 -4.092074927233968e-07 1.427195745012571e-06 1.377203895361286e-07 3.643351884541269e-07 -1.097442876159373e-07 1.922755261775576e-07 1.513707309287164e-08 3.481978828391286e-08 0.3363457832251279 0.2842639032760357 -0.2201900294325216 -0.1271268330502018
-0.1972073360387145 0.3450060213794959 -0.4543313688550035 0.553729513987445 -0.1102888908061065 0.310593043184603 0.1374242185811337 -0.1556936061751013 -0.1672210182974625 0.1180317662288394 0.1801507602997833 -0.06899282281077537 0.1989261756795169 0.1681895074304273 -0.1301690260647131 -0.07521881429722574 -0.1163157824683925 0.08162697086940322 0.08475196891966544 -0.02652124117006308 -3.2760341175288e-05 -2.362610609369504e-05 0.000101649133592637 -2.561791185596683e-06 -5.640451539789329e-06 4.33578209497416e-06 9.649203955201679e-06 7.228574789080331e-07 0.2814052546963231 0.2378343944184578 -0.1842218844071042 -0.1063610795273249 -1.054515546684653 -4.825594656758003 -0.05789189556906555 -5.309023806235275 0.003259243143847762 -0.003659638656630885 -0.002034253546703218 0.0006444410025871709 5.317157769288074e-05 -9.293170371568209e-05 -2.681606784932411e-05 -7.661270034132714e-06 3.44404930450182e-06 -2.052847841078762e-06 -7.486338544172785e-07 8.692151899173261e-07 -1.692476009469015e-07 5.243909081175413e-06 5.428263416678834e-07 1.833874237192661e-06 -4.232693990028153e-07 4.815942918096524e-06 4.363266173783328e-07 1.542192631704097e-06 -3.312245288561831e-07 3.695174189057646e-06 2.861640213793266e-07 1.166963077002755e-06 0.3979688076679038 0.3363479955739741 -0.2605317067747799 -0.1504172859225278
0.1392186162295709 -0.2435571711079225 0.3207354541277853 -0.3909394574388756 0.4435136923792273 -0.008633438847431001 -0.2536344010672592 0.4380049734816047 0.1883775372834472 -0.1346472743553634 -0.1984320491069097 0.07739427809895723 0.1955095813373852 0.169002297925919 -0.1244303728769998 -0.07586142304007858 0.1352001270426985 -0.09769116747229928 -0.1005828617647064 0.03242128470142415 2.443281710442364e-05 -0.0001100814383574403 -0.0001009512662304375 1.80853343629757e-05 -0.0002976126338907361 -0.0001656911985504264 0.0005559718790571752 -0.0001310598900177287 0.2813688202240524 0.237798523785158 -0.1841325272968261 -0.1063763326305595 1.088161707166571 4.881227485255232 0.04660907509991932 5.394364447674683 -0.002509529356344922 0.002478860938219479 0.001534227480443096 -0.0006889175136654063 1.39692669662712e-07 -6.927149993319805e-05 -8.698676684846219e-06 -3.029056727327154e-05 -7.480277020087097e-05 -0.0001228669501854773 4.7356364406923e-05 1.560342299993332e-05 -2.048652154192476e-05 -0.000495222737080522 3.944501179337593e-05 -0.0002395271106839119 4.708443232570171e-05 -0.0002252593306223064 -2.121783081033972e-05 -6.322119195020517e-05 1.660670868977838e-05 -8.602842493914394e-05 -6.685993429012235e-06 -2.467774072954777e-05 0.3979807432352766 0.3363169410962956 -0.2605375009400314 -0.1504295842470064
