# Created from matlab git hash 00e16b208fbf08652b67ace82ddc532522841f31
# name: foo
# type: matrix
# rows: 64
# columns: 64
0 0 0 0 0 0 0 0 0 0 0 0 0 0 0 0 0 0 0 0 0 0 0 0 0 0 0 0 0 0 0 0 0 0 0 0 0 0 0 0 0 0 0 0 0 0 0 0 0 0 0 0 0 0 0 0 0 0 0 0 0 0 0 0
-0.4618802153516953 -3.008661028647275e-18 0.2065591117977266 -1.377118738791352e-17 2.102426248791852e-15 -3.304048501298518e-15 4.906049452968627e-15 -3.000102883656917e-15 -2.782840486186663e-15 -5.06394049255506e-15 4.209198094240474e-15 2.454771137392886e-16 1.411129931652243e-15 -1.862934976888014e-15 1.424049578615822e-15 -1.875763828065953e-15 -1.44845344485916e-15 -2.308576435350061e-15 1.94035258238405e-15 3.010703719231243e-16 -4.704705592120644e-15 -6.295657005979611e-15 4.822737939254654e-15 9.835774269175429e-16 -8.45420196522722e-16 -3.189599120711781e-15 2.3779365791992e-15 -4.541848614302781e-16 4.682601420329114e-16 -8.177432339076453e-16 5.482437691762404e-16 -7.851230500692082e-16 -9.46962014143649e-16 -6.967149572899944e-16 3.810157484657184e-16 3.167629757480817e-16 -2.786914114163692e-15 -2.766975645324538e-15 1.850868633704317e-15 8.908875071623853e-16 -1.216821655479922e-15 -1.829397115907406e-15 9.838863664762831e-16 2.802317843066598e-16 -7.870088449152399e-15 -7.450819699943607e-15 5.292017908956059e-15 2.806806822391546e-15 -1.275700122680564e-15 -1.913068373688766e-15 9.12762703961234e-16 2.752251581438744e-16 -2.571026401094674e-15 -2.978212109842605e-15 1.855964383914999e-15 7.902735455557305e-16 -8.439246965425266e-16 -1.147190093933727e-15 4.819278656698067e-16 -1.983907598443529e-17 -8.24145211467309e-17 6.453863535465092e-17 -1.459065073622368e-16 -5.131614095020908e-17
1.040834085586084e-17 -0.6196773353931783 2.306978935141812e-17 0.4056740422696834 -1.136828064800618e-17 -2.221025862327863e-14 -2.344756604589354e-17 8.494063714160199e-16 -1.993942080555784e-15 1.375441772374466e-15 -5.121604197330914e-15 3.041348225296443e-15 2.134329241824373e-15 -5.176030643463874e-15 5.071714803770583e-15 -2.643850856803491e-15 2.754867511276784e-15 4.657096199496102e-15 -4.47149370481903e-15 -2.157926282715677e-16 -9.048840270023482e-16 1.369218171324736e-15 -1.055470814914639e-15 1.370906837384206e-15 -2.965762621517107e-15 -4.544820711788124e-15 3.562552813515807e-15 6.506501319086241e-16 1.301398572578689e-15 -2.08976178274142e-15 1.815225487283856e-15 -1.706102629735778e-15 1.712382134960028e-15 2.13954423839216e-15 -1.651673589564417e-15 -4.458328271719856e-16 4.911446005754702e-15 5.692224035874771e-15 -3.859109212744904e-15 -1.275328380769859e-15 8.856305445947843e-16 1.983463171267505e-15 -1.039749883413599e-15 1.512161333921003e-16 -1.668214448958399e-16 7.999345272551722e-16 9.10594299616263e-17 2.780987042754791e-16 -1.638785136238996e-15 -1.477205131220766e-15 9.57458938521949e-16 5.854708672080669e-16 -5.132240390049586e-15 -5.481722795954921e-15 3.761639437438458e-15 1.552563111439139e-15 -1.4376148112661e-15 -2.796069311413601e-15 1.684199654738983e-15 4.718651142564256e-17 4.631948850083306e-16 -6.241684144363269e-16 1.984089975648473e-16 -5.118399871691451e-16
1.054711873393899e-15 -5.095750210681871e-17 -0.8113480845393632 5.982966930349507e-17 0.2999999999999977 -3.611610738359289e-15 -0.5237229365663886 -3.145215789346012e-15 0.01325825214724383 5.271488358178567e-15 -0.02314550249430623 -1.722719363098627e-15 0.01325825214724841 -1.351211182602351e-14 -0.02314550249430901 -8.36922894344771e-16 0.0005859374999987953 -3.361335054697864e-15 -0.001022896360475404 -1.323978565128357e-15 0.0005859374999923934 -3.513364763235802e-15 -0.001022896360479272 3.598524449901125e-15 0.0005859374999955466 -7.051074947441588e-16 -0.00102289636048143 3.029420217997702e-15 0.0005859375000016073 -4.151521926796034e-15 -0.001022896360477155 -2.166465274796507e-15 2.589502372248462e-05 -3.112771542260195e-15 -4.520605955643259e-05 6.493252929697796e-16 2.58950237214632e-05 -4.426458657079413e-15 -4.520605955616371e-05 8.671991076625307e-16 2.589502372718071e-05 2.079811474951787e-15 -4.520605956062564e-05 -1.200041551319055e-15 2.589502371497293e-05 -6.359040559205352e-15 -4.520605955368804e-05 4.486915421931452e-15 2.58950237259717e-05 3.178901098518233e-15 -4.520605956105411e-05 3.137587913548852e-16 2.58950237205811e-05 -2.834605922381883e-15 -4.520605955635524e-05 1.82808852962086e-15 2.589502372239537e-05 -3.270414538139588e-15 -4.520605955684633e-05 8.240749662519198e-16 2.589502372563288e-05 -9.663765013906422e-16 -4.52060595585663e-05 -8.430925499836733e-16
2.567390744445674e-16 -1.054061352090407e-15 -1.834266787938132e-16 -0.4999999999999913 -2.032774253083098e-16 1.645233615871649 -2.845217551145085e-16 3.263093283646256 -0.1060660171779892 -4.8313816563715e-14 0.185164019954544 1.68764226133442e-15 0.1060660171779896 -5.657930212939286e-14 -0.1851640199545441 -5.188311218300742e-15 -0.004687499999995598 -1.56709904384697e-15 0.008183170883842359 1.192857864893392e-15 -0.004687500000006442 1.633316691531522e-16 0.00818317088385952 -9.094228530502103e-16 0.00468750000000138 -1.270191295351351e-14 -0.008183170883856459 -6.237997009943871e-15 0.004687500000000618 -9.591353861311547e-15 -0.008183170883845584 -4.781500987250525e-16 -0.0002071601897990401 2.209604027525458e-15 0.0003616484764700778 2.445689050584177e-16 -0.0002071601897931325 4.979198477139679e-15 0.0003616484764696155 -2.995433762142952e-15 -0.0002071601897951994 2.891892454670586e-15 0.0003616484764719357 -3.409690471590718e-15 -0.0002071601898056749 3.359563061772208e-15 0.000361648476475426 2.232277405457561e-15 0.0002071601898006236 -1.059804913099149e-14 -0.0003616484764724318 -4.091951793681534e-15 0.0002071601897934109 -5.658830608962218e-15 -0.0003616484764707838 3.176685260328216e-15 0.0002071601897978042 -1.307981500886513e-15 -0.0003616484764725972 1.824495415858607e-15 0.0002071601898015364 -2.070392468578319e-15 -0.0003616484764716495 -9.761885310516361e-16
1.970645868709653e-15 -3.27754316742368e-15 4.426724286611672e-14 -3.404683289262583e-15 -2.005832764555794 3.555555555555764 0.2065591117976456 3.180185567999763 4.566769311498576 3.771236166328034 -3.103761159195982 -1.686548085423196 0.1045825033167659 -5.471739835045172e-14 -0.182574185835088 -5.680408561535284e-15 0.0046219373305421 1.891600754071882e-15 -0.008068715304592085 -8.903790112970919e-16 6.315107039303603 5.333333333332973 -4.139250951259209 -2.385139175999865 0.004621937330548848 -1.356130919366594e-14 -0.00806871530460504 -6.946003051433534e-15 0.004621937330546871 -8.991708744764126e-15 -0.008068715304595193 -1.533197397166064e-16 0.0002042627017889928 -1.951130229604914e-15 -0.0003565902067060537 -3.773023560249555e-16 0.0002042627017832024 -4.562973263122494e-15 -0.0003565902067048385 2.947152884149457e-15 0.0002042627017839941 -3.877757490111655e-15 -0.0003565902067066886 3.690559820636666e-15 8.924577879065502 7.542472332656048 -5.842730536928535 -3.373096170846418 0.0002042627017892257 -1.179903342998084e-14 -0.0003565902067077416 -4.260404624033785e-15 0.0002042627017836102 -5.434617599692215e-15 -0.0003565902067063798 2.876523888875604e-15 0.0002042627017879027 -9.008635851182056e-16 -0.0003565902067083031 1.677247208307919e-15 0.0002042627017912318 -1.898221163587621e-15 -0.0003565902067072038 -8.865250113870848e-16
