# Created from matlab git hash 44e5d814ece930399b58c9298dbb19a28bd9b520
# name: foo
# type: matrix
# rows: 64
# columns: 64
4.48691293489686e-17 -2.865930969364349e-29 -6.51049508851501e-17 4.003950896440328e-18 -9.472942277680086e-17 5.431860249266565e-15 -1.360995255040903e-16 4.923325677004921e-15 3.546262957431467e-15 8.761505488091402e-15 -2.207478699806894e-15 3.897133547085032e-15 -3.335124502668588e-15 8.584337658119845e-15 2.23972390841003e-15 3.954255339531191e-15 3.513155264364497e-15 7.832562903232563e-15 -2.405258517800668e-15 2.955795093241472e-15 1.341701752813194e-15 1.76098914963462e-14 -1.118551404499863e-15 5.96545004130338e-15 -1.34183148805296e-15 1.736267544590821e-14 6.374687973122555e-16 6.076008420085025e-15 -3.649488257901419e-15 7.83226436890633e-15 2.269736898470828e-15 2.955928601850905e-15 3.290787672902115e-15 6.048029620592152e-15 -1.907727192821105e-15 1.801390709073576e-15 2.660387953573379e-15 1.571863391947916e-14 -1.113707922033048e-15 4.685937470117238e-15 2.2261183123955e-15 2.23909035994617e-14 -5.757225190409625e-16 6.508205415261681e-15 1.684101008540153e-15 2.580759924919094e-14 -9.537315994644742e-17 7.383235506560527e-15 6.214077494156066e-16 2.562034992311306e-14 5.984619250646467e-16 7.466823967142619e-15 -5.487949767478583e-16 2.217752656678192e-14 1.234245137780558e-15 6.603174573879114e-15 -1.522867624760493e-15 1.57363685915463e-14 1.613994482700518e-15 4.677246364716382e-15 -2.797308430573785e-15 5.876842555056096e-15 2.062207497908898e-15 1.876884005638081e-15
0.461880215351701 -9.16448769867831e-17 -0.2065591117977264 9.487914875153449e-17 9.301280892989201e-15 -1.212100125415426e-14 3.607956311900988e-15 -1.069642116991716e-14 -9.684720857232379e-15 -2.4187384195446e-14 1.224591832470239e-14 -5.204419872426704e-15 5.769909581434523e-15 -2.342585669767248e-15 2.167020076754038e-15 -1.292714265753189e-15 -8.900344113097666e-15 -1.755775411412635e-14 8.284030368666436e-15 -3.682748442392113e-15 -1.344837594290491e-14 -3.077740541953705e-14 1.434161401498454e-14 7.725908634097523e-17 -8.982287280580357e-16 -5.76433011663205e-15 5.840777559221826e-15 1.482665277667355e-15 -7.44467110566061e-16 5.620211941688063e-15 2.732296911032951e-15 2.169906397429274e-15 -6.011623573796623e-15 -1.174584455422504e-14 4.735913197435502e-15 -3.068425916626626e-15 -1.05592126999618e-14 -2.804126820082633e-14 8.268451931106654e-15 -3.244477760167043e-15 -2.474885864750499e-15 -2.39749667421489e-14 5.2383031930796e-15 -5.378725515967621e-15 -2.43593714547068e-14 -3.540589788051406e-14 1.977989814745727e-14 6.137328681565151e-15 -4.182149248570458e-16 -4.1560089477895e-15 4.06397667396832e-15 8.216407279591495e-16 -7.309992189375494e-15 8.333977740207168e-16 8.387607248304343e-15 6.668704875170137e-15 -1.793738428346809e-15 1.209632607966506e-14 2.589610053850904e-15 6.056287994492927e-15 -3.368335228231524e-15 8.185706674538182e-15 2.459243059456858e-15 3.300102656873232e-15
-2.322809209841851e-17 0.6196773353931881 5.928579026524531e-17 -0.4056740422696749 -1.322213379959089e-16 2.41447337574397e-14 -1.020641877064425e-16 2.721817822328266e-14 -1.234738667484507e-14 1.305897003177334e-14 -2.302255685590546e-15 1.943785356621818e-14 1.217116075005204e-14 -1.170901091507201e-14 2.404957321502918e-15 -2.580117170568591e-15 9.123513076456339e-15 2.464489732862248e-14 -1.274888072683309e-14 6.367351065346358e-15 -9.000381146353385e-15 -6.957802120715753e-15 8.579251084938932e-16 1.553856550078296e-15 -6.443672658832155e-15 -3.002536760091559e-14 8.668169378664587e-15 -2.599254302982802e-15 6.984875858106744e-15 -3.82720473227146e-15 2.51191697953428e-15 -8.21042887254181e-16 9.490305993224356e-15 1.869418622655743e-14 -8.978044616291328e-15 3.42294901130253e-15 1.378336665303132e-14 2.809327643077605e-14 -1.474183023138811e-14 -9.522102988493492e-16 -2.726390203508103e-15 -2.815694492130991e-15 -3.443149140417718e-15 -1.266794196161171e-15 -4.548727486298603e-15 -2.328900115804304e-14 -1.963750755814579e-16 -5.373319435353678e-15 -3.292281250956524e-15 -3.344278932833926e-14 3.512691294235779e-15 -7.287121059067733e-15 -1.213306580898103e-14 -3.636567399896053e-14 1.252215648504798e-14 -8.372435347293461e-17 -4.142133375018438e-16 -1.118601329525236e-14 6.001724769494658e-15 3.126206166639128e-16 4.58237237071855e-16 3.967773105014091e-15 2.998838379069921e-15 1.094770340718931e-15
4.387274901341753e-16 -9.832638361425267e-17 0.8113480845393781 8.599216418479766e-17 -0.2999999999998787 -1.96117966211736e-13 0.5237229365663865 -1.755805359811593e-13 -0.01325825214747219 -2.499475192835384e-13 0.02314550249448219 3.869447502562365e-14 -0.01325825214722722 -2.510172254379266e-14 0.02314550249432175 -6.49236165639906e-15 -0.000585937500029165 -5.097673266376837e-14 0.001022896360512172 -6.537940771603623e-15 -0.0005859375003520802 -2.819266040119732e-13 0.001022896360706951 1.346672744158058e-13 -0.000585937500047237 -4.352829018704681e-14 0.001022896360508031 1.597230044746842e-14 -0.0005859374999860745 -1.451017390860605e-14 0.001022896360483995 -3.269776805025638e-15 -2.589502373802326e-05 -2.539291240016604e-14 4.520605957321373e-05 -4.216417884267792e-15 -2.589502377612674e-05 -4.562283506198962e-14 4.520605959733641e-05 1.980930669943783e-14 -2.5895023725013e-05 2.683423100686095e-14 4.520605955594169e-05 7.15668301694502e-15 -2.589502422974834e-05 -3.945394735874074e-13 4.520605988036366e-05 1.966408358139082e-13 -2.5895023736344e-05 -1.495571037774095e-15 4.520605955774172e-05 3.192606028514031e-15 -2.589502378676157e-05 -7.181665512804779e-14 4.520605959691762e-05 1.725251076069829e-14 -2.589502373335847e-05 -3.230337778729548e-14 4.52060595694259e-05 4.121631095232482e-16 -2.589502371942159e-05 -3.391491441214172e-15 4.520605956132243e-05 -6.75425153420628e-16
-5.445311466602773e-17 2.655814389287593e-15 -1.435169960404224e-16 0.5000000000000002 -1.472897894623913e-16 -1.645233615871924 -3.807652614156581e-16 -3.263093283646538 0.1060660171777649 1.83571109497469e-13 -0.1851640199544456 2.44076159816851e-13 -0.1060660171777648 -2.317955027062898e-13 0.1851640199544454 -1.273822302992283e-13 0.00468750000024016 2.519472487371054e-13 -0.00818317088402085 -5.394658565509837e-14 0.004687499999923135 3.18652374097505e-14 -0.008183170883828956 3.507006293830606e-14 -0.004687500000183148 -3.049594666800236e-13 0.00818317088399932 2.836481758755508e-14 -0.00468749999997998 -2.227013388248697e-14 0.008183170883850443 -4.321948459245876e-15 0.0002071601898239553 3.86818582210267e-14 -0.0003616484764973624 3.826911879262572e-15 0.0002071601901734617 3.003378741056552e-13 -0.0003616484767115917 -1.430849544429372e-13 0.0002071601898816961 7.257203623748304e-14 -0.0003616484765190535 -2.874186388711453e-14 0.0002071601897341663 2.255013175443496e-14 -0.0003616484764663634 2.657814191938425e-14 -0.0002071601898067426 -1.270584674221619e-13 0.000361648476514209 -2.332062933026477e-14 -0.0002071601901766996 -2.942288799783072e-13 0.0003616484767111408 1.446034036145342e-13 -0.0002071601898396934 -3.454562466291676e-14 0.000361648476493183 1.354498477537824e-14 -0.0002071601897899443 -1.097221500398734e-14 0.0003616484764749142 -1.728999338111425e-15
