# Created from matlab git hash 00e16b208fbf08652b67ace82ddc532522841f31
# name: foo
# type: matrix
# rows: 12
# columns: 12
-7.892742412732884e-17 0.02139133602776752 -0.07356153941948325 0.1316214708025006 -0.1165760030222561 -0.03641648074507382 0.3128616292852958 -0.2480557102129471 -0.07822927780626626 0.0001796749467598632 0.000212141894284569 -7.82046136938697e-05
1.35527831577261e-16 -0.03610135482073878 0.1257696238171747 -0.2248258403411155 0.1996703875118523 0.06198221087552745 -0.5387518716935735 0.4258748484254694 0.1317071318622855 4.840551739217101e-05 -4.303999930334133e-05 -1.758443898669397e-05
-1.718502519981646e-16 0.04411077607473402 -0.1580375900723602 0.2819504491867587 -0.2518494640940193 -0.07714173625401774 0.687189054231186 -0.5398365416078814 -0.1600735371843235 -0.001005063112259837 -0.0007947331784048276 0.0004238293511320125
1.607077327387096e-16 -0.04221589437203641 0.1476786900951181 -0.2970314759732858 0.2341141854829238 0.05129082320321669 -0.6678141887440583 0.5279128972764878 0.1390345903684145 0.01844384802213365 -0.01817988732097426 -0.008367994546011639
-1.297932034608643e-16 0.0316377823330103 -0.1140182938709488 0.2018708063264843 -0.1905037689620978 -0.05651304985138433 0.5187274629329194 -0.4025135502299266 -0.1080266370187839 0.002991369579262377 -0.005931921535983928 -0.001454737829613605
-8.11061571708753e-17 0.01990092580461592 -0.06953499534562534 0.1042844586705384 -0.1180946378487793 -0.05752059814750784 0.3134122656403664 -0.2384322786107674 -0.07702242665744669 0.02025138762626816 -0.01497441773464326 -0.009059436554472132
2.115951989231169e-16 -0.05323783462271165 0.1896522731914817 -0.338366763573683 0.3086174186593666 0.09924426268436501 -0.9712060341500188 0.6667484931617527 0.1082568492289574 -0.005560571357726354 0.004307200052696408 0.002486763109920539
-1.715363903464875e-16 0.03968236280602975 -0.1415693974819362 0.2629418484311012 -0.2308370163319742 -0.06511612956355281 0.6849270287176833 -0.5479088993380445 -0.1097455442602814 -0.002858492651025848 0.002214178886594919 0.001278356776177208
-1.163490209385312e-16 0.02633644235940492 -0.09358594317790613 0.1629641280202447 -0.1517652604919406 -0.05221553306464714 0.3748019165584786 -0.3634097491707803 -0.1577945469512309 0.005217344519345719 -0.004041337686931138 -0.002333267401457405
-3.157961430921236e-18 -0.0004694891006510499 -0.001811537831215035 0.01271639666864191 0.002360296323414119 0.01541550879924659 -0.003848051782224443 -0.001987125395719746 0.003441802146397023 -0.06157723059406445 -0.008808461663193769 -0.01929996709530912
-1.17840748998384e-17 -0.0003803214841747016 -0.001474223868349398 -0.01497971697013142 -0.006808162476738267 -0.01010013091907891 0.00283521041083699 0.001464096360555219 -0.002535889283658463 -0.008088537736734246 -0.03781585158316556 -0.01512511006666213
-6.877184735533043e-18 0.0001666590075533749 0.0006395371259976396 -0.00733017821144685 -0.001816138041192117 -0.007978402681913624 0.002026424632196607 0.001046441180378851 -0.001812489291548538 -0.02289975338471768 -0.02360647473393324 -0.04448870303920638
