# Created from matlab git hash e3d28e3d9936e8692f581d15f2e77c245ebc3f89
# name: foo
# type: matrix
# rows: 64
# columns: 64
-9.724392019665745e-06 2.303458302382322e-07 5.158860030002733e-08 -3.42110397262426e-09 -1.37259349631758e-10 2.971247872957029e-11 2.409298545568655e-10 -2.140212859381542e-11 -9.942465836859648e-12 4.590782231062906e-13 1.741262443767006e-11 -3.291561002467853e-13 -1.786573442450334e-12 6.518091745771368e-13 3.096408149027097e-12 -4.669056799431514e-13 -4.95238388789521e-13 5.72928882121808e-15 8.653387991642666e-13 -4.101726977409322e-15 -3.66719095136311e-13 1.359562451006246e-14 6.405947910806194e-13 -9.732799946113102e-15 -1.739433211568206e-13 1.560342502901717e-14 3.035855632341387e-13 -1.116881704148244e-14 9.257737229541232e-15 1.246334337106226e-14 -1.653264868010777e-14 -8.919632170183416e-15 -2.257540582953239e-14 6.954889198325067e-17 3.941999929808095e-14 -4.977207949713632e-17 -2.096126249848341e-14 1.804834036501291e-16 3.660085062196364e-14 -1.291606659950192e-16 -1.806220368630865e-14 2.687965494751162e-16 3.15376625644853e-14 -1.923592764973203e-16 -1.42308081060362e-14 3.254223894887132e-16 2.484637340906084e-14 -2.328787915951243e-16 -9.898291300103009e-15 3.472060733879488e-16 1.728024475648498e-14 -2.484634566707745e-16 -5.498865507569664e-15 3.366840376999205e-16 9.597694455478394e-15 -2.40929733879658e-16 -1.405455337202174e-15 3.00611305738865e-16 2.450002694287859e-15 -2.151115343726365e-16 2.111188856220808e-15 2.478827078738336e-16 -3.69008508596669e-15 -1.773749460230365e-16
2.303458302382309e-07 -9.678249772811757e-06 2.030227838437233e-07 4.506831288137403e-08 -1.4449173043889e-09 -1.861954953398037e-10 2.570118927752653e-09 1.335320473148264e-10 -3.071610619642907e-11 -7.138944607217621e-12 5.394339610452047e-11 5.115155581048994e-12 -8.278213944787268e-11 -6.449602408992711e-13 1.450212589280746e-10 4.584859963969395e-13 -3.06887063828503e-13 -1.752790872177314e-13 5.37038334318113e-13 1.254669903636861e-13 -2.3111317052643e-12 -1.301630550054436e-13 4.039940916822238e-12 9.316184095059022e-14 -3.488446675042763e-12 -5.21827319562996e-14 6.096178464267799e-12 3.733295748318704e-14 -3.675577928823177e-12 1.933829258725934e-14 6.421148835546025e-12 -1.386065450181343e-14 1.13405961114843e-14 -3.930423437494402e-15 -1.979762419139119e-14 2.812655275312025e-15 -3.807394429136317e-14 -3.746899962942962e-15 6.649512541772437e-14 2.681309476071326e-15 -8.297827023160945e-14 -3.234898146557827e-15 1.449091364727769e-13 2.314884505396774e-15 -1.196913351344269e-13 -2.481584494849516e-15 2.090151532941437e-13 1.775771777861714e-15 -1.458486202957627e-13 -1.601871229744478e-15 2.546841763327942e-13 1.1462129251584e-15 -1.605935742390365e-13 -7.129453793816095e-16 2.804216389323758e-13 5.100767292707576e-16 -1.644615238791103e-13 8.735185960575551e-17 2.871642141042738e-13 -6.261680474665575e-17 -1.59039930126368e-13 7.334363237012094e-16 2.776859410472448e-13 -5.249400928522617e-16
5.158860030002797e-08 2.030227838437221e-07 -9.691671376688606e-06 2.00307764550052e-07 2.171626037351575e-08 -2.229225329080329e-09 -3.824721453061349e-08 1.607400340593501e-09 1.213579773047777e-09 -1.6895836052414e-11 -2.125391829819375e-09 1.212472742763366e-11 6.043944313741831e-10 -6.411058013590474e-11 -1.055185914270675e-09 4.593605613250813e-11 5.496153786111754e-11 1.318575072346573e-13 -9.603033487585805e-11 -9.433337873150342e-14 5.02490403302632e-11 -8.279330432756091e-13 -8.778349102579445e-11 5.927529276167083e-13 3.569796710592959e-11 -1.364513059765605e-12 -6.233985702950075e-11 9.767674312989838e-13 1.769899925814528e-11 -1.378491557540917e-12 -3.088221217265184e-11 9.866264966201293e-13 2.397967341011259e-12 8.730261716235317e-15 -4.187129752802862e-12 -6.24732157214372e-15 2.435227329968744e-12 -2.879510221197591e-15 -4.252166817863697e-12 2.061019334332901e-15 2.327983993156736e-12 -1.367039880537763e-14 -4.064832826886325e-12 9.78324843435818e-15 2.094754482900118e-12 -2.243676321359939e-14 -3.657480661229889e-12 1.605652171957723e-14 1.76685964174599e-12 -2.840449947619306e-14 -3.084826969665353e-12 2.032687358090622e-14 1.382230452045102e-12 -3.131572393876753e-14 -2.413129291716137e-12 2.240981187798279e-14 9.789776994178109e-13 -3.138446554673194e-14 -1.708951418113131e-12 2.245858723792903e-14 5.901618953397721e-13 -2.916126932770606e-14 -1.030028057269008e-12 2.086726387235375e-14
-3.421103972624049e-09 4.506831288137276e-08 2.00307764550052e-07 -9.693781269965104e-06 9.711061411496551e-08 3.374760166917877e-08 -1.736480098046155e-07 -2.423564563115807e-08 -1.012083035749786e-09 9.60789592350621e-10 1.757747436865081e-09 -6.884115809665656e-10 8.370912309949196e-09 4.038004040220076e-10 -1.467275935203506e-08 -2.888810193401199e-10 -1.80970260929734e-10 2.119050378533747e-11 3.161074026807919e-10 -1.516808220731801e-11 8.878299850324181e-11 1.992899195360064e-11 -1.553466392794572e-10 -1.426422902653284e-11 3.03914818161015e-10 1.315347087388783e-11 -5.311987693688373e-10 -9.412982641859274e-12 4.180267789505425e-10 4.769281815579009e-12 -7.303803938394395e-10 -3.411192124845653e-12 -1.095782992431487e-11 4.515240996101847e-13 1.913310028539331e-11 -3.231130062723934e-13 -4.983237286648474e-12 4.771378638830586e-13 8.699855578547136e-12 -3.414419305128099e-13 1.059776031736407e-12 4.624875281716865e-13 -1.852710050869772e-12 -3.309555644758589e-13 6.680140839851494e-12 4.121482373526276e-13 -1.166687414966129e-11 -2.949287086362809e-13 1.147777618139854e-11 3.35464616330453e-13 -2.004391272494481e-11 -2.40049602008259e-13 1.519007096268958e-11 2.442035357761727e-13 -2.652528594167182e-11 -1.747397909487446e-13 1.770674307987486e-11 1.500736348197394e-13 -3.091855981713345e-11 -1.073787465118254e-13 1.905584752315345e-11 6.277355144850086e-14 -3.327292077710973e-11 -4.490703469738603e-14
-1.372593496320756e-10 -1.444917304389853e-09 2.171626037351786e-08 9.711061411496466e-08 -9.716849862257511e-06 1.798113100374939e-07 -3.967393528829795e-08 -8.79244538241033e-08 -1.920644549017748e-08 -7.038130924982459e-09 3.374960926693984e-08 5.042424044422751e-09 4.968186753139279e-08 4.704922052536791e-09 -8.718536701078226e-08 -3.367696792990885e-09 1.727984348595876e-10 -1.663852519071452e-10 -3.012390649917435e-10 1.190966706294753e-10 -1.80397310383572e-09 -1.354632845173276e-10 3.153359580395797e-09 9.69546244898595e-11 1.463724210218566e-09 1.351508783425233e-10 -2.559705620370563e-09 -9.672469949355443e-11 2.790361121804079e-09 7.112154820864044e-11 -4.876352267577632e-09 -5.088593087688536e-11 3.115763985449806e-11 -3.676720897813979e-12 -5.440068532642014e-11 2.631077525896453e-12 -1.57562433780664e-11 -3.616850301814075e-12 2.752283215857735e-11 2.588223413480759e-12 -6.000066167665027e-11 -3.265629077482585e-12 1.047828760195429e-10 2.336863787156568e-12 -9.820994550758313e-11 -2.684729639228498e-12 1.715010501102834e-10 1.92113969080117e-12 4.49518528721875e-11 3.287059673665285e-12 -7.851700731469046e-11 -2.352166457732251e-12 8.308360242658106e-11 2.658757953695296e-12 -1.450961230037918e-10 -1.902519686705985e-12 1.124987482114082e-10 1.937734691770208e-12 -1.964509958814665e-10 -1.386532274284893e-12 1.325890581340462e-10 1.211944023175093e-12 -2.315209252935018e-10 -8.671482750183743e-13
