# Created from matlab git hash 00e16b208fbf08652b67ace82ddc532522841f31
# name: foo
# type: matrix
# rows: 64
# columns: 64
-4.123591877426064e-06 2.274320825003861e-06 -8.969652276489025e-07 2.267277419436894e-07 3.9720034282391e-08 -5.517128392572928e-08 1.407162452289606e-09 2.910040723717913e-08 3.581607638996047e-08 -2.187983477055395e-08 -5.209074436893057e-08 1.560891605878395e-08 -5.555727381424527e-10 1.197681931936927e-10 9.404170394315094e-10 -8.473837745180907e-11 5.373107894189062e-09 -2.134168998827033e-10 -1.040208330666291e-08 2.450601086848746e-10 -1.711501754207982e-10 1.958545913827568e-12 3.074919902986456e-10 -2.015002346923717e-12 -4.686990595613265e-11 5.59241906535252e-12 8.110015402916174e-11 -3.990442814305486e-12 -1.141779644756501e-11 1.125152363090686e-12 1.980420484650701e-11 -8.030809271037996e-13 3.435794861769382e-11 1.364579716508038e-10 -9.206390238270243e-11 -9.834636160949333e-11 1.167559901035438e-10 -2.545819631590274e-11 -2.000738667423516e-10 1.82085829141111e-11 -5.853248691840835e-12 -1.197146557869417e-12 1.064212873861166e-11 8.443939617404738e-13 -6.375265593983271e-12 3.364489817943404e-13 1.112629532759618e-11 -2.412652000823783e-13 -2.980462057326725e-12 1.836861144742032e-13 5.191565595144149e-12 -1.31363748800599e-13 -1.382666739097287e-12 7.96357362599139e-14 2.408656552423131e-12 -5.693997020164592e-14 -6.847693936809502e-13 3.563314657992535e-14 1.193303292994247e-12 -2.547971351044978e-14 -3.636675524175127e-13 1.703938080962461e-14 6.339427980490719e-13 -1.218539974465531e-14
2.274320825003861e-06 -4.925861966416667e-06 2.233351644852885e-06 -7.69275316330794e-07 2.409213732145155e-08 4.95435020540958e-08 -1.45241028419701e-07 -1.681827299573317e-08 -5.495834198000209e-08 4.241962911742424e-08 6.941251943999029e-08 -2.923108563280396e-08 1.193080859268623e-09 -2.711080600464233e-10 -2.011331074520829e-09 1.914185161688058e-10 -1.202589760731383e-08 2.126271107775155e-09 2.226284722295143e-08 -1.700948541103414e-09 5.663607455159759e-10 -5.907434398683317e-11 -9.918950952705873e-10 4.3049275822858e-11 1.044327815502478e-10 -1.343934008156262e-11 -1.803714214754769e-10 9.579804899866828e-12 2.346709961398523e-11 -2.403608572597019e-12 -4.068075768757077e-11 1.715131874653442e-12 -4.664710435856616e-10 -2.004843760689478e-10 8.903145566652756e-10 1.436236641419872e-10 -1.543405288437227e-10 4.72845826851218e-11 2.602529047549062e-10 -3.371894618440424e-11 3.198147417173371e-11 -2.202432624511654e-13 -5.634954050925347e-11 1.77730324384528e-13 1.669547626798418e-11 -1.152931055277484e-12 -2.907767404322288e-11 8.249934958053038e-13 6.840910463514932e-12 -4.650320945758416e-13 -1.190799725711748e-11 3.324344623795355e-13 2.984406442516737e-12 -1.824611706913998e-13 -5.197302500805747e-12 1.304395191714232e-13 1.424345785758466e-12 -7.74132861841322e-14 -2.481671990057454e-12 5.535018136279915e-14 7.376244809690209e-13 -3.577760431250926e-14 -1.285678096642538e-12 2.55843938269709e-14
-8.969652276489022e-07 2.233351644852885e-06 -4.678437719609899e-06 2.070319699743675e-06 -3.350810612975696e-07 1.018348048455065e-07 6.25800750240047e-07 -9.367477060992249e-08 3.058207800454555e-08 -5.627437602004703e-08 -7.048606577028498e-10 3.597771015658081e-08 -2.067264787286505e-09 5.030590222406396e-10 3.465295353453401e-09 -3.542732481637286e-10 2.019740560864911e-08 -7.440238541624274e-09 -3.506265805373037e-08 5.566704419339371e-09 -1.477185324777683e-09 2.410351709028778e-10 2.544280795429507e-09 -1.723921413072812e-10 -1.900492421150279e-10 2.674240880746115e-11 3.274647500611574e-10 -1.904087893803514e-11 -3.815221671130746e-11 4.132292943296658e-12 6.608069617038757e-11 -2.947573141842691e-12 1.684886187124769e-09 9.747083113980484e-11 -3.079314712750344e-09 -6.684759329166766e-11 2.531927421278456e-12 -5.784949574104302e-11 1.316093537596859e-11 4.096988935780761e-11 -1.043772859049368e-10 7.564752451426039e-12 1.820721864167458e-10 -5.430595009414506e-12 -3.630217490451467e-11 3.064333349494356e-12 6.310199373273719e-11 -2.189897728801528e-12 -1.291770707580043e-11 9.773425802153845e-13 2.246757677292917e-11 -6.983811916946393e-13 -5.206685455677978e-12 3.435779627088042e-13 9.063416276056459e-12 -2.45571574345474e-13 -2.357487304418261e-12 1.36194350224196e-13 4.106415432147952e-12 -9.736720725539817e-14 -1.175023046672009e-12 6.001826353274043e-14 2.047703323750408e-12 -4.291559713814644e-14
2.267277419436894e-07 -7.69275316330793e-07 2.070319699743675e-06 -4.59825843876099e-06 1.119845265328986e-06 -5.560894810301594e-07 -1.704060238360679e-06 3.998000630011962e-07 1.08156324452841e-07 3.251256177809627e-08 -2.680184449188846e-07 -1.321720362891657e-08 3.10459823148844e-09 -8.138079253044731e-10 -5.16913930752308e-09 5.715640303509113e-10 -2.261266636830109e-08 1.660616442175292e-08 3.456955695131297e-08 -1.205715246381654e-08 3.147431668010844e-09 -6.273825802839137e-10 -5.363893496102605e-09 4.45859923737842e-10 3.014743124535019e-10 -4.630895513406866e-11 -5.181118287033292e-10 3.293753562812032e-11 5.29345224046978e-11 -6.142415134776163e-12 -9.15791558256596e-11 4.37946949978696e-12 -3.748478192772899e-09 3.633690872080512e-10 6.727336076457693e-09 -2.696301394007724e-10 5.7069134805727e-10 2.334418364613072e-11 -1.02192295803943e-09 -1.572452674611699e-11 2.501705848170505e-10 -2.550169262070442e-11 -4.343694922583536e-10 1.823562462038433e-11 6.797179901777687e-11 -6.579470115993181e-12 -1.179611694941999e-10 4.698300378114039e-12 2.129245344332173e-11 -1.775968039134378e-12 -3.700272311863127e-11 1.268611635345359e-12 7.879441078441418e-12 -5.640520314415541e-13 -1.370896189571088e-11 4.030734276284122e-13 3.347291675522159e-12 -2.079139625822131e-13 -5.828529473753109e-12 1.486209773970591e-13 1.58634697630879e-12 -8.660654461988542e-14 -2.763845250483694e-12 6.19216368582752e-14
3.972003428239146e-08 2.409213732145128e-08 -3.350810612975693e-07 1.119845265328987e-06 -4.230260739748005e-06 1.739353183073673e-06 6.589363210063066e-07 -8.539278312694765e-07 -6.165132934383842e-07 1.532396246606022e-07 1.132133318100776e-06 -1.282914966975354e-07 1.33665246595491e-07 -3.183964369640258e-08 -2.244627905304528e-07 2.243982957115013e-08 -1.25548121516886e-08 -2.852039402953585e-08 3.974259453830436e-08 1.995070421596292e-08 -6.004967485590431e-09 1.423828579879099e-09 1.011692940638923e-08 -1.006906116547706e-09 1.210181669428137e-08 -1.658764533989972e-09 -2.086692974398321e-08 1.181426081930001e-09 2.51893564280626e-09 -2.677905725719638e-10 -4.364136151033907e-09 1.910381172036987e-10 6.217323578575156e-09 -1.835027351324946e-09 -1.090891323122733e-08 1.335813562775074e-09 -2.365210325970458e-09 1.896506439050916e-10 4.14571265020213e-09 -1.375005399540955e-10 -5.334588401296754e-10 6.791394899459768e-11 9.224292049546872e-10 -4.846398564286624e-11 -1.112333697523166e-10 1.25957855908821e-11 1.926172621090259e-10 -8.987120531190882e-12 8.135614657722075e-10 -5.973011478493403e-11 -1.415347588561983e-09 4.2685971096265e-11 3.358984580065457e-10 -2.164975170639166e-11 -5.847872958544929e-10 1.547500229758972e-11 1.54713069090939e-10 -8.761317105359631e-12 -2.695123802938134e-10 6.263810490405621e-12 7.812256926238863e-11 -3.920673943826978e-12 -1.361518094031683e-10 2.803515763618777e-12
