# Created from matlab git hash 00e16b208fbf08652b67ace82ddc532522841f31
# name: foo
# type: matrix
# rows: 24
# columns: 24
0.2129426065484296 -0.163643672158763 0.22734530479652 -0.1100123544415818 0.1499125624136403 0.04876091731481559 -0.3006714039298219 0.2615547381471606 0.06844205471629367 0.06331557473323451 0.04936037221561149 -0.02818363883290321 2.519888349177968 1.156940961545836 3.404196805312497 -0.003047147961031759 0.002854500207280445 0.002961464330555004 -9.511917482480064e-05 0.0001084788556979835 0.0002280377668968328 0.08988663394903826 0.06965484799997916 -0.04015148612050973
-0.2332738553775957 0.4081028949140259 -0.2418577077566325 0.3490774951461872 -0.1409826277180668 -0.1555858103645053 0.5239132088806348 -0.4546192140369464 -0.1194953960126161 0.1105115628737831 0.08509205961870819 -0.04962332528238002 -4.350968902300506 -2.003919180562902 -5.885459743694705 0.00497920149463151 -0.004586379873068523 -0.004653800605123936 0.000150129030697395 -0.000158095985441374 -0.0003179493422822834 0.1557113825766023 0.1205723303736028 -0.06969218446932818
0.2181958356469366 -0.3817245273438996 0.5230770245235423 -0.2570085792013425 0.3427117923409445 0.1148674786867225 -0.6844623682750762 0.5909810147687968 0.1567256760728788 0.141627372148922 0.1102623492666535 -0.06315021515672194 5.580593955715536 2.586734296527401 7.568670028258691 -0.005644448795692409 0.004982367187803911 0.004760505106859303 -0.0001554599669215582 0.0001259744258930277 0.0002085212504576521 0.2009771596500806 0.1557058831980218 -0.08987444739625067
-0.1634701990211788 0.2859843052052807 -0.3969238865249831 0.4982770090671624 -0.3550817334390879 -0.1657818801549689 0.5554701676376069 -0.7063402241334974 -0.09730329282231089 0.2808160174982867 0.0002737914711777675 -0.122392387496168 -5.52384055932469 -2.585641867089507 -7.522151365226343 -0.1951381933615702 -0.1581524083907343 0.08639859136297405 0.2034748397446647 -0.1570314339184846 -0.08725359579947581 0.2007513269180555 0.1561332030014281 -0.0890088070764071
0.1144768207702314 -0.2002724303641514 0.2794535391490933 -0.1853714192815221 0.3374408167336224 0.3343787522093227 -0.5415086573918139 0.4649472628191008 0.1246722726763611 0.1069099895800847 0.08532837217785737 -0.0445629573049043 4.264094834736341 2.002547514030833 5.814622325887014 -0.001427847869100989 0.003707212701120556 0.0009595499630961595 0.002938565879783826 -0.001679133583239474 0.002515820955098603 0.1554429994090268 0.1210505924963744 -0.06872241812184966
0.08881579292458548 -0.1553795308434378 0.2137373699030389 -0.2013065500765269 -0.1160941245418785 0.1654759038235976 -0.4329899913541749 0.1660266889767428 0.1268342512412247 0.06304658707450241 -0.1476774560292111 -0.02758316478530133 2.49632250258072 1.157007911905064 3.38552169135553 -0.1819773754415511 -0.1367645478591141 0.08238902590424005 0.1803245197609975 -0.139536761621608 -0.07983816351373432 -0.08992675803490857 -0.06952770618900962 0.04040743214730954
-0.1623954614563232 0.284104096594771 -0.402615821556501 0.6454105294241839 -0.4116003596950884 -0.03650308244020109 1.164594667744521 -1.105977491164094 -0.2026953817373978 -0.1033975654880799 0.08009140983937325 0.04624079702785573 -7.914260457300069 -3.862574607751518 -10.37018790028686 0.4507054566324291 -0.118377299341347 -0.1586342395969112 -0.1462262394337742 0.1132663580211021 0.06539436229362008 4.213518423057394e-12 3.293365580248064e-12 -1.950439809661475e-12
0.1104258206350601 -0.1931853743381729 0.2764159495737995 -0.2356303157379309 0.2901239018508129 0.2160642355237933 -0.6883915268496329 0.8564667432055805 0.6203217713887011 -0.08088236087938379 0.0626512073340422 0.03617169142139114 5.885807704211784 2.835203708373286 8.084770399314928 0.1382453583311312 0.07426148280204872 -0.01780763713698309 -0.1143849317092069 0.08860218711336101 0.05115449658068254 -3.161915174132446e-12 -2.476241434123949e-12 1.470823463023407e-12
0.0920838644031486 -0.1610968857910329 0.2250060890180453 -0.3321505064778844 0.2206454760488163 0.03917329635582996 -0.4824172181267492 -0.05755631062416309 0.2659362169069984 0.04402441210993669 -0.03410116298799579 -0.01968831562945134 3.245239004473823 1.441333087246727 4.874033715188943 0.1938545487896777 -0.2463829848962318 -0.07706535741757511 0.06225992068347406 -0.04822632718865755 -0.02784348298440006 -2.1245227799227e-12 -1.655564574321033e-12 9.805489753489383e-13
-0.0001751420076540166 0.0003064036483165902 -0.0004042118467304932 -0.1417462746190553 -0.005230154360446676 -0.1230428818855211 0.09657745485353679 0.07480857485336795 -0.04319075082928487 0.142655224194823 -0.08274853051615179 -0.05298919313800941 -1.94473470733667e-19 6.728617974751348e-20 1.914823856386753e-19 0.1365811464733474 0.1057953011394362 -0.06108094559185182 -0.4308558117030566 -0.1010645726071257 0.1787650614908387 0.5781502378798831 -0.005080210256750067 -0.2516370802548609
3.446402590282466e-05 -6.029337800615273e-05 8.075900473251281e-05 0.1059444200832384 0.001033899080023958 0.09401948817235097 -0.07419187924937101 -0.05746878255132804 0.03317961707600979 0.2281653700049611 0.1123647375667482 0.4527589375283538 7.349996050901183e-20 -1.815826880676406e-20 -6.915560793188333e-20 -0.1049231618524078 -0.08127313169715866 0.04692306446323911 0.1213500498405234 -0.08817472405774045 -0.04126017238113548 0.2237743647723092 0.170145659421604 -0.09320957427787235
0.0001524627133257808 -0.0002667271674059573 0.0003514136348629561 0.06741493709879441 0.004551129157663076 0.05704469130905097 -0.04449149230755448 -0.03446296175101414 0.01989720024402008 -0.04559497443004875 -0.5197931388003005 0.07405937982414154 2.256813408840676e-19 -5.688355636404661e-20 -2.072054347220832e-19 -0.06292047183156201 -0.04873798790782961 0.02813889043834653 -0.1893907368306283 -0.2466758206113265 0.08618915890548405 0.1273594686375702 -0.295353221104214 -0.05635023728187034
-0.1468095497515796 0.2568371931679819 -0.3775661092790602 0.5056404924428058 -0.4247361048123748 -0.1512359683353851 1.874743110089855 -1.273246601683463 0.1941198893950116 2.620126338115369e-12 3.534061931986798e-12 -1.171951424794315e-12 -10.13070819218285 -5.683518625235013 -14.30730985248706 -0.3275010867544115 0.2536812509748936 0.1464629385375975 -1.316280417995586e-12 1.005417971100542e-12 5.88862292261183e-13 5.044853423896711e-12 3.922195901395753e-12 -2.323474745935528e-12
0.09556394117852177 -0.1671851351761105 0.2506091119881123 -0.3484883654353316 0.2952102417010889 0.09844526603696242 -0.6229876112942216 0.934776342628157 0.5058221367355351 -1.896260926059767e-12 -2.55528931347726e-12 8.468781231840694e-13 7.79029453740575 4.230907331831444 11.83618714596793 -0.2866009381678509 0.2220001321048786 0.1281718360316895 9.343636975245317e-13 -7.300826609935029e-13 -4.303224443447107e-13 -3.659295089164516e-12 -2.8386182293616e-12 1.662670001678634e-12
0.08792049898135623 -0.1538132513757433 0.2206533487325389 -0.2809697099393233 0.2332118189711507 0.09057136829652007 -0.8017318409238028 0.6428622276167155 0.06033083827646024 -1.376676550535194e-12 -1.817657135916306e-12 6.197264923457624e-13 4.718173421283867 1.421964216252112 6.977749747863789 0.05652991463287416 -0.04378788358812136 -0.0252809463762802 6.652456363553938e-13 -5.098144129078719e-13 -3.006483950684924e-13 -2.614797267597169e-12 -2.049915792667889e-12 1.211475364470971e-12
-0.000240749547643684 0.0004211813071964364 -0.0005680929375899794 0.2423851698175714 -0.0004987258224869609 0.2159889395775981 -0.4104798670156177 -0.1430117237303497 -0.1301408821167567 -0.1709503174161963 0.1324175464763577 0.07645130610355597 0.1619634033821359 0.125456312798815 -0.07243223596593472 -0.1477675786241512 -0.330014358178068 -0.1295634638211022 -0.2417602573819713 0.1872666901230352 0.1081184739527861 7.28583859910259e-17 5.854691731421724e-17 -3.599551212651875e-17
