# Created from matlab git hash 44e5d814ece930399b58c9298dbb19a28bd9b520
# name: foo
# type: matrix
# rows: 64
# columns: 64
1 -1.480222321603549e-32 -7.006492321624085e-46 -6.52635898894654e-33 -6.360619794595498e-33 -1.62933843316541e-33 7.250303686825529e-33 -1.123706865357041e-32 1.14536368002408e-32 3.790508350307112e-33 1.751623080406021e-46 -7.74907446763603e-33 -8.723148438301561e-34 -2.372467471646826e-33 3.065340390710537e-46 -1.586098645603575e-33 -1.637304258403076e-34 -4.146420260648628e-46 8.758115402030107e-47 -1.269448018863092e-33 -1.637304258433794e-34 6.151207614394582e-46 -3.065340390710537e-46 -1.269448018879671e-33 -1.637304258425351e-34 -1.525827917697433e-46 -1.751623080406021e-46 -1.269448018863927e-33 -1.637304258389446e-34 5.282238351849408e-46 -2.08005240798215e-46 -1.269448018877718e-33 -7.027541586322128e-47 -3.423851315878093e-34 -2.791628017941671e-33 9.023488958566114e-33 -1.353532473947117e-46 -3.423851315708815e-34 2.898598930901673e-34 9.023488958565028e-33 -3.360056518241707e-47 -3.423851315772969e-34 2.898598930934516e-34 9.023488958566307e-33 -1.580700378639937e-46 -3.423851315563663e-34 2.89859893077468e-34 -3.302462685515293e-33 1.084532036970493e-46 -3.423851315876041e-34 -2.791628017940226e-33 2.134944060264445e-32 -2.465667612631895e-47 -3.423851315700824e-34 2.89859893090649e-34 9.023488958564621e-33 7.977117872692448e-48 -3.423851315768644e-34 2.898598930918751e-34 9.023488958566029e-33 -9.504680979537921e-47 -3.423851315582398e-34 2.898598930750596e-34 9.023488958565029e-33
6.876533664126565e-33 1 1.56394071521215e-32 9.852152280484032e-31 -2.068396428785582e-32 5.45394806052385e-31 -1.079629768739582e-32 1.119845042562435e-30 -4.221268672668103e-33 -4.808097544326303e-31 -1.942763064851123e-34 -5.745105771561854e-32 2.189745851034368e-34 1.460113468379214e-31 -9.371183480172214e-45 -2.298283221034464e-31 4.401203646949134e-33 5.493114576346106e-32 -1.028542132516878e-32 -1.205727923884213e-31 3.878721232224939e-33 8.034441382347488e-33 7.729036842291569e-45 1.032972336912891e-31 -4.385602624289412e-34 2.68791846705992e-32 -3.240502698751139e-45 1.004311435993525e-31 -1.804548861081125e-34 -8.76524658181377e-32 3.61272260333742e-45 1.223042014690176e-31 1.146888475253711e-33 -2.825574199807997e-33 -3.742738449114989e-34 -2.098043804537367e-32 3.529190201882328e-33 -5.360978001082062e-33 1.265621194777143e-33 8.663397843816809e-34 1.637435450227179e-33 1.110914177422811e-32 -2.138013473365122e-33 -5.43820790161839e-32 -4.891242688258001e-34 7.778483428381522e-32 -2.957143155837831e-33 -3.36734545431264e-32 7.371208299722955e-34 2.689273419164369e-32 -5.622498348007241e-34 -3.237295968454148e-32 -1.616028885340074e-33 -1.572891799669547e-32 1.97498262589544e-33 -4.863939431992409e-32 2.105308304115514e-34 1.265276162477978e-32 -2.886186926155031e-33 1.702461742228583e-33 -5.896675930315677e-33 -2.344846192864766e-32 6.812508344017797e-33 3.664119161573425e-33
-1.401298464324817e-45 2.142176787065849e-33 1 2.46026521626528e-32 -5.9395791448541e-31 -4.29223006328593e-33 -4.195313741993149e-30 -7.465016979025747e-33 8.014834522919979e-32 2.969726709203711e-31 -2.741821287693782e-31 -6.423970076650836e-31 -1.920646173759516e-31 5.037120514387685e-32 -1.401326811777626e-30 6.186601843202457e-31 2.58082906770499e-32 4.987422541713879e-33 4.422990076297875e-34 -5.688987345911086e-33 -3.905755296360612e-34 -8.213212053670019e-34 -5.880067656571497e-33 4.803762905357786e-32 -2.160471899942173e-32 1.800929610345445e-32 -1.949409969573289e-32 -2.138379647859675e-32 1.491819723437909e-32 -2.437320564553852e-32 -1.023536315488595e-31 3.643166873445191e-31 1.319813833241872e-32 -1.384780574571893e-31 2.067854781360755e-32 -3.170112971278365e-33 9.03732693210416e-33 -1.185362055887246e-31 1.729247682594221e-32 -6.281976046551312e-32 -6.459172993079526e-33 9.253802069657572e-33 -4.750930427900089e-32 9.827507562144155e-33 -5.731138997513001e-34 -6.212976269323867e-33 -4.416512913682032e-32 1.391022616034834e-32 -1.566348020106623e-33 2.112016029634382e-32 -1.308521199633545e-32 -1.700171724671448e-32 2.554068776088009e-33 3.178501218665227e-32 -3.660827224364858e-33 4.394767425479542e-32 4.461774333510894e-33 1.223038592079778e-32 2.040044168481719e-33 -8.283975090904323e-32 -8.716316057496769e-33 -1.060149714806568e-32 -7.93768879184177e-33 -3.100729337226781e-32
-2.643756514851568e-33 -3.774504452267758e-31 -9.890933130463208e-32 1 -3.840261730742987e-32 -1.208217906752161e-29 1.176086064325533e-33 -5.552662019430669e-32 1.538087348450788e-31 -1.037643686742884e-31 3.728301239890343e-30 1.542213057661929e-31 -2.519732516972276e-31 -3.233417344571501e-30 -2.01054648845601e-30 -1.956362030181161e-31 1.569243672712786e-33 2.226996271871961e-32 2.228413128832206e-31 -6.054632362793561e-32 1.057026603776072e-31 -8.902185999601549e-33 1.255482805780538e-31 -4.645983031966325e-31 -2.496251922867945e-32 3.265520211202537e-32 -3.044303469967713e-31 6.501698637512538e-32 7.4512092793931e-32 3.679877981881644e-31 1.632728743716928e-30 -6.816262804776364e-31 -9.165328200477322e-33 1.842928494605102e-31 1.07282883989102e-31 4.808108412375381e-32 2.00102637857296e-32 2.566691747849094e-32 3.239652519412049e-31 1.285750831454645e-31 -1.184627632083504e-32 -3.544666706715624e-33 2.266391953719288e-32 -3.575619746668425e-32 -6.402980430348321e-34 9.891607509518583e-33 9.251842789047738e-33 -3.012308473860987e-32 4.595883187305516e-33 -4.631503103257313e-32 -9.189275866957942e-33 3.399504596094221e-32 1.99706400102184e-32 3.870535670208712e-33 -2.739939195233373e-32 -9.673474936974073e-33 5.827822945813229e-33 2.684728877753936e-32 7.73396473629054e-32 -1.186542564472881e-31 2.829987677139093e-32 7.119075853726665e-32 -3.153689671312981e-31 1.969960669708364e-31
-7.556952831717758e-32 2.182018371650252e-32 7.45837480776117e-31 -1.027005602539155e-31 1 5.052262030681781e-33 4.985089506329195e-31 -1.567643306699078e-32 -1.349811353663683e-32 2.133027216768773e-30 -1.297822154650603e-32 -4.246076781416379e-33 1.172161892636293e-33 -1.475480170030469e-29 -1.167368174165655e-32 4.246076781452813e-33 -1.974811328598391e-31 1.033741143239861e-30 -1.370802487739712e-31 9.451198510488453e-32 -1.134883667679797e-31 1.708541433613808e-30 -2.006551494757551e-30 1.958983883885539e-31 -5.913797723611733e-31 -1.033741143239906e-30 1.370802487739034e-31 1.02703241200367e-31 5.079188193784454e-31 -1.708541433613804e-30 -1.148892126126459e-30 1.316837916699791e-33 9.08181310232483e-32 -1.911197634129914e-31 -4.44414084969591e-31 -2.767735523498721e-31 1.550197315473394e-32 -6.492806558356968e-32 -3.100808415562584e-31 -1.367349438572437e-31 -6.381575386257781e-33 -3.680227256238668e-32 9.188122066147564e-32 -3.45867380596782e-32 -6.575725600649891e-32 -1.888057397934227e-31 -2.644021146877379e-32 3.614299156792493e-31 7.789482129375463e-33 5.855502160234997e-31 4.444140849695937e-31 2.767735523498708e-31 -1.550197315473273e-32 1.562425900724507e-32 3.100808415562528e-31 3.812733070462242e-32 3.103347867441225e-32 3.680227256237808e-32 1.053340056437761e-31 -1.626284882455723e-31 6.575725600649072e-32 1.888057397934047e-31 -3.679902411417205e-31 -3.614299156792484e-31
