# Created from matlab git hash 00e16b208fbf08652b67ace82ddc532522841f31
# name: foo
# type: matrix
# rows: 96
# columns: 96
0 0 0 0 0 0 0 0 0 0 0 0 0 0 0 0 0 0 0 0 0 0 0 0 0 0 0 0 0 0 0 0 0 0 0 0 0 0 0 0 0 0 0 0 0 0 0 0 0 0 0 0 0 0 0 0 0 0 0 0 0 0 0 0 0 0 0 0 0 0 0 0 0 0 0 0 0 0 0 0 0 0 0 0 0 0 0 0 0 0 0 0 0 0 0 0
4.618802153516942 -4.604877677089059e-16 -2.065591117977259 -2.664031957417073e-14 4.869816671031714e-14 -2.367501810915384e-14 2.125745457582501e-14 4.29970871037975e-14 -2.353165947689695e-14 -1.058316062111937e-14 1.365640960606068e-14 -1.817426417694001e-14 1.31355989047054e-14 2.046728231504518e-14 -1.067678931376825e-14 4.255246023978417e-14 4.89959737007533e-14 -3.353255715633774e-14 8.688635274038854e-15 2.403040433470154e-14 -1.951477174300109e-14 -4.833268252854919e-15 5.543459639348498e-15 -7.402065071993036e-15 5.041357142940989e-15 8.307204479428981e-15 -3.480722654547463e-15 2.220297649077954e-14 2.804212347355325e-14 -1.490300938211675e-14 9.646180609921423e-15 1.936628347921562e-14 -1.256720422171398e-14 6.934723113674948e-14 6.658198027208878e-14 -4.206633956102546e-14 6.471636648883866e-15 2.089891167024113e-14 -1.470741931020036e-14 1.963732046980984e-14 2.774895520611317e-14 -1.946533212393575e-14 2.099266127684324e-15 1.124582604773369e-14 -7.794112577563794e-15 -1.03916034848231e-15 1.884119759081732e-15 -3.34107741473133e-15 2.041119009921211e-15 5.000069368960025e-16 -4.232725281383409e-16 8.439267080301294e-15 7.942214594325314e-15 -4.409667075933044e-15 8.007429355000317e-15 2.210091918503077e-15 -2.713107516427726e-15 3.493451188052443e-14 2.71028045926297e-14 -1.788499903732088e-14 8.007483565108942e-15 5.520676147133252e-15 -4.898859096158503e-15 2.151030005156929e-14 1.659244031233797e-14 -1.124621229475764e-14 9.734563415769726e-15 8.085302176039089e-15 -7.284103875626613e-15 1.078653225766724e-13 7.892330452369256e-14 -4.716452922659542e-14 1.287473816793949e-14 5.436867319200123e-15 -4.870236158804886e-15 2.135325336688476e-14 1.701939912786277e-14 -1.264613413987092e-14 7.693498615957139e-15 5.589197724434336e-15 -6.326536516887415e-15 3.579807891090914e-14 2.679575853738181e-14 -1.837592578102232e-14 8.007483565108942e-15 4.996193346193389e-15 -2.883110417073453e-15 1.130465079185461e-14 5.040022219016116e-15 -4.683753385137379e-15 2.001870891277235e-15 9.154732093924478e-16 -2.692290834716005e-15 9.305165145356842e-16 -1.19039977528046e-15 2.532696274926138e-16
-5.065392549852277e-16 6.196773353931769 1.114027261349512e-16 -2.99999999999995 -6.03807436450228e-16 2.683281572999731 -0.2651650429449244 -4.914406544724034e-14 0.2371708245126498 -0.2651650429449759 5.02430924962478e-14 0.2371708245126044 -0.02343750000001808 -4.650434497124184e-14 0.02096313728908434 -0.02343749999998977 -9.857013039723649e-15 0.02096313728907655 -0.02343749999997774 3.882223725435938e-14 0.02096313728904108 -0.02343750000001219 1.812677612178515e-14 0.0209631372890416 -0.00207160189802082 -2.185366687959545e-14 0.00185289706651696 -0.00207160189804654 -4.958159533982598e-14 0.001852897066537973 -0.002071601898014662 -2.228358014604026e-14 0.00185289706652335 -0.00207160189800502 -6.328156043882566e-15 0.001852897066515209 -0.002071601897997792 2.198347298469627e-14 0.001852897066493775 -0.002071601897968322 5.057269165074929e-14 0.001852897066475062 -0.002071601897997862 2.684945364997415e-14 0.001852897066485129 -0.002071601898010799 5.126975233249453e-15 0.001852897066495579 -0.0001831054687570573 -7.052518291583709e-15 0.0001637745100734195 -0.0001831054687749995 -2.343264471349471e-14 0.000163774510087103 -0.0001831054687638917 -1.082359028792279e-14 0.0001637745100808545 -0.0001831054688177947 -5.497512167718099e-14 0.000163774510105779 -0.0001831054687588035 -1.303080907066878e-14 0.0001637745100800565 -0.0001831054687737587 -1.697166712721909e-14 0.0001637745100823082 -0.0001831054687604962 -5.338774127644497e-15 0.0001637745100764934 -0.0001831054687547457 6.339668915701646e-15 0.0001637745100690063 -0.0001831054687356593 2.079066085958203e-15 0.0001637745100713794 -0.0001831054687268226 1.762565787766235e-14 0.0001637745100607352 -0.0001831054687399035 1.0415388169982e-14 0.0001637745100646418 -0.0001831054686834291 5.675820057005065e-14 0.0001637745100361958 -0.0001831054687376366 1.193945116384487e-14 0.0001637745100595985 -0.0001831054687227625 2.086568764991803e-14 0.0001637745100544243 -0.0001831054687447867 7.038206822906901e-15 0.0001637745100630944 -0.0001831054687506657 5.390653201597928e-16 0.0001637745100680488
9.256484467812243e-15 -2.569906093485841e-14 5.999999999999879 -19.99999999999958 10.84435336938046 -17.888543819998 29.34493141924116 21.90890230020589 -13.59779393872378 -1.060660171779824 9.68113393270964e-14 0.9486832980505594 0.09374999999997816 4.160064762288862e-14 -0.08385254915626025 40.09374999999932 30.98386676965816 -17.97239636915416 -0.09374999999996805 -2.382436695841372e-14 0.08385254915631404 -0.09375000000001833 4.177046078815416e-14 0.08385254915622448 0.008286407592046165 3.426252337401792e-14 -0.007411588266035772 0.008286407592024762 1.155314992978829e-14 -0.007411588266032255 0.008286407591983886 -5.103700123111621e-14 -0.007411588265992919 56.57682890251498 43.81780460041175 -25.30563286961252 -0.008286407592052718 -7.627283678778018e-14 0.00741158826609159 -0.00828640759202148 -5.316710613434417e-15 0.007411588266041817 -0.008286407592013104 3.261648763575042e-14 0.007411588266004958 -0.008286407592037312 1.289159751172164e-14 0.007411588266006346 0.000732421875009201 1.072926469891655e-14 -0.0006550980402887513 0.0007324218750333978 3.180528757029677e-14 -0.000655098040305226 0.0007324218750075114 1.074747929541431e-14 -0.0006550980402938306 0.0007324218749964716 1.921206249644314e-15 -0.0006550980402864615 0.0007324218749873066 -9.586949289985824e-15 -0.0006550980402785789 0.0007324218749254644 -6.727908161141549e-14 -0.0006550980402424134 0.0007324218749607913 -4.557213439081165e-14 -0.0006550980402479645 80.00073242187402 61.96773353931675 -35.77774273803628 -0.0007324218750365091 -4.566345131878924e-14 0.0006550980403308704 -0.0007324218750712082 -6.904112698213893e-14 0.0006550980403388917 -0.0007324218750081491 -1.346015313097304e-14 0.0006550980403010331 -0.0007324218750001023 -1.152290068917594e-15 0.0006550980402877382 -0.0007324218749921738 1.131820331901068e-14 0.0006550980402785234 -0.000732421874966434 3.26483631796215e-14 0.0006550980402612039 -0.000732421874991414 1.210576777710415e-14 0.0006550980402721326 -0.0007324218750014416 1.649722025653944e-15 0.0006550980402780793
