# Created from matlab git hash e3d28e3d9936e8692f581d15f2e77c245ebc3f89
# name: foo
# type: matrix
# rows: 12
# columns: 12
-7.761551585526122e-16 0.08261109539939625 -0.2906034382600343 0.5241610287505282 -0.466013662319148 -0.1423454903667533 0.3421598977864445 -1.027112473519421 -1.143856851118578 -7.612133561035977e-05 0.000123018028643431 4.375779912496775e-05
1.328003229033856e-15 -0.1393823408035403 0.4929928679646889 -0.8934337523707704 0.7951538815101012 0.2407412603410221 -0.5958962840812212 1.768963187591681 1.952114875987113 0.0001424484615579823 -0.0001097904902357796 -7.174694220117202e-05
-1.669922297771608e-15 0.1699745197595474 -0.6085277059105707 1.114287348041289 -0.9939640363381056 -0.295149194124878 0.7774973360418965 -2.255586186671197 -2.441182145325655 -0.0002120009133908856 -0.0001331860822915971 8.180759176274524e-05
1.584208487246106e-15 -0.1554065898040132 0.5638353400207187 -1.07856358912073 0.9366523874524432 0.2461138215860989 -0.7825437658097257 2.213673996264176 2.31073736173517 0.02148247866641528 -0.01740442688442855 -0.009531799208355656
-1.225860475095522e-15 0.1164842176332045 -0.4255195684642073 0.7969487826770327 -0.7208909457719324 -0.2037271127044066 0.614304397985598 -1.700347759835621 -1.762331675059208 0.005124583356788929 -0.004681928378030523 -0.002210494239741846
-7.627370884715153e-16 0.07596454518087456 -0.2722710850006648 0.4755957210642698 -0.4510739086127178 -0.1560207430220781 0.3541629677856574 -1.006424817045514 -1.09913711239078 0.02102503951317846 -0.01615876814504373 -0.009369323665032719
1.936767764875451e-15 -0.1824424694321953 0.6764420959309455 -1.283397120419677 1.160309216756629 0.3242086540514252 -1.409089881707349 2.845299933870028 2.596798183178039 -0.00648980609759744 0.005026982187234928 0.002902329519004697
-1.504437074146793e-15 0.1314605985898744 -0.4916978976073819 0.9537018500017896 -0.8526529800795942 -0.2230457029083868 0.8525313311617714 -2.34439966446298 -2.115702676013489 -0.003676727301095379 0.002847980721128155 0.001644282435995232
-1.121064203066888e-15 0.09638487631662608 -0.3530563846099041 0.6582158577380551 -0.59630248733335 -0.1735762521117337 0.2229217942177618 -1.563648775788211 -1.798806329670362 0.005243648694757352 -0.004061712813637597 -0.002345030986321384
8.039920138399324e-18 -8.143059809874476e-05 -0.0003495805883239225 0.01659148345399335 0.005273640574736336 0.01566744567525412 -0.004091566641355036 -0.002112875928248568 0.003659608457815945 -0.03373633659751088 0.008921888218125326 -0.003070564241049303
-1.247350880626772e-17 -7.103431301599111e-05 -0.00026409323467722 -0.01330027460826832 -0.004859128120004037 -0.01132038369485644 0.003015605618228088 0.001557252045083415 -0.002697239662275162 0.008819339427858057 -0.02057877644144719 -0.009507570067072944
-1.089586735478956e-17 2.677656471988153e-05 0.0001323683098304357 -0.008811688524789215 -0.002845984880890068 -0.008215853965708496 0.002152845847489201 0.001111724815236881 -0.001925563864025492 -0.003109646192837943 -0.01359498121615898 -0.01906362651237507
