# Created from matlab git hash 44e5d814ece930399b58c9298dbb19a28bd9b520
# name: foo
# type: matrix
# rows: 64
# columns: 64
0.8911840381565711 -1.197165871467273 1.321927696530677 -1.387742523294287 1.203928186553336 -0.993844481889708 -0.8664056357918775 0.4659499863018735 1.443259642714748 -1.186315960743697 -1.055496909747704 0.5609269756660701 5.335840339993895e-05 -1.382617251218974e-05 -8.881920430377764e-05 9.698929396282864e-06 1.674298348400526 -1.367719278108873 -1.252584818032821 0.6546411003727063 7.546017776224332e-05 -1.955316108678552e-05 -0.0001256093235381768 1.371635732168124e-05 5.176476825335936e-06 -8.081655423218205e-07 -8.885986225539181e-06 5.742622288944807e-07 9.308951589933207e-07 -1.039349225506258e-07 -1.611276274928478e-06 7.410727880879388e-08 1.849111578105603 -1.495862383754652 -1.431851055874689 0.729750693936832 0.0001067168068375597 -2.765234565520903e-05 -0.000177638408530769 1.939785868588773e-05 7.320643767889866e-06 -1.142918622568909e-06 -1.256668229611178e-05 8.12129716564809e-07 1.316484874877733e-06 -1.469861004188102e-07 -2.27868880043999e-06 1.048041325567151e-07 3.69648533097944e-07 -3.211603859448456e-08 -6.419905037096556e-07 2.293150757074576e-08 1.346052384331658e-07 -9.570972436675244e-09 -2.341769223676414e-07 6.838570363615011e-09 5.81569640235317e-08 -3.49952407083608e-09 -1.012766190320577e-07 2.501624845174616e-09 2.836558684893157e-08 -1.479432159639187e-09 -4.942736083648462e-08 1.057958856553008e-09
-1.197219999493652 2.073645866960393 -2.289766968269282 2.403783767466165 -2.085407997070136 1.721510171400578 1.500752333646742 -0.8071031780863978 -2.500001558224528 2.054930685685585 1.828306860959413 -0.9716305697780963 -9.241946568719133e-05 2.394763326624005e-05 0.0001538393745154697 -1.679903849316865e-05 -2.900256225050545 2.369201348067627 2.169728050605004 -1.133979902620534 -0.0001307008618516506 3.386706845102074e-05 0.000217561730310495 -2.375742777624722e-05 -8.965920865087832e-06 1.399783780056596e-06 1.539097961711701e-05 -9.946513577933455e-07 -1.612357712603389e-06 1.800205663552748e-07 2.790812372322047e-06 -1.283575731900665e-07 -3.20316025920019 2.591251985489547 2.480303949735614 -1.26411837593451 -0.0001848389314671498 4.789526762360271e-05 0.0003076787489511941 -3.359807680220846e-05 -1.267972695100246e-05 1.979593123113173e-06 2.176613222177781e-05 -1.406649931401625e-06 -2.280218691562502e-06 2.545873939210356e-07 3.946804778244456e-06 -1.815260821804759e-07 -6.402500400682188e-07 5.56266107146457e-08 1.111960170394156e-06 -3.971853618902158e-08 -2.331431121173809e-07 1.657741057554046e-08 4.056063274382193e-07 -1.184475165279823e-08 -1.007308162888966e-07 6.061353506036031e-09 1.754162497544476e-07 -4.332940974854049e-09 -4.913063757620084e-08 2.562451664655216e-09 8.561070012982872e-08 -1.83243780956957e-09
1.322137333474492 -2.290009036160273 2.956388953238234 -3.103641264572855 2.692619912378974 -2.222772583025005 -1.937704999556274 1.042105480429195 3.22801105991122 -2.653346061239687 -2.360676343780492 1.254567319411095 0.0001193130171633685 -3.091626160933122e-05 -0.0001986057784720002 2.168746543855355e-05 3.744954216076421 -3.059250804901323 -2.801591004380652 1.464241275185904 0.0001687340870701663 -4.372219736552484e-05 -0.0002808709860458679 3.06707073763211e-05 1.157495406442254e-05 -1.807113088971897e-06 -1.986966924538152e-05 1.284089382679213e-06 2.081544856569076e-06 -2.324055513224169e-07 -3.602923277402519e-06 1.65708917357052e-07 4.136307965863722 -3.346175835507752 -3.202743301677283 1.632365101088389 0.0002386260344521917 -6.183252462360053e-05 -0.0003972115569153343 4.337493064041543e-05 1.636945710361707e-05 -2.555643732430455e-06 -2.809995586660156e-05 1.815977252754453e-06 2.943749670922739e-06 -3.286709122295439e-07 -5.095303056615172e-06 2.343491638066915e-07 8.265592470045943e-07 -7.181364593878504e-08 -1.435534407103157e-06 5.127640970972481e-08 3.009864639675158e-07 -2.140134509174728e-08 -5.236355168839723e-07 1.529150949393759e-08 1.300429241047132e-07 -7.825173720841601e-09 -2.26461404733822e-07 5.593801892081648e-09 6.342738035870612e-08 -3.308110857680218e-09 -1.105229382363214e-07 2.365665373014804e-09
-1.388238614849205 2.404499813946567 -3.10419591179198 3.672934135305037 -3.186607112878991 2.630574635390942 2.293153102586614 -1.233283878701827 -3.820362296545619 3.14026578771263 2.793797503962215 -1.484774860683464 -0.000141173065740079 3.658061405978332e-05 0.0002349935262169301 -2.566095516509862e-05 -4.432402120151091 3.62086366209904 3.31574643608203 -1.733009732695349 -0.000199648864215332 5.173280158197346e-05 0.0003323310323646915 -3.629007037027269e-05 -1.369567034689781e-05 2.138205041418406e-06 2.351010970606694e-05 -1.519355049745412e-06 -2.462917092011958e-06 2.749859559104103e-07 4.263036314370649e-06 -1.960694402211928e-07 -4.896001791330556 3.960817421466713 3.790752150674268 -1.932142014040652 -0.0002823461316021542 7.3161229774162e-05 0.0004699870522665528 -5.132191005211402e-05 -1.936860284495668e-05 3.023878443159081e-06 3.324831615881848e-05 -2.148693262414569e-06 -3.483091581061827e-06 3.888886677487575e-07 6.028843876853846e-06 -2.772856690618963e-07 -9.77998089377008e-07 8.497105229334947e-08 1.698547216699161e-06 -6.067106614667945e-08 -3.561319877888309e-07 2.532241310710443e-08 6.195738987325277e-07 -1.809315955549536e-08 -1.538688619636879e-07 9.258870390917916e-09 2.679527478588001e-07 -6.618674132442305e-09 -7.504828845513206e-08 3.91420952023103e-09 1.307725035041739e-07 -2.799090192286863e-09
1.204920369663736 -2.086983299331545 2.694283854041762 -3.187919647764939 3.259855393480101 -2.623354252207002 -2.075210049332379 1.207186132680897 3.822218501172182 -3.141834566949962 -2.795012675134024 1.485476440086236 -0.008893903148639493 0.002304578737867727 0.01480459214650966 -0.001616640174354593 4.435027189908257 -3.623082250973016 -3.317464947634504 1.734001915802654 0.0001996488642518487 -5.173280158369506e-05 -0.0003323310324437196 3.629007037375957e-05 -0.0008628272322513102 0.0001347069056603567 0.001481136921253095 -9.571940206948592e-05 -0.000155163806477199 1.732410447263795e-05 0.0002685712884763014 -1.235243681071183e-05 4.899714200583314 -3.963954979942003 -3.79318249301851 1.933545172847446 0.0002823461316213398 -7.316122977702038e-05 -0.0004699870522990613 5.132191005446526e-05 1.936860284562963e-05 -3.023878442216683e-06 -3.324831616236923e-05 2.148693262746702e-06 3.483091580716019e-06 -3.888886676233413e-07 -6.028843878624538e-06 2.772856670723338e-07 -6.161386978569511e-05 5.353182233124969e-06 0.000107008474502354 -3.822275681228365e-06 -2.243632622389841e-05 1.59531278945542e-06 3.903315117011574e-05 -1.139889016363709e-06 -9.693726630420078e-06 5.833081873860223e-07 1.688102660616692e-05 -4.169561024904361e-07 -4.728041952491124e-06 2.465930298345051e-07 8.238659430459793e-06 -1.763122755561533e-07
