# Created from matlab git hash e3d28e3d9936e8692f581d15f2e77c245ebc3f89
# name: foo
# type: matrix
# rows: 64
# columns: 64
0.00232584352827695 -0.001485543173426139 0.002062698798221974 -0.000410107170574663 0.001124631278654256 0.0002564940736886343 -0.0009792674039091581 -5.382404495099177e-05 -3.244776224870111e-05 0.0001112706956379513 -0.0002291434773818358 9.160113728178817e-06 0.0009450973858893159 0.0007985118086531742 -0.0006189652161678392 -0.0003570793837071641 -0.0006206178130867987 0.0006156405213656068 0.0002436334134144697 -0.0002248011398360819 -6.074303615139841e-08 4.545132367428031e-07 -2.949968061624568e-07 4.402312539612866e-08 5.523389718228265e-09 4.069128168688244e-08 -2.920437562565518e-08 1.108783574586603e-08 0.001336237969676167 0.001129336049918801 -0.0008747778669604696 -0.0005050469616384474 -0.0003757848512442178 0.007182379712654966 0.0008462565633301131 0.005748722884699732 -1.490115554576186e-05 1.858422963941689e-05 9.377573490442216e-06 -1.893303624986537e-06 -4.472051006633855e-07 1.086341494357982e-06 2.603245482528966e-07 1.978499051297438e-07 -6.708144395660041e-08 2.42522487550389e-07 3.762933079843004e-08 6.140894771179122e-08 -1.764031328779765e-08 8.41704880423089e-08 9.717010677880271e-09 2.359920371046978e-08 -6.237083958298691e-09 3.685239777210794e-08 3.40150680330154e-09 1.082041896836456e-08 -2.654721035318189e-09 1.867349529373045e-08 1.439128682504971e-09 5.622137447905114e-09 0.001889722654660321 0.001597118696651367 -0.001237114019732477 -0.0007142453122018777
-0.002360316308562064 0.004170777420248625 -0.001688822663960167 0.00308586304241889 0.0003271763061993078 0.001542327336126401 0.0002152548552975379 -0.0007973263288402395 2.444506846572603e-05 -0.000168724629962212 0.0004265463056282283 -2.856751226436931e-05 0.001636130819914381 0.001383222550154655 -0.001070650671807219 -0.0006186367663002296 0.001051830361084889 -0.001048264783724538 -0.0003999467161462551 0.0003814015706049461 4.597584148015537e-08 -6.94347869407186e-07 5.614689128243085e-07 -6.816524103599979e-08 -1.539946776002775e-08 -5.399918193264596e-08 5.52983151943213e-08 -1.530080328011521e-08 0.002314429936445333 0.001956041985287091 -0.00151514161541918 -0.0008747773021275716 0.0006199512832524062 -0.01252165461077097 -0.001452846067175455 -0.01006167714813956 2.526908264652832e-05 -3.120023648978878e-05 -1.587157172316379e-05 3.386825918917502e-06 7.196277265856264e-07 -1.70573213075586e-06 -4.136094951857737e-07 -2.999210744593667e-07 1.026049518225886e-07 -3.577933685431935e-07 -5.603995416443088e-08 -8.885498369465318e-08 2.56309733763038e-08 -1.165268001084149e-07 -1.353817939828957e-08 -3.220218130371947e-08 8.594167319198569e-09 -4.7730237612234e-08 -4.420147761811646e-09 -1.38468766164566e-08 3.460977708428139e-09 -2.253471219020926e-08 -1.737168195569083e-09 -6.713023906760565e-09 0.003273105098977714 0.00276626565160565 -0.002142750007229299 -0.001237120392968194
0.002062698798221341 -0.00364487485901269 0.004894693758393814 -0.001156074299399948 0.002668643233846095 0.000454078731344413 -0.002323758589399605 -5.862482436028499e-05 5.167113671733313e-05 0.0001549128576932734 -0.0006284060675199357 7.016863472147581e-05 0.002113356413506967 0.001785487112359849 -0.001384118656069309 -0.0007984523772716354 -0.001297405564243313 0.001305974385487708 0.0004585648219571107 -0.000471581067667073 9.830520223738418e-08 6.486624947861233e-07 -8.588428565072737e-07 6.643258840295583e-08 3.538933083762e-08 2.581584407411735e-08 -8.389243709854489e-08 9.352820274914102e-09 0.002987928209557552 0.002525252359679995 -0.001956069502034581 -0.001129327128311678 -0.0007201526504201636 0.01637430518058168 0.001841798895759041 0.01325897456871184 -3.116405690125091e-05 3.762400553089007e-05 1.949069557930412e-05 -4.6558306602375e-06 -7.822322861867601e-07 1.732758041714083e-06 4.34422238402299e-07 2.731607950946448e-07 -9.623530494977266e-08 2.959302642716763e-07 4.799200094907952e-08 6.805075191196034e-08 -1.996912677274048e-08 7.247984969179014e-08 8.706463729378611e-09 1.846877811403751e-08 -5.210622173513144e-09 1.873933905953177e-08 1.787373417518879e-09 4.840559193323757e-09 -1.439429903359916e-09 2.973137963396897e-09 2.309643976680446e-10 6.121037580340239e-10 0.00422555612895519 0.003571245044006031 -0.002766276180992122 -0.001597110956739423
-0.001746244103593574 0.003085686207009595 -0.004143760650785782 0.005194663364668861 0.0001901638398788523 0.002596279444808574 0.0005984980085268421 -0.001342125829141885 -0.0002125601123881089 -6.883234280655535e-05 0.0008849877232243056 -0.0001435812316748146 0.002499120756844498 0.002112988289051947 -0.001635303790103443 -0.0009449858932643098 0.001425250041598751 -0.001459120687778288 -0.0004374806785072255 0.0005203393937111557 -4.103734909050668e-07 -3.039951239743846e-07 1.264706451590136e-06 -3.823196511485354e-08 -7.075267726247542e-08 5.142386150803299e-08 1.224446445658724e-07 8.36041729444694e-09 0.003535331098051097 0.002987944185739829 -0.002314403274905015 -0.001336228401709204 0.0007087463232361487 -0.01974112975821629 -0.002117802296703648 -0.01616419963034798 3.409620186890317e-05 -3.94938826426932e-05 -2.116135358427878e-05 6.029456223436184e-06 6.501647112991521e-07 -1.171201398917595e-06 -3.274535084001307e-07 -1.098946759280596e-07 4.608412259657776e-08 -3.985483124744012e-08 -1.124494089229156e-08 6.68493260728446e-09 -8.942193432446589e-10 5.985717694103942e-08 6.083551134419948e-09 2.129903610767205e-08 -4.825952856760991e-09 5.788675365642114e-08 5.202287004420728e-09 1.860932366378787e-08 -3.951743060257642e-09 4.523252707650876e-08 3.481517025281998e-09 1.430843430251495e-08 0.004999734576739668 0.004225583561214107 -0.003273094152821177 -0.001889712314115055
0.001123822455773306 -0.001985841179804848 0.002666781385901546 -0.003343222743497977 0.00409246869182241 0.001124023278369229 -0.002170444786423136 0.004932490368232362 0.0005253677037555518 -0.0001684777911526464 -0.001177385093494525 0.000269064898266704 0.00245686498151735 0.002122964996087882 -0.001564286099797776 -0.0009528892488421173 -0.00119851468069258 0.001280843741477106 0.0002199822913227942 -0.0004430357924450513 3.096455112896823e-07 -1.307201583270652e-06 -1.314678507073455e-06 2.271988938900221e-07 -3.667421921410622e-06 -2.063032632137036e-06 6.849299086913081e-06 -1.619622548543714e-06 0.003534878133340009 0.002987493764800021 -0.00231329082258344 -0.001336420004481537 -0.0004192720123829668 0.02046299938624094 0.001990889603087553 0.01710956647633355 -2.800102870243639e-05 2.856240126917416e-05 1.7000218002068e-05 -7.120360300679832e-06 -5.71831744925328e-08 -7.178390131112928e-07 -7.379802435235585e-08 -3.477967175855417e-07 -9.320363942150745e-07 -1.497146376981432e-06 5.888169718238751e-07 1.962685523245893e-07 -2.575167454897847e-07 -6.11888904025415e-06 4.880192071019126e-07 -2.956458343781366e-06 5.812851038826772e-07 -2.802704152914177e-06 -2.617189232476175e-07 -7.882183434999429e-07 2.06591754507134e-07 -1.078092913592268e-06 -8.318245383719643e-08 -3.097436340654277e-07 0.004999884768529815 0.00422519226663351 -0.003273167269207899 -0.001889867722080218
