# Created from matlab git hash e3d28e3d9936e8692f581d15f2e77c245ebc3f89
# name: foo
# type: matrix
# rows: 24
# columns: 24
0.1458416415208788 -0.1968386541546199 0.185610382509976 -0.1281324164665591 0.09121573970728873 0.06686894648463211 -0.2077431559984523 0.1811882051535486 0.05589287042569068 0.003527418313943749 0.00301498972934232 -0.001485179270025336 4.652832254739038 0.6356167704337002 4.899107755754778 -0.005809599411601978 0.004666225718022448 0.004284598408752244 -8.862450830006062e-05 7.389739190339437e-05 0.0001354200886031008 0.005308153744843554 0.004125795228605354 -0.002357748967250001
-0.2180429938023066 0.3210894464872123 -0.3025660601569844 0.2368450700572977 -0.1585451815622551 -0.1194301558436639 0.3739675436649683 -0.3237005428407868 -0.1040560079063777 0.006812919503554217 0.004898765955926259 -0.003161695985382745 -8.066578512529745 -1.106268614845533 -8.505019136999394 0.009312993726295616 -0.007471231995243967 -0.006682272664074784 0.0001246505587056829 -0.0001038592363086274 -0.0001782637955757607 0.009212549286175689 0.007118671055807698 -0.004137161562773556
0.2056052260753348 -0.3332709198015806 0.3763731590598548 -0.3088674556185617 0.2341881598896481 0.1474183596050402 -0.5201041603952997 0.4438876865233286 0.1535225359308523 0.008260853876749423 0.006591562236252066 -0.003666057577679369 10.42790039032413 1.44150785351899 11.02512149904041 -0.01002115393285188 0.008013775055767631 0.006655348348710228 -8.404996261292841e-05 6.977639526294475e-05 8.020598997733258e-05 0.01187831934784583 0.009204350973450902 -0.005318588473664973
-0.1088885775197488 0.210402695945566 -0.3141205158791081 0.3101524884619859 -0.2931566735344336 -0.183581877289414 0.5772599603268543 -0.4836245532655176 -0.1830165455232214 0.0638609535220202 -0.0377739391272628 -0.02693713643041995 -10.44030070999233 -1.460758489604486 -11.08510495550598 0.006918454139974916 -0.00548517974815577 -0.003602691804035764 0.08285409551145617 -0.06406802096510769 -0.03529143187229473 0.01176135529525825 0.009353090779522535 -0.00504429912284728
0.05938980701641353 -0.1305566171704488 0.2257485242869973 -0.2518304289292027 0.2310650138478275 0.1503679043503076 -0.4619012066405705 0.3848739829977332 0.1493793271093169 0.003460083887631239 0.006041731960162403 0.0001208502863958663 8.090223904610241 1.136469153478033 8.601973038589639 -0.004557897891394143 0.003595921462074613 0.002002440541100152 0.0002278856305366884 -6.361676244160462e-05 0.001706915973490088 0.00908010664877432 0.007283277417581635 -0.003836476093282441
0.08695212651539184 -0.1466255569573535 0.1758710900891461 -0.1780006817769327 0.06140382281925205 0.04763261167723491 -0.2322444740125496 0.1982893763307664 0.06844455167525615 0.04788687376404315 -0.04322378271628469 -0.02103204734978944 4.666059317466798 0.6448799068639041 4.932909753118988 -0.004511379481310153 0.00360810197485062 0.003004838946702416 0.07404024702198476 -0.05732817724661832 -0.03270802503171315 -0.005340295941025204 -0.004078309493681605 0.002450276091264069
0.02583419788445503 0.03228195463354334 -0.2195518548790936 0.5150632494036025 -0.4130804672726662 -0.05372727168538741 0.7364521589643652 -1.076344650658421 -0.5954160118600552 -0.04257620255382455 0.03297938468725887 0.0190406566268311 -14.75130637038723 -2.116137291103272 -15.8022408367442 0.4321718771702947 -0.3299814754859015 -0.1512419931387491 -0.06021184308606779 0.04663989310335872 0.02692755483820197 1.031892600290938e-13 7.919598374302829e-14 -4.6990840436203e-14
-0.06618086547151787 0.04504666346374087 0.1064623229305719 -0.2837285508680283 0.3141856254763811 0.0964625226310237 -0.7258415198107908 0.7791059456682976 0.5788305209576616 -0.03330186818297171 0.02579551617396128 0.01489304820697165 11.42282490461661 1.652143612579324 12.2727761339629 0.0008500508731032489 0.004229582612600312 0.04284368832699971 -0.04709595363664141 0.03648036882169128 0.02106195075933953 -7.703668794008508e-14 -5.906759653980623e-14 3.505347948799789e-14
0.04126263042308612 -0.1014568504960858 0.1933245333695311 -0.2898682907479223 0.2229637835717118 0.07025805846564741 -0.6207489175199802 0.01479870152005172 -0.04062756699534395 0.01813969469874247 -0.01405094709476327 -0.008112318087496703 6.617510261098916 0.9250979635585489 7.023991117931216 0.3836041184951809 -0.2961123290289287 -0.1616054312419519 0.02565340226032347 -0.01987103994555895 -0.0114725502616472 -5.337815349619578e-14 -4.101582566574382e-14 2.436027160787451e-14
-1.508631516861962e-06 -8.246211666835192e-05 0.000215702383976984 0.00149143813713277 0.00148465656847833 0.0001398113127354824 2.615503454261553e-18 4.948675930400347e-19 -2.7486150042582e-18 -0.05129144399101405 0.005081729776975578 -0.03545715290464553 -4.13220651506632e-19 1.167706120296622e-18 9.053485709365174e-19 -3.200802522256446e-19 4.778615771280061e-19 2.188289677977427e-19 -0.05898481860216705 0.0452742934073204 0.02000412377206087 0.07348620561784043 -0.03033923227149398 -0.03080921455923494
2.948541228468127e-07 2.00597228344733e-05 -5.772681487623484e-05 -0.0003843112628534132 -0.0003820099660346361 -3.415475088934741e-05 -7.611615415319223e-19 -1.1722427500937e-19 7.966500277899322e-19 0.03439027893215485 -0.005546191686668865 0.04141261739665439 1.040735040694539e-19 -3.32664230360058e-19 -2.467547020566729e-19 8.717104561064981e-20 -1.32164415265506e-19 -6.621791170460896e-20 0.045755791138666 -0.03505386128276998 -0.01452226960297825 0.01303613061357461 0.01061511728580842 -0.003786434005869104
1.313769310881071e-06 7.084931525254446e-05 -0.0001840456328362989 -0.001276165935014004 -0.001270498132153881 -0.0001200870750770598 -1.981382491867711e-18 -4.652345266526407e-19 2.076136541914753e-18 -0.0229252368850317 -0.05821197450650395 -0.03117209635723095 3.117496667898697e-19 -9.264067357761239e-19 -7.341906649912792e-19 2.724722078425973e-19 -4.067662880138627e-19 -1.845534254574774e-19 0.02624296309183004 -0.02028449973726974 -0.01100053302917445 0.04210202488934674 -0.04419774498760107 -0.01863035935548796
0.1772250435611452 -0.2103376068350982 0.02720087602204181 0.3316028584648028 -0.3495011955591144 0.009865334658771126 2.136116264100503 -1.36632928094685 0.3997318913238196 -5.191996719773693e-14 1.689506068905652e-13 2.484426017167403e-14 -21.9257945250703 -4.553115298677644 -23.65798884226537 -0.4920998709391707 0.3811789209636384 0.2200737526277712 -1.886757788527147e-13 1.482283412248176e-13 8.708216758749194e-14 1.138888905994308e-13 8.785029763083586e-14 -5.19615197697825e-14
-0.1521854949123767 0.2010364300389306 -0.09431686944226447 -0.1590626778341235 0.1886317382421229 -0.04383432117510013 -0.366254258102045 0.9468355958831387 0.6339365551397144 3.858472547054597e-14 -1.194647504738602e-13 -1.816547270991335e-14 15.93881705403979 2.866658144908985 19.20145308038555 -0.4290388175586523 0.3323320390562289 0.1918719922094547 1.341927323330492e-13 -1.061464668494485e-13 -6.232502368682544e-14 -7.950313389501248e-14 -6.109059135648837e-14 3.614124325671254e-14
-0.07846249523410367 0.07991724163899055 0.03516527438126879 -0.2333549703274057 0.2319283422189946 0.0185042675485891 -0.9650015417196585 0.7801416362053742 0.04959287534440873 3.020347755457174e-14 -9.547584559618079e-14 -1.426007099708363e-14 8.022816592298675 -0.1963766359122072 9.349049448938809 0.08989392617526917 -0.06963153580040292 -0.04020178593845011 1.070020053989051e-13 -8.410924027819641e-14 -4.933127709511683e-14 -6.342707100112421e-14 -4.888444150778912e-14 2.894367241435362e-14
