# Created from matlab git hash e3d28e3d9936e8692f581d15f2e77c245ebc3f89
# name: foo
# type: matrix
# rows: 64
# columns: 64
3.143387358668594e-05 1.964317906569263e-05 2.439073533602817e-05 2.925610745564148e-05 2.870149248835511e-05 2.474048287524068e-05 -1.87968376440349e-05 -1.106099957754935e-05 -4.382831971336962e-07 3.784339559573419e-07 2.694994120228108e-07 -1.619662174921984e-07 4.099244837054535e-05 3.464551169351066e-05 -2.68358530990068e-05 -1.549370576738433e-05 -4.494275587210106e-07 3.678752574991497e-07 4.745824278490935e-07 -2.617298926805795e-07 -1.505259441010771e-09 3.353312669291645e-09 9.907169122769039e-10 5.570078920086921e-10 -2.138844390013788e-10 7.762915829707671e-10 1.404459971533834e-10 1.99701787912854e-10 5.797229506092057e-05 4.899588641578423e-05 -3.795177562118749e-05 -2.191140339840074e-05 4.513273599647363e-06 -4.602859103717661e-06 1.199943414047569e-06 -1.11008990561194e-07 -8.015715629775533e-09 2.181256198746058e-08 5.965410310054893e-09 4.868090846475975e-09 -1.588063642382094e-09 6.328562385273231e-09 1.07215220165298e-09 1.724351392803261e-09 -4.97055936881113e-10 2.65012163047255e-09 3.298436265257293e-10 7.75023082204215e-10 -2.028474264597276e-10 1.361340204803985e-09 1.338213091051094e-10 4.112697473119032e-10 -9.788280036023783e-11 7.950417005945962e-10 6.440429361700204e-11 2.444440664550339e-10 -5.300597473558123e-11 5.071750348935145e-10 3.48275950713671e-11 1.57591549480327e-10 8.198525924783383e-05 6.929056221210186e-05 -5.367195085320686e-05 -3.098741913112879e-05
1.214942019459089e-06 4.247241598514749e-05 4.293765419481143e-05 4.978838104164225e-05 5.069837004986452e-05 4.201091153944795e-05 -3.317639529296922e-05 -1.879339636432843e-05 7.602399506817048e-07 -6.558967651841205e-07 -4.671865563314256e-07 2.813037124368638e-07 7.100169795934309e-05 6.000665229446868e-05 -4.648148876511942e-05 -2.68360813545016e-05 7.775061943059585e-07 -6.339701343242496e-07 -8.243378121876625e-07 4.557791383118687e-07 2.417247186802452e-09 -5.080167682485033e-09 -1.589691576474924e-09 -7.757219440531883e-10 3.162869534565791e-10 -1.031381412579613e-09 -2.061064593937754e-10 -2.542519406379765e-10 0.000100411288074492 8.486260992753213e-05 -6.573461670480859e-05 -3.795196616162865e-05 -7.905473542614712e-06 8.064708919295125e-06 -2.09106774228553e-06 1.9274111310417e-07 1.349825020405935e-08 -3.546080931208686e-08 -1.003104708225702e-08 -7.704600520354842e-09 2.574304489683262e-09 -9.710978314176454e-09 -1.736976757133431e-09 -2.603726554736806e-09 7.762546251644105e-10 -3.83025511153344e-09 -5.148796472991318e-10 -1.106673116418835e-09 3.050480758556343e-10 -1.8475474563423e-09 -2.011248952309814e-10 -5.525969593378871e-10 1.416266232125793e-10 -1.009308791979412e-09 -9.309266653258207e-11 -3.076233264400175e-10 7.371606789579209e-11 -5.995565049483556e-10 -4.834753617177328e-11 -1.848291029648964e-10 0.0001420029334515623 0.0001200139702295582 -9.296274162633178e-05 -5.367216551542542e-05
2.91177861765027e-07 1.404186928113929e-06 5.32718896767592e-05 6.521992617911946e-05 6.417985655293733e-05 5.53222823590482e-05 -4.203518934951814e-05 -2.473408596307554e-05 -9.843389741970531e-07 8.478220091073682e-07 6.041688127798333e-07 -3.651837284260918e-07 9.166235142661532e-05 7.746910475082569e-05 -6.000724396297857e-05 -3.464518587868451e-05 -1.001411464225008e-06 8.100313601792575e-07 1.070261667133511e-06 -5.948432826306821e-07 -2.613311573788985e-09 4.617388770850333e-09 1.714991695731657e-09 4.977894972374773e-10 -2.639225195943505e-10 4.972738481375013e-10 1.670540983460934e-10 8.417637940165992e-11 0.0001296302239760889 0.0001095575503135392 -8.486290898100089e-05 -4.89956537454584e-05 1.043348656967483e-05 -1.064991991611159e-05 2.732389316192638e-06 -2.503115670918488e-07 -1.639000294103224e-08 3.957902761016434e-08 1.214020842898585e-08 8.005465464430147e-09 -2.852233762072207e-09 9.201767901935896e-09 1.92161139633377e-09 2.340333446424348e-09 -7.762143142121808e-10 2.919726859069693e-09 5.141483911436245e-10 8.00614929803088e-10 -2.703850373774535e-10 1.025626676657399e-09 1.779041619608735e-10 2.878829802686114e-10 -1.084545296154771e-10 3.236402039855977e-10 7.098917048427207e-11 8.884051624150165e-11 -4.696298668749615e-11 3.140094765430607e-11 3.051079019119381e-11 3.958201157215574e-12 0.0001833248593627828 0.0001549377049718518 -0.0001200142924136782 -6.929032565672344e-05
-8.409641953856446e-09 3.053604953492071e-07 1.700523325585019e-06 6.410592041588658e-05 7.718980154353618e-05 6.413776777613133e-05 -5.022991008992163e-05 -2.868167596836385e-05 1.163747104383077e-06 -1.00577478840565e-06 -7.061220950725379e-07 4.364093689273737e-07 0.0001084405581586398 9.166237469176025e-05 -7.097380261284317e-05 -4.099196422287434e-05 1.180718308148734e-06 -9.431084204335799e-07 -1.276867652145697e-06 7.155936049163023e-07 1.75216682417375e-09 -1.850523146882139e-09 -7.183559646153014e-10 3.64793417511575e-10 -5.545894734181056e-10 9.549729189991756e-10 1.02979011672275e-09 3.663702638537969e-10 0.0001533795447935703 0.0001296309633565818 -0.0001004096393513558 -5.797203163993609e-05 -1.274788525588354e-05 1.302432071067882e-05 -3.291340459867231e-06 2.996434583632611e-07 1.742047552686025e-08 -3.518744413541926e-08 -1.281535011649652e-08 -5.834769843827694e-09 2.475736291377223e-09 -4.647403126557929e-09 -1.646030148863787e-09 -8.590264315092148e-10 4.7571399183608e-10 3.296115864096047e-10 -2.920857996629476e-10 2.266059636938852e-10 6.47883433840134e-11 1.325244762310448e-09 -1.520213405198625e-11 4.542617389514503e-10 -3.906369354215554e-11 1.445116445775964e-09 5.747278086810311e-11 4.706234586376824e-10 -6.636459487640879e-11 1.34857997558833e-09 7.916618228049988e-11 4.334330310363448e-10 0.000216912522695048 0.0001833258096998293 -0.0001420025402908698 -8.198486815479133e-05
-4.000164189578982e-10 -4.202975846164351e-09 1.687168656946056e-07 1.002237817596371e-06 6.397717633691312e-05 8.503230743299903e-05 -3.504362070059386e-07 7.265717382905521e-05 -1.152948892070417e-06 9.969763149500969e-07 6.497057158011873e-07 -4.404193758063306e-07 0.0001083485077406902 9.162810297321352e-05 -7.078844643226401e-05 -4.09905563572687e-05 -1.172064822705916e-06 9.113848867808144e-07 1.296753063884575e-06 -7.40132503608278e-07 -2.710549399227913e-08 -3.127006502798916e-08 1.432726855923696e-08 8.914014295371922e-09 1.962883718103362e-08 -6.453155037125677e-08 -7.358324756880648e-09 -1.419401821951324e-08 0.0001533809629905715 0.0001296173046507214 -0.0001004044479437233 -5.797616167531377e-05 1.355017852865355e-05 -1.387034910835123e-05 3.408130134913637e-06 -3.089767778647685e-07 -1.307607901753729e-08 1.008679654446863e-08 9.364381137701216e-09 -1.987745255216837e-09 -4.674457294783849e-10 -8.74582613444342e-09 1.70106593330947e-10 -3.240248432410033e-09 -4.202612715486105e-08 -4.443898198266041e-08 2.733226023971155e-08 1.33568966898123e-08 2.400355393285268e-08 -1.210204515054603e-07 -1.559959535380657e-08 -3.540629229293397e-08 1.029482010565465e-08 -5.623797366120318e-08 -6.507336702967427e-09 -1.672913998843527e-08 4.825553223613567e-09 -2.669499603723638e-08 -2.874734012843342e-09 -7.988579443370947e-09 0.0002169170583744881 0.0001833144523149405 -0.0001420052314339282 -8.198960313596237e-05
