# Created from matlab git hash 00e16b208fbf08652b67ace82ddc532522841f31
# name: foo
# type: matrix
# rows: 24
# columns: 24
0 0 0 0 0 0 0 0 0 0 0 0 0 0 0 0 0 0 0 0 0 0 0 0
8.599750569884566e-17 -1.999999999999964 7.862415031885631e-16 -4.084923607613653e-13 -3.5231955020574e-14 -3.85180911616999e-13 2.113173716294993e-14 1.432539536336885e-13 -2.385999408978332e-13 8.7438248685257e-14 -2.994157982488441e-13 -2.890037638926281e-13 -2.844104277277904e-14 6.48269764386953e-14 -2.012070953083153e-14 1.916683790103504e-13 -4.33741786356384e-14 -2.12356701986979e-13 3.924238879194532e-13 -3.338302199190261e-13 -2.687899048212915e-13 6.910560702781743e-14 -1.886213669549173e-13 -6.965744820351944e-14
7.16861379443525e-17 1.314840152409343e-16 -5.999999999999873 -0.01171874999988796 1.359927968425632e-13 -0.01048156864443008 -0.008286407591690479 0.006418623720823037 -0.01852897066463223 -0.008286407592485416 -0.006418623720710647 -0.01852897066535544 -0.01171874999993856 0.009077304717604831 -0.02620392161116336 -2.078198724220215e-13 2.880751193146125e-13 -0.03144470593336918 -1.842831442999682e-13 2.010058786083846e-13 -0.0314447059336232 -0.01171874999994194 -0.00907730471797108 -0.02620392161154236
-6.256772380668134e-14 -4.305413297711114e-13 1.975456555284378e-13 -335.9531249999887 -30.98386676965887 -295.1190467553853 169.7387731151352 120.4732881562458 -94.79421392238736 254.4590043360455 -197.1544462069669 -113.8864652956542 0.04687500000120925 -0.03630921887179467 0.1048156864444145 120.0000000000013 61.96773353931302 -107.2054840962494 359.9062499999906 -278.7821824891798 -161.0807469291358 -0.04687500000015077 -0.03630921887036886 -0.1048156864455501
-1.838130821396717e-14 -3.68876959052914e-14 2.063853343225059e-13 -31.02925329324658 -37.99999999999904 -27.7534078619035 -0.03209311860377267 0.02485922277621057 -0.07176239480763963 43.78571148180829 -33.96598471972842 -19.66768033707291 -0.0453865235881839 0.0351562500000327 -0.10148735200576 -3.539946114017312e-13 1.598721155460225e-13 -0.1217848224071359 61.96773353931712 -47.99999999999738 -27.83459774350797 -0.04538652358883588 -0.03515624999981393 -0.1014873520060711
-5.519040785255449e-14 -4.089615603189742e-13 1.778327000241371e-13 -295.1609730299628 -27.7128129211017 -281.9999999999926 151.7893276880793 107.7775486824534 -84.85281374238183 227.6839915321177 -176.3632614803805 -101.8233764908595 1.32972663526466e-12 -1.08344963161168e-12 -5.035891992523074e-13 107.3312629199909 55.42562584219957 -95.99999999999457 321.9937887599621 -249.4153162899078 -143.9999999999957 1.613329801349336e-13 5.317848022355963e-13 1.244416197756125e-14
-4.142798328239978e-14 7.206527367742331e-14 4.563288377501546e-13 169.440462441822 5.118732679406158e-13 151.5521568635669 -575.4374999999861 -185.7579637424682 -348.5750468424915 -119.8124999999976 92.80636343349165 53.5817789108374 127.5443856565247 65.52131094154949 -113.2490687047752 296.4545180124523 -339.1771937350585 -95.34267145407588 -169.4404624418236 131.2480178421708 75.77607843178313 4.796055958724956e-14 3.685776420521368e-14 -2.170486013142173e-14
-1.769420066834627e-14 1.588113495143069e-13 1.122995696753339e-13 120.2422177022995 4.875394120490214e-13 107.5479090190688 -186.0847467123032 -175.8593749999937 -45.43927040481472 -85.02408752220562 65.85937499999564 38.02392788490854 -0.2567449488305604 0.1988737822091498 -0.5740991584634276 65.72670690061818 -135.7645019878089 -0.6889189901596282 -120.2422177023006 93.1392213344097 53.77395450953429 3.699653283486612e-15 2.865739110737014e-15 -1.654535247011287e-15
-7.07934387156483e-14 -2.896717251535138e-13 5.301279397353632e-13 -94.86832980504781 1.308186997276209e-13 -84.85281374238203 -348.8266044899591 -45.03332099679272 -443.9999999999911 67.08203932499107 -51.96152422706338 -29.99999999999871 113.841995766064 58.78775382679065 -101.8233764908578 379.4733192202001 -244.9489742783099 -186.6761902332429 94.86832980504802 -73.48469228349138 -42.42640687119115 -4.364740491647042e-14 -3.334284657839187e-14 1.965094753586533e-14
8.009244140227627e-16 5.952177089721809e-14 -5.578986355825643e-13 254.5584412271496 43.81780460041293 227.6839915321173 -119.9999999999972 -85.2056336165582 67.08203932499067 -695.6249999999812 100.6975670013857 -308.2419706983396 -7.354117315117037e-13 5.737632591262809e-13 3.281819260791963e-13 -84.8528137423865 -43.81780460040956 75.89466384403693 -211.8668693130091 328.4281385440167 38.54025898330329 381.0421667118944 -295.5647850937128 -171.1187498858586
-8.808686218496644e-14 -3.201302449895962e-13 1.981608358963827e-13 -197.1801207018497 -33.94112549695271 -176.3632614803807 92.95160030897412 65.99999999999491 -51.96152422706302 100.3344748126794 -259.9999999999893 -156.2093322076133 6.163958232718869e-13 -4.805045250577678e-13 -2.740030424774886e-13 65.72670690061932 33.94112549695075 -58.78775382679195 273.6045338037414 -211.9331605737421 -123.0485862976179 131.1966688524064 -102.0222502730675 -59.36185298526014
-8.437959953492912e-14 -4.120975115119785e-13 -2.44762529077061e-13 -113.8419957660574 -19.5959179422646 -101.8233764908592 53.66563145999346 38.10511776651294 -29.99999999999852 -308.5773808949638 -155.8845726811945 -455.9999999999911 3.130828929442941e-13 -2.429167977879843e-13 -1.396660564978447e-13 37.94733192202077 19.59591794226367 -33.94112549695227 246.657657493132 -44.09081537009765 -161.2203461105254 341.5259872981796 -264.544892220573 -152.7350647362909
-5.387180690084739e-14 8.101063093163468e-14 4.238517129083791e-14 -3.242629992635267e-13 3.803377346102721e-13 4.796139351468567e-15 125.1579002700176 1.168187197533911e-12 111.944629169961 -1.997421666232983e-14 1.925723936567153e-14 9.048317650694792e-15 -511.4999999999966 -285.4388726154839 -333.3977354452169 -88.50000000000026 68.5518052278702 39.57840320174618 -3.225194036939786e-14 2.500686665266306e-14 1.412429574526922e-14 3.554818330946381e-15 2.786016987026797e-15 -1.609823385706423e-15
-6.308920080243391e-14 1.115059203489941e-13 -6.109784662093474e-14 -1.340349774380223e-13 1.732457001842226e-13 -5.665637597810577e-14 63.67274730997073 9.319829415410555e-13 56.95063651970557 -4.908365355562543e-15 3.611521116349499e-15 2.195087718688573e-15 -288.0531363741732 -288.8749999999959 -176.4526760210786 -45.02343139965862 34.87499999999734 20.13509063798693 -6.767591064677637e-15 5.242153497487578e-15 3.026558732907858e-15 -1.73885790241248e-16 -1.34691353949296e-16 7.776408946013669e-17
-5.850802374606223e-14 -5.941064508646092e-14 3.551192662793002e-13 -5.368299608833943e-13 4.433702957398811e-13 2.062485098618242e-13 -113.8419957660581 5.170930951988405e-13 -101.8233764908587 1.81847147204272e-14 -1.947886502149565e-14 -8.271161533457495e-15 -335.410196624965 -173.2050807568893 -497.9999999999966 80.49844718998969 -62.35382907247633 -35.99999999999862 3.093871506248231e-14 -2.425503132024818e-14 -1.374963155192368e-14 -4.978796448244152e-15 -3.826107639449918e-15 2.234323837058164e-15
-2.608026698748759e-14 1.785082638513592e-13 -1.389420958259496e-13 118.5000000000019 -4.060463548406133e-13 105.9896221334917 298.045508270123 66.54829073687878 378.9989775711749 -83.79215357060713 64.90512306436194 37.47299027299569 -90.00000000000109 -46.4758001544852 80.49844718998821 -1471.499999999985 -184.7413056141015 -588.3094848801918 -118.5000000000021 91.78970530511577 52.99481106674568 9.114742356709043e-15 7.044224071914805e-15 -4.093947403305296e-15
-2.038401216081935e-13 5.709459425401324e-14 5.320122472562351e-13 60.51536478448574 5.492435940466373e-13 54.12658773652402 -338.5610058578644 -134.9690068589745 -245.4082536050815 -42.79082480508805 33.14563036811644 19.13663861549214 69.7137002317331 35.99999999999639 -62.35382907247519 -187.355569372789 -876.8749999999791 -515.9346343045738 -60.51536478448672 46.87499999999595 27.06329386826172 1.443176479292342e-15 1.117879693987522e-15 -6.45408142245274e-16
