# Created from matlab git hash e3d28e3d9936e8692f581d15f2e77c245ebc3f89
# name: foo
# type: matrix
# rows: 64
# columns: 64
-7.373161100637897e-16 0.05930213029522891 -0.2089785854680521 0.4356426994516541 -0.7080790728783259 0.635170460577397 0.3363785672385287 -0.2481341148560016 -1.405952346108227 1.240300288431971 0.7569879724420316 -0.5143768694786178 5.539666712822034e-05 3.727395984086147e-05 -4.191659089107233e-05 -1.617518749914384e-05 -2.439506919593863 2.094799281925376 1.431478304472088 -0.9272704852769148 0.0002342224382760827 -0.0001651796039842506 -0.0002571336632945002 6.504352856282543e-05 2.004420009664861e-06 -1.80468039286461e-06 -2.372316071342127e-06 2.01484627602806e-07 6.831932177667003e-05 5.750604986368703e-05 -4.478259701196083e-05 -2.578984118869581e-05 -3.942736347188292 4.648821057741534 2.355165781400589 -0.2366713784066761 0.01461962446234984 -0.01565131037358871 -0.00976430701488451 0.0033380204791732 0.0001851067959714765 -0.0002460214715814579 -0.0001521626900314757 1.919878900924368e-05 9.994079649028688e-06 -1.901059841290057e-05 -9.771277842890254e-06 -1.253353431529209e-06 1.316483346131325e-06 -3.245212818255554e-06 -1.455332026284738e-06 -4.297846360432789e-07 2.666156634447298e-07 -8.147051705928793e-07 -3.316405566336518e-07 -1.412809336673185e-07 7.156020218986327e-08 -2.628201896177191e-07 -9.954604584421521e-08 -5.281225092526918e-08 9.648888555541352e-05 8.142714541531235e-05 -6.318682494799166e-05 -3.648262811994929e-05
1.27775816044619e-15 -0.0991174921276875 0.35192738415668 -0.7387438815249697 1.212685706962636 -1.088833767249102 -0.5709588868771762 0.4233919100054537 2.433726547557352 -2.14971481828646 -1.300474156384843 0.8889939780426805 -1.043207947888082e-05 4.062129744607544e-06 1.422948378470834e-05 -2.504565236535351e-06 4.247093892802827 -3.650682118806874 -2.485991284014224 1.613085389544955 -0.0003668383089228069 0.0002592973415196466 0.0004001089122379603 -0.0001035149627616348 -2.806499387677694e-06 2.493990875665789e-06 3.277177751566183e-06 -3.182085225097701e-07 -1.341478513135458e-06 -8.490084481415678e-07 9.460379654292902e-07 4.626156893792542e-07 6.877587897872233 -8.130186658303321 -4.105933097391816 0.3992680179115078 -0.02463158655192941 0.02612519908194284 0.01646275067573102 -0.005740142870402564 -0.0002925030337415296 0.0003842558848057748 0.0002392693843424142 -3.208723710576827e-05 -1.513816754249566e-05 2.809667019981087e-05 1.455045285888316e-05 1.64583305569251e-06 -1.894514664570609e-06 4.502191825820723e-06 2.040985949871242e-06 5.604556362049497e-07 -3.636896662467854e-07 1.057420975404405e-06 4.363840250585477e-07 1.745482045289543e-07 -9.231747384142134e-08 3.178300824673541e-07 1.223874882881763e-07 6.108411278698621e-08 -1.735274272911065e-06 -1.329202534736831e-06 1.15772309539075e-06 6.688266261933862e-07
-1.650402815647096e-15 0.1183106076700939 -0.4273570927488902 0.9110559097005466 -1.528041091620554 1.374711709141083 0.7056103498223114 -0.5292607660055459 -3.136133976372518 2.777433935472345 1.649490748610205 -1.141840224754559 -0.0002141050766074729 -0.0001878469698010642 0.0001369706797491468 8.444793096827893e-05 -5.537479206091461 4.76968764772462 3.224993974886812 -2.099851997221097 0.0003699239917890062 -0.0002632254737753144 -0.0003957852573647267 0.0001092237624006281 1.850691501593589e-06 -1.536504645986259e-06 -2.014806045247097e-06 3.286660588952082e-07 -0.0003095849170875343 -0.0002616921464004765 0.0002026660599746948 0.0001170381009014277 -9.002733351455985 10.69767197912622 5.368451420198387 -0.4867738586340238 0.0299427496686151 -0.03108928424906235 -0.02004411275519187 0.007295581643208331 0.0003025837412009525 -0.0003843627315693688 -0.0002440857702661831 3.829622594411839e-05 1.375135862242156e-05 -2.339597147476733e-05 -1.24560643394686e-05 -7.263212677278318e-07 1.417950887982092e-06 -2.8319106002862e-06 -1.356735097071286e-06 -2.335988759641725e-07 2.081818388193683e-07 -4.231128797573841e-07 -1.95712337900113e-07 -3.851207579376677e-08 3.494445360045887e-08 -4.447371504016631e-08 -2.477043126263876e-08 2.055837835322946e-09 -0.0004378631398331358 -0.0003700476973988584 0.0002866551745492885 0.0001655066277499451
1.951832792061689e-15 -0.1240932737470323 0.4563649935317722 -0.9999286215865809 1.734482612634022 -1.566979115320368 -0.7753990407747928 0.5934813105244846 3.693179448125396 -3.284268510816029 -1.892934138336765 1.33732663924056 -0.0006382503706350288 -0.0005483282387186075 0.0004107004649620974 0.0002454582276780571 6.643661053402139 -5.740943873472592 -3.838660179271126 2.513289047224664 -0.0002440761511979356 0.0001771986564417668 0.0002428121885449439 -8.322404256787796e-05 1.025139965834254e-06 -1.326961676111785e-06 -1.579516215751553e-06 -2.515487238966784e-07 -0.0009128673743837698 -0.0007720527107410386 0.0005974782815837554 0.0003450523574667938 10.86715992082525 -13.01482010789718 -6.468875685454692 0.5216366866244666 -0.03189931146730474 0.03180422147455257 0.02141826618378356 -0.008400970441990062 -0.0002188835521921836 0.0002473234301830701 0.000167851420286445 -3.960781182683266e-05 -5.430769548257259e-06 3.470284547008949e-06 2.939861347314018e-06 -1.795648761719169e-06 2.467695865676793e-07 -2.256555735996955e-06 -7.760269755228306e-07 -6.49451700366564e-07 2.426261961278984e-07 -1.272056193005331e-06 -4.527662866527173e-07 -3.072288554413465e-07 1.161752526899701e-07 -6.360375253607625e-07 -2.185375112762701e-07 -1.551872515000731e-07 -0.00129122724329612 -0.001091663299804301 0.0008452350587606627 0.000487975773153515
-1.944445971691497e-15 0.09609839330957656 -0.3662669966612769 0.8379799753826382 -1.586084128062856 1.416029333010447 0.6426671522344016 -0.5290214362805662 -3.635010483654565 3.261154629263404 1.754720789988382 -1.298767276410013 0.01809143439126898 -0.01788634439935134 -0.01138934713892411 0.007950902549127626 -6.812032344544167 5.926860099117109 3.869249091357561 -2.564833661428198 -0.0001304053593480765 0.0001441300416356751 0.0002066825025223968 -3.323093098950035e-05 0.02826487644521822 -0.02388482367299451 -0.01840832398249728 0.01073018947694059 -0.002014317421222322 -0.001688394158953382 0.001321874019887473 0.0007583202284896512 -11.28376294224456 13.72713488911193 6.693239073999724 -0.403419167385245 0.02414979029367515 -0.02098842208986648 -0.01637704850659983 0.007852612251865862 -7.324348391148473e-05 0.000190069415833404 8.998268284040894e-05 2.819849184845111e-05 4.26639628786106e-06 6.313982880993352e-05 -1.039307726138782e-05 -4.849882071398857e-06 0.04011156469367429 -0.03370976855906727 -0.02620733151493247 0.01524680239386617 -2.407794096388348e-05 6.231250243320131e-05 2.665919448042462e-05 8.964310907713302e-06 -5.364584777854482e-06 1.526490865142522e-05 6.221789645715242e-06 2.486241341745037e-06 -0.002839842626474309 -0.00239490470833272 0.001859766643913519 0.001073487690215646
