# Created from matlab git hash 00e16b208fbf08652b67ace82ddc532522841f31
# name: foo
# type: matrix
# rows: 16
# columns: 16
0 0 0 0 0 0 0 0 0 0 0 0 0 0 0 0
-2.866583523356544e-17 -1.999999999999973 -5.082167337558494e-16 -8.881784196995125e-16 6.961851196327902e-14 3.007706795522374e-13 3.173916376747588e-14 4.007545559053831e-13 1.360529839609363e-13 7.836039642359408e-14 -1.09325624255138e-13 7.139893154530665e-14 -2.499260212813861e-13 3.051872933709687e-13 2.299403853238174e-13 5.123731938039955e-14
6.463959180113332e-16 -2.650438826525383e-16 -5.999999999999901 -3.650358997444423e-15 8.655969240092783e-14 4.537754326516235e-13 -1.069509573581176e-13 4.095358612007214e-13 -3.307339011583159e-13 1.974579928812516e-13 1.173219108307686e-13 -2.801788846758166e-13 -7.503815047388908e-13 4.510875296274272e-13 5.666121092174571e-13 2.087794061270178e-13
2.581841724454282e-16 1.775192056031661e-14 -2.877054755795698e-15 -11.99999999999985 1.330991863901044e-13 0.05282214092173131 6.047481588991104e-14 0.0472455591263936 0.03314563036809293 0.1027149586143715 -0.02169890858832424 0.05428743976329385 -0.03314563036829849 0.1027149586156489 0.02169890858855416 0.05428743976400677
5.364279688168108e-14 7.009417206218899e-14 -1.095648706623764e-13 1.340340541293204e-13 -96.00000000000205 -95.07985365696267 -36.66060555964574 -85.04200642707671 -0.2651650429432258 -0.8217196689158999 0.1735912687059498 -0.4342995181055804 119.0591042822885 -100.025694243661 -77.94247964960223 45.53463409083275
5.028461091360703e-13 2.392237104699504e-13 -5.533347167838958e-13 1.454130806681397e-12 -94.65727652960373 -474.4722222222427 -41.31182235954699 -419.0142937837138 -88.98227990534937 -55.75831597478454 131.2822505020147 51.02466766251283 356.713488396253 -300.8886667861278 -233.5237945696499 135.3520719336726
1.405807038742275e-14 2.966065179146868e-14 -2.073484439244506e-13 5.85714568749795e-14 -36.66060555964609 -41.31182235954742 -37.99999999999916 -36.95041722813598 4.69418035366084e-13 -7.774410245423573e-13 -1.767061203325159e-13 2.000966850312463e-13 51.84592558726351 -43.81780460040912 -33.94112549695389 19.59591794226527
4.51749219410429e-13 2.381109971059469e-13 -4.924130722691895e-13 1.240585980285528e-13 -84.6640419540722 -419.4335565294938 -36.9504172281356 -435.1527777777592 -79.85125594951225 -50.68702864147073 117.5946442921974 45.20695697430044 319.3173287030336 -269.9382797464804 -209.0422613561029 120.6316803008606
3.865512300578745e-13 -1.377667359387363e-13 -2.817362130956804e-13 5.717473510238011e-13 -4.630273666112284e-13 -84.46282172629634 2.574416554693814e-14 -75.54584438057535 -317.0000000000131 -335.52623912724 -75.28517213141865 -240.007440360871 52.99999999999813 -44.79317550060559 -34.69664454752095 20.03211706948851
6.503938102998248e-13 -4.778875430757338e-13 -8.907145734311289e-14 4.945643860913521e-13 -1.027305426274834e-12 -51.85449728699155 2.435073926181288e-14 -46.38007234911542 -328.3424279620592 -580.1666666667209 -102.6340586745118 -476.6551572037545 32.53843880703354 -27.49999999998547 -21.30140840413102 12.2983738762436
-1.629573139272276e-13 -3.576778754957072e-14 3.755186996033676e-14 1.037044623347081e-13 -1.015538768660598e-12 131.4534138012342 5.690232531355405e-13 117.5755076535819 -73.321211119293 -100.6975670014098 -163.999999999993 -142.0281662206475 -82.48636250919849 69.7137002317213 53.99999999999473 -31.17691453623755
3.825720799250335e-13 -4.414121889940571e-13 9.030143175234367e-14 5.395622405378661e-14 1.207439799256912e-12 50.06939628600561 3.539882277050715e-13 44.78342947515296 -233.1568342875809 -482.5248356446835 -141.8116598697028 -635.2083333333404 -31.41829681889558 26.55330723281071 20.56810333988241 -11.87500000000156
-2.388580885179077e-13 4.414265928936627e-14 5.925941718503936e-13 -7.60874307367871e-13 118.793939239348 356.9749446545446 51.84592558726249 319.2880970047016 56.00000000000242 35.49647869857557 -82.48636250919915 -31.74901573277734 -656.0000000000034 52.39956379311221 100.8166652890238 -397.618625605724
9.460069912373018e-13 6.390674184079446e-13 -5.830735670245287e-13 1.927435521845285e-13 -100.399203184086 -301.6988933062379 -43.81780460040871 -269.8476936676715 -47.32863826479471 -29.99999999997885 69.7137002317223 26.83281572999713 59.16079783093122 -842.6666666666802 -302.092701004163 -372.6779962500093
2.506051204127636e-13 1.598064978824004e-13 -3.372912090604747e-13 1.30940360162587e-13 -77.76888838089887 -233.6949578688708 -33.94112549695283 -209.0231247174886 -36.66060555964785 -23.23790007722946 53.99999999999527 20.78460969082759 100.8166652890236 -302.0927010041646 -247.9999999999925 -20.78460969082532
3.344667039625864e-13 3.310598829191547e-13 1.027075313876894e-13 -6.3680578808663e-13 44.89988864128983 134.9238468338539 19.59591794226558 120.6795573225029 21.16601048851789 13.41640786499064 -31.17691453623799 -12.00000000000107 -391.5711940375805 -379.3862001825174 -20.78460969082724 -675.3333333333435
