# Created from matlab git hash 00e16b208fbf08652b67ace82ddc532522841f31
# name: foo
# type: matrix
# rows: 12
# columns: 12
0.2573692892916902 -0.3682904799074906 0.4218546700678666 -0.3355252109517178 0.2619389494720916 0.1700938574506204 3.468178845399982 0.3865833982461353 3.719663811548578 0.01358518509623895 0.01260542023772407 -0.00537671180594095
-0.4069144812591903 0.6570502235831038 -0.6882661673423083 0.6154840348507894 -0.4249667072548074 -0.3079059457573545 -5.962694890399213 -0.6707187074536742 -6.402556988065629 0.02716798472008318 0.01797640002638701 -0.01299912042639667
0.4863675103672722 -0.7892228533896135 0.9180967336758602 -0.7436238770783832 0.5823484830721006 0.3693042264945287 7.580352772587368 0.868739024065837 8.159331862200784 0.03122561887229061 0.026734540975696 -0.01381474953831216
-0.4455732804903151 0.7276009686286369 -0.8578474695174798 0.7407663148470311 -0.5833083783183887 -0.4127897718336943 -7.399826041608335 -0.8728716007013553 -7.99559768116468 0.110318744432768 -0.02886740869772427 -0.03747138523874824
0.3350529385830813 -0.5483753400730402 0.6497742987419601 -0.561348588784547 0.4639511503858223 0.3330592302959998 5.685268803287627 0.6771904612778257 6.151087348667792 0.03310989822587569 0.01964609458503451 -0.002592102359420513
0.2149552487352997 -0.349293394454145 0.4071360675793612 -0.3971566835817043 0.1947928795557466 0.152554451468369 3.391332809402802 0.3885520824044189 3.650226378587669 0.0498022328699802 -0.05990543954203961 -0.01940379373469181
-0.545126183008947 0.8973064404429254 -1.078779285029564 1.13804804087415 -0.7763876636403668 -0.3596206876684001 -10.06286552750027 -1.371654872054876 -10.90046093682885 -0.08246215412431424 0.06387490992417977 0.03687819643861112
0.4008509411597335 -0.6617673756901752 0.8015801274516208 -0.667029731949683 0.5875442641516821 0.435970329749316 7.538382788017805 0.984072721198562 8.417759794799826 -0.07230349799338276 0.0560060487194185 0.03233510730484257
0.2759887203495217 -0.4521625485792141 0.536695862793437 -0.5152529696520891 0.3734196937890306 0.2137345847595693 4.56736121621466 0.4194325919561646 5.009100222856985 0.01380056073175795 -0.01068986837699137 -0.006171798384769001
-3.943517149036739e-05 5.809968030113366e-05 -7.190288166250268e-05 -0.001002188887573096 -0.001016490988138389 -0.0001795019411658273 -1.236668102991278e-19 -3.112846081159554e-19 2.00323292025642e-19 -0.1128225246480921 -0.001323979017283728 -0.111388999806083
7.766073808543582e-06 -1.09321496201138e-05 2.798682910176868e-05 0.000248723790103566 0.000249654657632168 3.446718619507455e-05 5.166900978251232e-20 9.052664623780335e-20 -7.358598729271734e-20 0.09926359153458048 0.01196982091021822 0.1236531230714047
3.432684449531674e-05 -5.069890056667549e-05 5.758605977672067e-05 0.0008533277074722397 0.0008664444099400345 0.00015646676066002 1.211257114573649e-19 2.661801036746639e-19 -1.838061495541832e-19 -0.07998035503984025 -0.1313057010905732 -0.06050775344329983
