# Created from matlab git hash e3d28e3d9936e8692f581d15f2e77c245ebc3f89
# name: foo
# type: matrix
# rows: 64
# columns: 64
0 0 0 0 0 0 0 0 0 0 0 0 0 0 0 0 0 0 0 0 0 0 0 0 0 0 0 0 0 0 0 0 0 0 0 0 0 0 0 0 0 0 0 0 0 0 0 0 0 0 0 0 0 0 0 0 0 0 0 0 0 0 0 0
-0.002886751345948067 8.131516293641283e-20 0.001290994448735778 -2.846030702774449e-19 1.341530781861361e-17 -2.12630680749247e-17 3.234988232153624e-17 -1.939027822854544e-17 -1.821459649775647e-17 -3.307409549143867e-17 2.626479762846134e-17 1.768604793866979e-18 8.843023969334896e-18 -1.283763134858618e-17 8.748156279242414e-18 -1.228705993287088e-17 -1.03812358015487e-17 -1.69000013636178e-17 1.095044194210359e-17 -7.182839392716467e-19 -2.954450920023e-17 -4.317835151923521e-17 3.01950305037213e-17 4.662069341687669e-18 -5.963111948670274e-18 -2.279535067650773e-17 1.496198998029996e-17 -3.903127820947816e-18 4.113191991866882e-18 -6.974469287691909e-18 2.087089182034596e-18 -5.136407792150077e-18 -4.90504646165233e-18 -6.817503494653846e-18 5.114384935521465e-18 8.673617379884035e-19 -1.814830699399478e-17 -2.220388345130781e-17 1.331196979904858e-17 3.523657060577889e-18 -7.956403053260417e-18 -1.788766824989592e-17 1.123673907827555e-17 -1.409462824231156e-18 -4.758317559431912e-17 -5.359508329522979e-17 3.879919118193048e-17 1.452830911130576e-17 -6.350684413782659e-18 -1.725128180871192e-17 1.227456619689888e-17 -1.355252715606881e-18 -1.356095715428355e-17 -2.350185556385662e-17 1.722187388357443e-17 3.903127820947816e-18 -3.90717670573111e-18 -1.12282158092438e-17 5.24143987760961e-18 -1.301042606982605e-18 2.148671636075122e-18 -2.666353838838131e-18 6.030874584450618e-19 -1.92445885616177e-18
-9.75781955236954e-19 -0.003872983346207325 5.421010862427522e-19 0.002535462764185496 -2.276824562219559e-18 -1.410411501132081e-16 -7.182839392716467e-19 6.301925127571995e-19 -1.322049024074512e-17 1.147221423761224e-17 -3.316472801679488e-17 2.106062720053092e-17 1.493488492598782e-17 -3.529078071440317e-17 3.027973379844673e-17 -1.717444003852819e-17 1.723881454251952e-17 3.534499082302744e-17 -2.99781900692242e-17 1.409462824231156e-18 -8.355132991716419e-18 1.386762341244741e-17 -6.965998958219366e-18 1.359318473753701e-17 -2.106062720053092e-17 -3.637498288688867e-17 2.352718714293545e-17 0 1.146543797403421e-17 -1.780802068307441e-17 1.198043400596482e-17 -1.401331307937514e-17 1.255965895809896e-17 2.022672326395906e-17 -1.654763565756001e-17 -1.626303258728257e-18 3.075756625981656e-17 4.499523719109569e-17 -3.207883177841486e-17 -4.87890977618477e-18 5.034697664030557e-18 2.146519131196326e-17 -1.273598739491566e-17 4.607859233063394e-18 -3.392803705116901e-18 3.107737413696426e-18 2.124358631713785e-18 6.071532165918825e-18 -8.819717328395601e-18 -8.996998677277966e-18 1.103514523682902e-17 6.23416249179165e-18 -3.07659704148401e-17 -4.332351179057092e-17 2.847385955490056e-17 8.565197162635485e-18 -8.189127768944377e-18 -2.713110057526568e-17 1.777329233223698e-17 -2.114194236346734e-18 5.885859896902722e-18 -7.935639924588726e-18 3.110304982317791e-18 -6.613633252161577e-18
6.559423143537302e-18 -1.084202172485504e-19 -0.005070925528370972 6.505213034913027e-19 0.001874999999999964 -1.617494116076812e-17 -0.0032732683535399 -1.502975261608031e-17 8.286407592028147e-05 3.643088706140746e-17 -0.000144659390589414 -1.402686560653121e-17 8.286407592030052e-05 -8.494724021423927e-17 -0.0001446593905894258 -1.004919888622502e-17 3.662109374993552e-06 -2.835188681049594e-17 -6.393102252967315e-06 -1.24683249835833e-17 3.662109374960674e-06 -1.222437949477406e-17 -6.393102253002985e-06 2.135878279796444e-17 3.662109374968053e-06 1.23497403709677e-18 -6.393102253007593e-06 2.553296116203363e-17 3.662109375012119e-06 -3.117081245895825e-17 -6.39310225298e-06 -2.041010589703962e-17 1.618438982635504e-07 -3.158162343837659e-17 -2.82537872217992e-07 1.409462824231156e-18 1.618438982665436e-07 -3.40511479960965e-17 -2.825378722195776e-07 -7.589415207398531e-19 1.618438982955369e-07 1.655324725083557e-17 -2.825378722582836e-07 -4.662069341687669e-18 1.618438982290702e-07 -1.879777868194106e-17 -2.82537872228485e-07 2.992397996059992e-17 1.618438982856141e-07 3.650669651018672e-17 -2.825378722680991e-07 8.890457814381136e-18 1.618438982506304e-07 -1.457341361574705e-17 -2.825378722262455e-07 1.753697013995303e-17 1.618438982645766e-07 -3.602431124672539e-17 -2.825378722184257e-07 2.222614453595284e-18 1.618438982913405e-07 -1.502043525366051e-17 -2.825378722361117e-07 -1.170938346284345e-17
-2.168404344971009e-19 -5.204170427930421e-18 1.734723475976807e-18 -0.003124999999999915 3.144186300207963e-18 0.01028271009919768 2.927345865710862e-18 0.02039433302278887 -0.0006629126073624421 -3.230922474006803e-16 0.001157275124715899 9.432558900623889e-18 0.0006629126073624402 -3.551846317062513e-16 -0.001157275124715897 -2.099286456475058e-17 -2.929687499998214e-05 -1.72930246511438e-17 5.114481802401743e-05 1.057097118173367e-17 -2.929687500003992e-05 2.38524477946811e-18 5.11448180241297e-05 6.071532165918825e-18 2.929687500002214e-05 -7.746624522408929e-17 -5.114481802411485e-05 -3.989863994746656e-17 2.929687500000295e-05 -6.369687763352339e-17 -5.114481802402984e-05 -8.782037597132586e-18 -1.294751186248777e-06 2.391682229867242e-17 2.260302977929924e-06 8.673617379884035e-18 -1.294751186215186e-06 1.330349946957604e-17 2.260302977950422e-06 -2.070826149447313e-17 -1.294751186201263e-06 1.086912677916718e-17 2.260302977956033e-06 -3.447762908503904e-17 -1.294751186317289e-06 5.680372350876789e-17 2.260302977948254e-06 4.77048955893622e-17 1.294751186283284e-06 -1.20649678941008e-16 -2.260302977923805e-06 -5.941427905220564e-17 1.294751186208858e-06 -9.098827919405694e-18 -2.260302977962633e-06 2.461138931542095e-17 1.294751186226793e-06 -2.287835990533865e-18 -2.260302977958283e-06 1.919037845299343e-17 1.294751186266801e-06 -2.353057527472446e-17 -2.260302977941864e-06 -1.398620802506301e-17
1.122149248522497e-17 -2.114194236346734e-17 2.779894370252833e-16 -1.496198998029996e-17 -0.01253645477847356 0.02222222222222326 0.001290994448735282 0.01987615979999829 0.02854230819686574 0.0235702260395499 -0.01939850724497466 -0.01054092553389483 0.000653640645729791 -3.430957774830379e-16 -0.001141088661469299 -2.366271241449613e-17 2.888710831589543e-05 1.81603863891322e-17 -5.042947065370373e-05 -6.505213034913027e-18 0.03946941899564694 0.03333333333333056 -0.02587031844536971 -0.01490711984999896 2.888710831594216e-05 -8.109832250191573e-17 -5.042947065378716e-05 -4.293440603042598e-17 2.888710831591728e-05 -5.930585883495709e-17 -5.042947065371614e-05 -5.908901840045999e-18 1.276641886187327e-06 -1.965624657398329e-17 -2.228688791905802e-06 -8.023096076392733e-18 1.276641886148237e-06 -8.636347930204846e-18 -2.228688791922377e-06 2.179246366695864e-17 1.276641886131881e-06 -1.39252216528607e-17 -2.228688791922322e-06 3.415236843329339e-17 0.05577861174415832 0.04714045207909928 -0.03651706585580276 -0.02108185106778979 1.276641886213207e-06 -1.262756717766711e-16 -2.228688791885134e-06 -6.375108774214766e-17 1.276641886148467e-06 -1.673737103774497e-17 -2.228688791935712e-06 2.55871712706579e-17 1.276641886163952e-06 2.010856216781709e-18 -2.228688791932189e-06 1.973247953923618e-17 1.276641886200817e-06 -2.033217886589223e-17 -2.228688791914631e-06 -1.26851654180804e-17
