# Created from matlab git hash 44e5d814ece930399b58c9298dbb19a28bd9b520
# name: foo
# type: matrix
# rows: 64
# columns: 64
-0.6729472305257866 0.8884506648706386 -0.9680994381236371 1.004363966192542 -0.8573124967973947 0.7056328663442312 0.6238424763303998 -0.3327599890982224 -1.004941418735487 0.8225616606665765 0.7464179381116474 -0.3921730393520388 -4.268668498949627e-05 1.106089025559913e-05 7.105533717495593e-05 -7.759145121863089e-06 -1.127778574765279 0.9152899486360961 0.8635037904289995 -0.4437129111241269 -6.036726755663294e-05 1.564128292478952e-05 0.0001004868845163344 -1.097307900069942e-05 -4.141139546394088e-06 6.464222235618626e-07 7.108762858166139e-06 -4.594346687800882e-07 -7.447156378367619e-07 8.312178869819809e-08 1.289012398355703e-06 -5.929756438270001e-08 -1.179956693411976 0.9437068281857686 0.9495216795933005 -0.4706642199293727 -8.535289118428532e-05 2.209276261383815e-05 0.0001420972699168471 -1.551802784764927e-05 -5.855455452961799e-06 9.11791945030879e-07 1.005265346382479e-05 -6.501908295812055e-07 -1.053009569589371e-06 1.169887532424134e-07 1.822834404807406e-06 -8.399772004755985e-08 -2.956771649041914e-07 2.548561685129779e-08 5.13565728915269e-07 -1.840775399507169e-08 -1.076648733601832e-07 7.560251752108306e-09 1.873289636574363e-07 -5.498449431789652e-09 -4.651838002610503e-08 2.761671479270261e-09 8.102453051025077e-08 -2.011665844659926e-09 -2.268381106680932e-08 1.149763969893269e-09 3.953591858263396e-08 -8.605447489385026e-10
1.027058031898931 -1.538916693567361 1.676894240766098 -1.739723986174551 1.485023369853187 -1.222288803178368 -1.080601866914126 0.5764005102429395 1.740771618689082 -1.424855523179795 -1.292939861316135 0.679324868165645 7.393551965732505e-05 -1.915804625158412e-05 -0.0001230714621728194 1.343923105206253e-05 1.953598925894306 -1.585522352120796 -1.495782441432123 0.7686199082813406 0.0001045593157528641 -2.709175510261767e-05 -0.0001740484817944202 1.900590380466668e-05 7.172677920153392e-06 -1.119680532327196e-06 -1.23127468548758e-05 7.957529551263915e-07 1.289888678494754e-06 -1.439864252339326e-07 -2.232637188478847e-06 1.027021236023208e-07 2.044068987498062 -1.63482207966408 -1.644831928392501 0.815336788773698 0.0001478371856004911 -3.826878153993668e-05 -0.0002461207653120168 2.687770954868503e-05 1.014210773856411e-05 -1.579778654919785e-06 -1.741181181285893e-05 1.126041602092346e-06 1.823904728289925e-06 -2.028047287805727e-07 -3.157267105274277e-06 1.454397167024908e-07 5.121392774658177e-07 -4.422090561225513e-08 -8.895303070852802e-07 3.185927242202416e-08 1.864870682899302e-07 -1.313794586890363e-08 -3.244672349958418e-07 9.510501929268153e-09 8.057526008292978e-08 -4.809285087161293e-09 -1.403405828175232e-07 3.476331069196735e-09 3.929125103930754e-08 -2.008272187768487e-09 -6.847934732525388e-08 1.485274468463192e-09
-0.968267147681814 1.986926562773722 -2.165111162591027 2.246269820333511 -1.917452738569777 1.578218066361678 1.39524466579277 -0.7442416652910856 -2.247744837340161 1.839834134150328 1.669452052040928 -0.8771627511960078 -9.545037713005378e-05 2.473298969159718e-05 0.000158884597004044 -1.73499672681129e-05 -2.522676991670082 2.047400576258054 1.931434136760259 -0.9925076408015459 -0.0001349858575979892 3.497597152200915e-05 0.0002246958604447709 -2.453644624470216e-05 -9.259924552989756e-06 1.44561836970746e-06 1.589571263020645e-05 -1.027286104678001e-06 -1.665247789675221e-06 1.859251438428309e-07 2.882327961111343e-06 -1.325768275354986e-07 -2.639718393130507 2.11125345123973 2.124016622614418 -1.05291142379422 -0.0001908612228968992 4.941251742700366e-05 0.0003177433156918338 -3.469819183811648e-05 -1.309381495652234e-05 2.040795890894464e-06 2.247882231559451e-05 -1.45339773109461e-06 -2.35475068538878e-06 2.622697473015789e-07 4.076079647243574e-06 -1.876363713710363e-07 -6.612066050405318e-07 5.729993264581938e-08 1.148403145156954e-06 -4.10706309912349e-08 -2.407693607372436e-07 1.707261830673638e-08 4.188956079731275e-07 -1.224418998476861e-08 -1.04030127133024e-07 6.275780423322219e-09 1.811840363682689e-07 -4.467314122230248e-09 -5.072927114371379e-08 2.636182863495583e-09 8.840937668572403e-08 -1.903946789134065e-09
1.216420944319541 -1.740296823364206 2.719999920747147 -2.65834730825346 2.269285690286428 -1.867816517023279 -1.651219454260782 0.8807970504902599 2.660310039737775 -2.177548617979141 -1.975808375216585 1.038153594505542 0.0001129384641287778 -2.92645710728079e-05 -0.0001879948237875086 2.052874634899911e-05 2.98592169710999 -2.423404481232421 -2.285991093915965 1.174747738984883 0.0001597180633887501 -4.138531093424427e-05 -0.0002658641485666809 2.903179091667656e-05 1.095655126907014e-05 -1.710679059329299e-06 -1.880810122933713e-05 1.215450467587991e-06 1.970363139688428e-06 -2.200595798000395e-07 -3.410426612835394e-06 1.568474312958083e-07 3.124841878877656 -2.49932396601769 -2.514142491337437 1.246382718133815 0.0002258375628785211 -5.847940062038431e-05 -0.0003759638837345778 4.105406561413434e-05 1.54935433338393e-05 -2.417031974000474e-06 -2.659778033071981e-05 1.719123469697791e-06 2.786355720695993e-06 -3.11120381550372e-07 -4.822998445272011e-06 2.217916110038182e-07 7.82408755215813e-07 -6.815937931845074e-08 -1.358847204909759e-06 4.848536099931912e-08 2.849098230534254e-07 -2.039866714829817e-08 -4.956620823966981e-07 1.442750566259215e-08 1.231041278751275e-07 -7.544499700652467e-09 -2.143889125183572e-07 5.249215486238893e-09 6.003163150925589e-08 -3.196326392200945e-09 -1.046125581162394e-07 2.228772393523668e-09
-0.8581062432704047 1.852889667295579 -1.91878389186351 2.830335718264912 -2.327884314722172 1.704278083173869 1.476865011629479 -1.636005904743401 -2.661795003310728 2.178803643822235 1.976780512067175 -1.038714855982805 0.007115122431809856 -0.001843661670481351 -0.0118436736639732 0.001293313047588692 -2.988021751444291 2.42517938085598 2.287365902193977 -1.175541461625577 -0.000159719354305608 4.138768087103264e-05 0.0002658649925138798 -2.903154508022092e-05 0.0006902622562253614 -0.0001077605495159665 -0.001184909841304147 7.657891998552514e-05 0.0001241304236009161 -1.385799957464844e-05 -0.0002148566453584362 9.882181603272865e-06 -3.127811789161176 2.501834354102141 2.516086754006401 -1.247504959318207 -0.0002258526012269322 5.850684465129464e-05 0.0003759737290687866 -4.105128809270764e-05 -1.549501388177671e-05 2.421692549366376e-06 2.65987431621241e-05 -1.718005498777928e-06 -2.786709986445117e-06 3.12717602819562e-07 4.823230356095965e-06 -2.213461444043312e-07 4.9293406989515e-05 -4.26999646657725e-06 -8.560828864459541e-05 3.065691508619077e-06 1.794742201635682e-05 -1.269594027107573e-06 -3.122544779304823e-05 9.137647284498641e-07 7.754374832419407e-06 -4.640735603930159e-07 -1.350440366866389e-05 3.342988346741589e-07 3.782200141268113e-06 -1.96327553883765e-07 -6.590775608080616e-06 1.41308592681657e-07
