# Created from matlab git hash 44e5d814ece930399b58c9298dbb19a28bd9b520
# name: foo
# type: matrix
# rows: 64
# columns: 64
25080.77675636071 -43394.84533606264 55903.24798253427 -65934.7792778696 65515.1658302006 -55311.35422282177 -43118.19942907822 24814.92474213398 91476.67564308456 -77146.48235709545 -60524.65412170371 34721.32838858136 5.776550574822005e-05 -1.941908152782233e-05 -9.308876798117506e-05 1.346250672141366e-05 126097.3802116128 -106112.0849028574 -84322.59321432942 48063.69589621142 0.0002832830537309888 -9.780148118292809e-05 -0.0004548146113572416 6.773427218840404e-05 6.967831456004565e-06 -1.449735689087317e-06 -1.181442764948202e-05 1.024884902989673e-06 7.039006588387478e-07 -1.020231578836301e-07 -1.21110987525378e-06 7.210232198243089e-08 169353.0869823269 -141870.0174759227 -115707.3341297026 65097.88372301599 0.001475500468985021 -0.0005117935474043162 -0.00236704163088995 0.0003543407463450537 3.492825592383228e-05 -7.413194033382268e-06 -5.916758302289331e-05 5.243097007297052e-06 3.271520368404629e-06 -4.969292194734073e-07 -5.625035293462272e-06 3.532764134881594e-07 5.775674918900043e-07 -6.755777376707145e-08 -9.989489209230481e-07 4.818942294482115e-08 1.480288847827799e-07 -1.42438769918331e-08 -2.571352855095181e-07 9.971545449205855e-09 4.869402228907037e-08 -4.001822231535324e-09 -8.458058150647815e-08 3.358891837475721e-09 1.91010472350058e-08 -1.574262045468085e-09 -3.209743774644196e-08 9.553321910715309e-10
-43401.61987761032 75093.88202822189 -96739.8054500569 114099.7842238272 -113374.5585126296 95716.90114286452 74615.94790898824 -42942.34718009815 -158303.2162939163 133504.6569848026 104738.7482410933 -60086.13098704104 -6.124365162928773e-05 2.191136145235646e-05 9.772251511559864e-05 -1.514552451345788e-05 -218219.7768461089 183634.5231928713 145923.5723783485 -83176.96779693066 -0.0003847824973293125 0.000137276702924099 0.0006144523907431832 -9.49168703264317e-05 -7.814490093433826e-06 1.724942615980096e-06 1.320684301973202e-05 -1.217849258188245e-06 -6.602162222916413e-07 1.041995410555019e-07 1.132979317027232e-06 -7.324120610597177e-08 -293085.3126980311 245523.8833765026 200240.7073821258 -112658.7561101664 -0.002274325115305751 0.0008012299176045948 0.00363946482996437 -0.0005543205480339926 -4.889056516950233e-05 1.07075273917355e-05 8.267471393759955e-05 -7.569074669657223e-06 -4.16136736176224e-06 6.609373802737278e-07 7.146104508789729e-06 -4.696081144558965e-07 -6.704501173160697e-07 8.288985308458703e-08 1.158365480436017e-06 -5.911833758564055e-08 -1.572668051039373e-07 1.633259729951701e-08 2.731403176344941e-07 -1.131619158852635e-08 -4.748899372616344e-08 4.335895821021558e-09 8.23792284504973e-08 -3.962406858006851e-09 -1.71128084156455e-08 1.76378078895426e-09 2.778281240625051e-08 -9.665915498918302e-10
55929.47476264319 -96770.08323005745 124665.156605764 -147037.7145829446 146105.4336671167 -123350.3857928847 -96156.15239240194 55339.42758621962 204010.0483835813 -172052.1316930827 -134977.2825534211 77434.26184384282 -3.609796029499849e-06 -2.923661317738707e-06 8.8340220462143e-06 1.889075223152365e-06 281237.4598893836 -236666.2090018383 -188057.8611014188 107195.8346158742 0.0002505237180631914 -0.0001011793321321948 -0.0003910831636603917 6.953507325802504e-05 8.94990078677765e-07 -4.93801305200022e-07 -1.383518543156232e-06 3.439639899613876e-07 -3.14949649809015e-07 1.837922616150102e-08 5.513548771493077e-07 -1.433020785586326e-08 377745.0788250734 -316448.3676455453 -258070.4435759564 145199.1264318724 0.00224494242433468 -0.0008234067830431388 -0.003568363527238095 0.0005685717827407294 3.573300224014412e-05 -8.706900148689837e-06 -6.003432962496184e-05 6.144046031925181e-06 1.967354138015242e-06 -3.91358453134852e-07 -3.353749177037974e-06 2.77319684766471e-07 1.447547059554186e-07 -3.081442483289688e-08 -2.464695506819011e-07 2.195936246212029e-08 -8.146851973755241e-09 -2.993559524530266e-09 1.422784140260002e-08 1.689813185385629e-09 -1.59633355182157e-08 -8.581005920280673e-11 2.808138068486107e-08 1.175201110732314e-09 -1.112169380821143e-08 -2.614324275137515e-10 2.196704901278178e-08 -1.923069852766758e-10
-65996.804457828 114189.2912332116 -147107.0175603866 173509.2980427122 -172413.0931273022 145561.3293540519 113467.9444720565 -65303.39786360895 -240752.9812234427 203040.5834198956 159282.561637743 -91379.54118410186 0.0001050971226514804 -2.813223516492194e-05 -0.0001744480396708257 1.972238409313929e-05 -331908.8592518648 279309.8050162395 221930.9195881132 -126507.7891654289 6.079008069110881e-05 5.351005660743564e-06 -0.00011800821198675 -2.674127239835655e-06 1.041252945350021e-05 -1.656465881884584e-06 -1.787391332028906e-05 1.179835669025857e-06 1.765457387356221e-06 -2.037246138634429e-07 -3.055027665440847e-06 1.465149103842035e-07 -445843.892140267 373502.372530667 304574.8924225401 -171371.8397658618 -0.001534048423639366 0.0006266739166514702 0.002390359353972807 -0.0004305797425973503 -1.352590355340576e-06 2.391075971786756e-06 1.341142037246449e-06 -1.662983563713972e-06 2.331673688818438e-06 -1.976237339359353e-07 -4.058669117908944e-06 1.422143331702169e-07 7.466821509883834e-07 -6.470250961901947e-08 -1.297959762973988e-06 4.617478275368211e-08 2.665610678081943e-07 -1.908956127874497e-08 -4.63002511826683e-07 1.415898172855985e-08 1.111257073587813e-07 -6.52686435920062e-09 -1.936773885506833e-07 3.348560096831888e-09 5.290776111021272e-08 -2.068900679916343e-09 -9.520224033498542e-08 1.926400939161983e-09
65639.08717104618 -113571.272813088 146313.1406531917 -172576.8549494883 171493.9205034337 -144786.3225793808 -112859.1054373284 64954.4278748925 239486.8503373612 -201975.2104169893 -158435.9262751971 90897.1919736518 -0.003000192889659039 0.00121279779606989 0.004687086667689201 -0.000833839975582675 330201.6362931837 -277878.4990962597 -220769.9180208682 125853.4306081518 -0.0005528961178372055 0.0001652272690724417 0.0009091756525501233 -0.0001156856364060063 -0.0004272353814223637 0.0001037537491086964 0.000717888591890273 -7.322192533918141e-05 -2.30677669443035e-05 4.791278364728581e-06 3.928658744155013e-05 -3.403197675602987e-06 443628.4141811658 -371657.4311787392 -303022.2535720239 170513.5498081226 -0.0004163909104808545 -6.741476060942046e-06 0.0007836723581733384 -9.716467876293812e-07 -5.894498837243047e-05 1.011796392840788e-05 0.0001010071352869826 -7.195175226415856e-06 -7.863160581870808e-06 1.07411907658845e-06 1.355991460385352e-05 -7.656752111021235e-07 -3.880673256083944e-05 5.231544122022806e-06 6.696840425905199e-05 -3.727661854000717e-06 -7.751373197988156e-06 8.942581157875776e-07 1.342007516262761e-05 -6.385430127573867e-07 -1.870406411529156e-06 1.98558506004996e-07 3.243848281395759e-06 -1.404578047610676e-07 -4.727376715556451e-07 5.121966257238981e-08 8.231103346295122e-07 -3.702962392273902e-08
