# Created from matlab git hash 44e5d814ece930399b58c9298dbb19a28bd9b520
# name: foo
# type: matrix
# rows: 64
# columns: 64
-0.7129472305273475 0.8191686325683122 -1.057542157224923 0.8985339137480407 -0.9631425492412614 0.6161901472431128 0.6931245086355871 -0.2927599890976906 -1.004941418738003 0.8225616607633645 0.7464179381126103 -0.3921730392637114 -0.1497089821565205 -0.1264800455244822 0.09805064504802892 0.05656078334621105 -1.127778574702826 0.9152899532090414 0.8635037903882633 -0.443712907103677 -6.036733082560272e-05 1.564135345110779e-05 0.0001004869271144636 -1.097308163646499e-05 -4.141143154928841e-06 6.464236511192204e-07 7.108761516523766e-06 -4.594284655368059e-07 -0.2116608496021317 -0.1788853550739893 0.1385653536175769 0.07999994071672846 -1.179956690574824 0.9437070362655302 0.9495216777365305 -0.4706640370338752 -8.535564226803724e-05 2.209607634940827e-05 0.000142099070859407 -1.551838054895608e-05 -5.855528608635997e-06 9.119431157039882e-07 1.005270064372942e-05 -6.501699397893717e-07 -1.053026522891984e-06 1.170095953826835e-07 1.822847062387297e-06 -8.398791572378766e-08 -2.956693481063975e-07 2.548928155084746e-08 5.135599416366974e-07 -1.840549288537521e-08 -1.076728912239844e-07 7.563329217196008e-09 1.873339392370631e-07 -5.493298716740976e-09 -4.650808711551452e-08 2.756248017078427e-09 8.101568946647413e-08 -2.020203569359637e-09 -0.2993326136346531 -0.2529822116687724 0.1959592189728457 0.1131370841252212
0.9577759995984975 -1.65891669356852 1.521974906919072 -1.923027013970762 1.301720342055832 -1.377208137026928 -0.9606018669178559 0.6456825425461007 1.740771618694376 -1.424855523332367 -1.292939861317621 0.6793248680243378 -0.2591556924187835 -0.2191081810353951 0.169582556025036 0.09799302894924362 1.953598925794547 -1.585522359720846 -1.495782441367721 0.7686199015948055 0.0001045594156910245 -2.709186679873263e-05 -0.0001740485482189676 1.900590810199025e-05 7.172683842933183e-06 -1.119681976374884e-06 -1.231274496881404e-05 7.95742974551229e-07 -0.3666047657077178 -0.3098388116926278 0.2399977673650155 0.1385641672842531 2.044068982781338 -1.634822432791873 -1.644831925305112 0.8153364782748485 0.0001478417656490519 -3.8274256368503e-05 -0.0002461237646113221 2.687831960528259e-05 1.014222356554734e-05 -1.580016666329178e-06 -1.741188679613375e-05 1.126009961073459e-06 1.823930670601285e-06 -2.02837805432335e-07 -3.157287796494032e-06 1.454241849840071e-07 5.121275816662313e-07 -4.42266682952737e-08 -8.89520585250928e-07 3.185622451010505e-08 1.865007717688829e-07 -1.314240564433436e-08 -3.244757335233811e-07 9.501850238428373e-09 8.055739659514828e-08 -4.799476002914334e-09 -1.403252521253739e-07 3.491220867250292e-09 -0.5184592165672046 -0.4381780480064613 0.3394111864674974 0.1959591809162812
-1.05770986678428 1.832007228928229 -2.365111162591307 2.009626629008086 -2.154095929894032 1.37821806635646 1.550163999644928 -0.6547989461948757 -2.247744837349475 1.839834134313695 1.669452052043987 -0.8771627510427406 -0.3347594609860092 -0.2828179795018723 0.2192479075930896 0.1264737564309288 -2.522676991562372 2.047400585242682 1.931434136690411 -0.9925076328850526 -0.0001349859707990078 3.497608551001063e-05 0.0002246959359260332 -2.453645134533733e-05 -9.259929876512384e-06 1.445615196252084e-06 1.589570823770101e-05 -1.027272725135831e-06 -0.4732880478929415 -0.399999814062674 0.3098415500207535 0.1788853056529494 -2.639718387549323 2.111253888339934 2.12401661896143 -1.052911039169061 -0.0001908666571049846 4.941890573646809e-05 0.0003177468734368093 -3.469897805663299e-05 -1.309394294241328e-05 2.04104464002823e-06 2.247890360828191e-05 -1.453369460542082e-06 -2.354784424942929e-06 2.622954947181442e-07 4.076104635627334e-06 -1.876185745239939e-07 -6.611880750966022e-07 5.729762868263662e-08 1.14838853683612e-06 -4.106675311550094e-08 -2.407865861992674e-07 1.707609451260631e-08 4.189062771968292e-07 -1.223371552198667e-08 -1.040069641497213e-07 6.262004920009525e-09 1.811641933479464e-07 -4.486804308864171e-09 -0.6693280719694005 -0.5656854223200387 0.4381781344403223 0.2529822108972117
1.110590891884823 -1.923599851157226 2.48335672943451 -2.938347308239128 1.989285690298328 -2.104459708332522 -1.467916426475446 0.986627102929706 2.660310039747232 -2.177548618111921 -1.975808375219878 1.038153594379862 -0.3958668589890782 -0.3346932751495272 0.2590416331059798 0.1496868242216916 2.985921697020859 -2.423404490396407 -2.285991093858408 1.174747730885311 0.0001597181586952599 -4.138539596883138e-05 -0.0002658642134546757 2.903179877417119e-05 1.09565586246779e-05 -1.710673744505862e-06 -1.880809613856108e-05 1.21543749832714e-06 -0.5599980296140459 -0.4732866027014697 0.3666026451582822 0.2116602616889524 3.124841873172869 -2.499324449861669 -2.514142487603855 1.246382291838718 0.0002258431478124078 -5.848575264335889e-05 -0.0003759675401944279 4.105499341855067e-05 1.549365195513361e-05 -2.4172184880878e-06 -2.659784897002614e-05 1.719111899531543e-06 2.786382928596276e-06 -3.111280823810393e-07 -4.823020108969968e-06 2.217797938875496e-07 7.823889938630651e-07 -6.815266535726004e-08 -1.358831391127329e-06 4.848531006525959e-08 2.84929346531754e-07 -2.039877741205811e-08 -4.956741491969605e-07 1.441635195921725e-08 1.230765511796827e-07 -7.526294964031651e-09 -2.143653497142522e-07 5.272763206889123e-09 -0.7919595348478067 -0.6693280243852678 0.5184591512037814 0.2993325931719566
-0.9639362957364055 1.669586639465504 -2.155427083234254 2.550335718209058 -2.607884314776797 1.467634897577619 1.660168039467855 -1.530175847117688 -2.661794999696172 2.1788036468924 1.976780509697808 -1.038714857339606 -0.3888646787270181 -0.33650766933896 0.2473859566904885 0.1509596071363098 -2.988021751434919 2.425179387082306 2.287365902188708 -1.175541456064145 -0.0001597142425030221 4.139199570766709e-05 0.0002658616495543455 -2.903349251173646e-05 0.0006902571014160175 -0.0001077563787239978 -0.0011849064765522 7.657687905146719e-05 -0.5598758696607949 -0.473300240761077 0.3663911990042416 0.2116699871338287 -3.127811785256863 2.501834771263633 2.516086751451567 -1.247504590624609 -0.0002258564984767538 5.851077922719063e-05 0.0003759762797953681 -4.105220949475012e-05 -1.549503139591518e-05 2.421662324897957e-06 2.659875201686333e-05 -1.718035828083809e-06 -2.779464853859484e-06 3.18806928147957e-07 4.818491401609995e-06 -2.24090208602267e-07 4.928608911977868e-05 -4.264306895500323e-06 -8.560350210996302e-05 3.062663941277913e-06 1.794746009978683e-05 -1.269805839156638e-06 -3.12254734303586e-05 9.137190952398321e-07 7.754420679860915e-06 -4.641673386035293e-07 -1.350443913882806e-05 3.342545022260443e-07 -0.7919558128871811 -0.6693282177213972 0.5184526652202281 0.2993327322832564
