# Created from matlab git hash e3d28e3d9936e8692f581d15f2e77c245ebc3f89
# name: foo
# type: matrix
# rows: 24
# columns: 24
-5.996901278882903e-16 0.05692342545839884 -0.2046372850079771 0.3792006611991004 -0.3385899840865668 -0.09792032123795766 0.9248902242876058 -0.8161800299858779 -0.2671592863691222 1.516998898659432e-06 5.422470306814565e-05 1.069883658404472e-05 2.060298373975775 -1.87686775322021 -0.7158900939669246 0.000671181962457989 -0.0004132614365806758 -9.876039920180175e-05 -2.762677738544154e-05 3.656049652675317e-05 2.19569611647421e-05 5.44364830704226e-05 4.864742266787178e-05 -2.294757744735914e-05
1.031603573223444e-15 -0.0949620667538828 0.3443043252332511 -0.6426738259839687 0.5746726836181448 0.1638811211831969 -1.586461505430834 1.403129064942021 0.4507132393969512 4.849620660612018e-05 -2.877876038710512e-05 -3.501891989601222e-05 -3.58418429843005 3.26272652830577 1.219719215539978 -0.001058829189283347 0.0006962974837006618 0.0002103380911282885 3.560609999223175e-05 -4.454697535907928e-05 -2.590776898175648e-05 2.460170445516657e-06 -4.820910825019142e-06 -2.253866038792603e-06
-1.312112019633606e-15 0.1128550931824977 -0.4172458269257731 0.7916041778048211 -0.7100919243967637 -0.196214132934768 2.005625709440136 -1.782285814011975 -0.5495260234275356 -0.000198611329490851 -0.0001362115936841743 8.905645122232549e-05 4.665955285029288 -4.241239320942299 -1.519830885097093 0.001090178977209251 -0.0008464964031642781 -0.0003759041545762626 -1.335524490193901e-05 7.506932158056434e-06 1.167272394414e-06 -0.0002606197508575979 -0.000205168638396782 0.0001146714704901487
1.254760160910947e-15 -0.09868780870468583 0.3737694416410738 -0.7888793752788426 0.6539348577742654 0.1198969459528796 -1.909653340418624 1.755907547318405 0.4831080639331447 0.04407243714166131 -0.03499500908348313 -0.01952927344492253 -4.721750599428193 4.282397911987463 1.433755866303585 0.01950785636598941 0.01118013397546827 -0.01750315834963215 0.0634536607858637 -0.0489292211723936 -0.0282548122782959 -0.000696364371895566 -0.0004569951068173329 0.0003222072239118201
-9.893755373401408e-16 0.07265621664833596 -0.2785983496450338 0.5481643526339114 -0.5028475427362432 -0.1283813819686776 1.483649627397216 -1.332562813323368 -0.3733984748788394 0.006056420871032859 -0.005501131740942869 -0.002522134495643294 3.671858575536868 -3.327758261503539 -1.088358044256722 0.0002314675901291052 -0.0006591516788828798 -0.0003051405084421648 0.009658742671083121 -0.007251850837580573 -0.004191734427983461 -0.0006519103004234568 -0.0004190082021627288 0.0003031661435700629
-6.111913590064109e-16 0.05040216227766155 -0.1866655211963971 0.3037740489572103 -0.3241079910111258 -0.1362687361428406 0.9236962450094822 -0.7797217851771419 -0.2606755152747276 0.04051737640642242 -0.03128904349368499 -0.01807407751633112 2.087392560619887 -1.897472611787992 -0.6808354643494605 0.01862516708745679 0.008984643313457382 -0.01638596701016537 0.05729779833652186 -0.04432297494412791 -0.02558785742114504 0.0001046118259414527 0.0001056449078292253 -4.19913444073469e-05
1.500965803510895e-15 -0.1037162729830688 0.4122109995397829 -0.8146514915964576 0.7667561524765477 0.20719889726297 -3.266205004151258 2.133722489715974 -0.149165592808074 -0.02178575527356159 0.01687517347182049 0.009742885946571885 -6.623401382851265 6.261205410776112 1.584947241245313 0.6203536383860633 -0.4986755609336311 -0.2685554962728954 -0.03080971057442164 0.0238650991912404 0.0137785214422987 7.059995078756069e-15 5.384051875564768e-15 -4.230430346067346e-15
-1.286213572487778e-15 0.07085939651923526 -0.2881870861664795 0.6258157822112133 -0.5492686131609412 -0.1031065867878059 1.810894728569243 -1.870398287848742 -0.3898240485638158 -0.0155153107081588 0.01201810799677884 0.00693865788709445 5.312673577502054 -4.801520585232579 -1.288873730687338 0.1435235531017658 -0.1250349077262218 -0.05659180408060376 -0.02194196282790336 0.01699617132311431 0.009812744088594212 -5.204714017206316e-15 -4.019764445774473e-15 3.140739569719344e-15
-1.011788161958025e-15 0.06040994376838726 -0.2325035691741779 0.4449007275065579 -0.4172029011982806 -0.1199994734504801 0.5642893449719312 -1.265534258870617 -1.001627137656631 0.01214819128218639 -0.009409948504494654 -0.005432836302127936 3.172408280688348 -2.618549365825552 -1.076122560561501 0.6062649295963645 -0.4608106708102376 -0.2730158880137761 0.0171801368695753 -0.01330767679628547 -0.007683190780623436 -3.357931996194433e-15 -2.573143716751894e-15 2.073442930388791e-15
1.263078956383345e-17 -6.815806735345741e-05 -0.0002984769198522238 0.04075457906811709 0.006519092779065072 0.03716570746148094 -0.01952582822002336 -0.01386425471146001 0.01091526980423876 -0.0732229100304489 0.02296026766618615 -0.01412426740805656 -1.234811011783247e-16 1.005142558832763e-16 5.60156641921248e-17 -0.01380684554266251 -0.007129824380051264 0.01234921807529265 -0.04762510429353106 0.04804587476392434 0.01679489278336495 0.02642809010592338 -0.02345910630922645 -0.01169296100003761
-1.984982602644509e-17 -5.789440479547788e-05 -0.0002128825527853482 -0.03222510224866123 -0.005838942194659815 -0.02836220406089134 0.01500104416824865 0.01065144561054691 -0.008385838623420018 0.02342186948664306 -0.03288582432826004 -0.01646008110596746 1.088399806376803e-16 -8.728466604017086e-17 -4.827557548656302e-17 0.01060734005624779 0.005477606851386966 -0.009487493370490065 0.04532801128864671 -0.03453563676225314 -0.01988313810637438 0.007283148138425393 -0.008363658411954206 -0.003130886725757869
-1.83006681477857e-17 2.812246538146898e-05 0.0001376222700334812 -0.01874455276121832 -0.002975779930011271 -0.01711188145776197 0.008993081228451548 0.006385509868628392 -0.005027285238498639 -0.01370433745988381 -0.01926943127001456 -0.0382189822447916 5.870031492623276e-17 -4.720689430460687e-17 -2.752801168378009e-17 0.006359068720399692 0.00328380896686586 -0.005687723972962208 0.03158435049939034 -0.01354249025261669 -0.01780995300801493 0.02643929624300011 -0.01982335883223955 -0.01180848165717044
1.36912109351225e-15 -0.0876468969273726 0.3691963980080874 -0.797875647739284 0.7287163255461151 0.1518088786040847 -2.393194799040532 2.386922018155529 0.6082873866185412 -8.195454791045656e-14 7.325283112954828e-14 3.695500822790556e-14 -15.12393097826624 6.300654866981159 -4.010792134003161 -0.1414384312699788 0.1095577377644003 0.06325318939014497 -1.251681370571562e-13 9.69255511744273e-14 5.452976684381087e-14 6.87124295060824e-15 5.262522860696475e-15 -4.155689763722894e-15
-2.069180986888013e-15 0.05420408504672954 -0.2339949826295111 0.5161168931531764 -0.4726259904463677 -0.09388422927880578 1.813468617459655 -1.600390211549582 -0.1927181304923434 5.93082849277088e-14 -5.254541416041177e-14 -2.672193668475325e-14 6.683720424244279 -8.711398731092222 -0.7472871651312002 -0.05757445899108767 0.04459698416792045 0.02574808081435122 9.039311341695024e-14 -6.981744430408734e-14 -3.937586456883602e-14 -4.657511749486931e-15 -3.545940771324211e-15 2.854644338500365e-15
-2.037893887683699e-15 0.05398385408987783 -0.2233239687946031 0.4751387394699771 -0.4330591792314327 -0.09350277807211918 1.265109226053752 -1.380926877873994 -0.4790875215091967 4.473636415573392e-14 -4.087824003553582e-14 -2.018073717737473e-14 -1.072208672028802 -7.079586739746863 -7.556151021457824 0.1696733737792784 -0.1314284301883558 -0.07588023954845306 6.936600367786816e-14 -5.376169960153053e-14 -3.013676985845565e-14 -4.531889408078981e-15 -3.452784182594876e-15 2.668928749626996e-15
