# Created from matlab git hash 00e16b208fbf08652b67ace82ddc532522841f31
# name: foo
# type: matrix
# rows: 64
# columns: 64
-6.938893903907228e-18 -0.5773502691896188 -1.406469092158205e-17 1.333323241152922e-15 -2.309475540839609e-18 7.032793937872458e-16 9.696957500547582e-18 1.344417909501263e-15 -2.444234768022449e-18 2.84807750063137e-16 3.579622262364255e-17 4.596016167393494e-16 -7.905230986273516e-18 2.672483931576408e-16 -3.487717515592499e-17 4.529116990535014e-16 -2.236526918289921e-17 1.354506305834712e-16 1.933999218507234e-16 1.445276860644342e-16 -4.698193450577688e-18 1.389826098418234e-16 6.362714718336222e-17 1.315252477872081e-16 1.335388799453905e-18 1.30299515704669e-16 -6.197677555868035e-17 1.403518669262216e-16 6.403801847571242e-18 1.347571770364617e-16 -1.840935506358678e-16 1.396820924675629e-16 -8.279784450090157e-18 3.737263208291772e-17 6.030019961334044e-16 2.592163568749583e-17 -3.679904200040069e-18 4.149527774601267e-17 4.267887425806659e-16 2.647865720059128e-17 1.226634733346694e-18 3.675420074920272e-17 2.593215128674791e-16 3.766681494266148e-17 3.449910187537527e-19 3.870843373954834e-17 8.512939926573847e-17 3.436092776288801e-17 -3.066586833366742e-19 2.081591270150744e-17 -8.6579838066027e-17 3.278682635137535e-17 -1.533293416683362e-18 2.335201059542716e-17 -2.571951858651575e-16 3.303642459852841e-17 4.293221566713411e-18 2.919925140640613e-17 -4.276600599066652e-16 3.192787556818843e-17 8.8931018167635e-18 3.1381735000596e-17 -6.041093391419469e-16 3.509857539743035e-17
-0.5773502691896191 6.597370219574294e-17 -0.5163977794943148 1.576972475285155e-17 1.449075877901207e-15 -1.337635421873974e-17 -7.763260884767714e-15 -7.216472441114643e-18 2.764132719295418e-16 -5.506562719828512e-16 -1.429198691902181e-15 -9.294925029131592e-16 2.712608761046001e-16 5.316713070399432e-16 -1.440221978677748e-15 9.039655215367239e-16 8.032405673580252e-17 -3.59022688935065e-16 -5.016467926818868e-16 -4.371368752291757e-16 7.150742198427586e-17 -1.26732939474163e-16 -2.829835432822947e-16 -1.406143433165613e-16 6.635057946208829e-17 1.233184250243892e-16 -2.791752831514394e-16 1.460444444590756e-16 7.389805281283444e-17 3.70091142368349e-16 -4.816297100723732e-16 4.575786478110143e-16 2.221299381704398e-17 -1.105545884282297e-16 -9.615246966687696e-16 -9.848392108452333e-17 1.364581742196158e-17 -8.301796457227837e-17 -5.100629120458056e-16 -7.29582461089228e-17 8.544473031077895e-18 -4.63335886442281e-17 -2.16460963736731e-16 -6.127962135132488e-17 9.599204801290618e-18 -1.590314234923046e-17 -6.597370219574294e-17 -1.738089478438934e-17 7.738007658088521e-18 1.204314283792074e-17 -6.554002132674874e-17 1.641904817248293e-17 7.182053834913638e-18 3.784338952319004e-17 -2.141841391745114e-16 5.805549227433871e-17 1.321666745123962e-17 6.978769891869797e-17 -5.103881726975512e-16 8.104025026726208e-17 2.208155808161711e-17 1.018068623361279e-16 -9.627715291671279e-16 1.147216158551168e-16
-1.387778780781446e-17 -0.5163977794943146 -7.741034104957051e-18 -0.5070925528370996 9.754954198727656e-18 2.978136962735801e-14 4.797594613248357e-18 1.607339331100912e-15 -8.301846678400243e-16 3.227489423001802e-15 4.016517580497907e-15 1.116459599175614e-15 8.276260724739446e-16 3.22035748499526e-15 -4.029620333158984e-15 1.125342503176642e-15 -3.053608831993324e-16 9.412844208776545e-16 1.239405713476804e-15 8.531119703678464e-16 -9.661850719445628e-17 1.875042954018954e-16 3.128160436845911e-16 -1.675065886710503e-17 9.597942083575291e-17 1.933454346061611e-16 -3.121689105128889e-16 -2.280125343735891e-17 2.992279411447377e-16 9.382380668828544e-16 -1.235448375547232e-15 8.66323725581323e-16 -6.065433528698594e-17 2.58026564524394e-16 1.124317652867468e-15 3.105845353850497e-16 -3.53754840091286e-17 1.21332387496495e-16 2.565222340100703e-16 1.408086395691868e-16 -2.109112038663208e-17 3.005950523216061e-17 -6.288372600415926e-17 2.33111937413856e-17 -7.287871478176e-18 -1.641211038599932e-17 -5.567378155713065e-17 -2.885333031527049e-17 6.35613523619627e-18 2.388632911257127e-18 5.762534546760456e-17 -2.84916472467929e-17 1.963422371735468e-17 3.883476656571516e-17 6.310056643865636e-17 2.654008333631899e-17 3.286149022167784e-17 1.191097730428997e-16 -2.545706700995964e-16 1.430270188580458e-16 5.798109930545137e-17 2.50342281626903e-16 -1.118246120701549e-15 3.045341790428122e-16
1.40165656858926e-15 9.974659986866641e-18 -0.5070925528370995 7.055867168689577e-18 -0.2499999999999925 3.542751036093573e-17 0.4364357804719688 -1.856857851473119e-17 -0.01104854345603804 -1.072548207476724e-14 0.01928791874525487 -7.820980697569995e-16 -0.01104854345603806 1.07297602131907e-14 0.01928791874525489 7.897483472595084e-16 -0.0004882812499992383 -2.277854554283421e-15 0.0008524136337315958 -1.165587109760947e-15 -0.0004882812500000143 -2.693252428869375e-16 0.0008524136337345211 2.240194887113343e-16 -0.0004882812500000069 2.730927395572062e-16 0.0008524136337345159 -2.240969657562285e-16 -0.0004882812499992527 2.266861760693954e-15 0.0008524136337316091 1.172313504274212e-15 -2.157918643742282e-05 -5.324245818533191e-16 3.767171629802391e-05 -5.368189887836744e-16 -2.157918643751604e-05 -1.52452377978618e-16 3.767171629938436e-05 -9.909099636749158e-17 -2.157918643756568e-05 -5.929230630780102e-18 3.767171629958387e-05 5.978358541720852e-17 -2.157918643759428e-05 1.352203396996765e-17 3.767171629946752e-05 3.839452119137974e-17 -2.157918643759039e-05 -5.129631528572043e-18 3.767171629946633e-05 -3.888558854255042e-17 -2.157918643756451e-05 2.081668171172169e-17 3.767171629958114e-05 -5.428972972131713e-17 -2.157918643751895e-05 1.627251935629181e-16 3.76717162993874e-05 9.398338769554815e-17 -2.157918643742895e-05 5.282504034892499e-16 3.767171629802911e-05 5.222567983544785e-16
0 1.498801083243961e-15 2.89346454782069e-18 -0.2499999999999925 2.814266967252413e-19 -0.4507489358551748 9.485413756532557e-17 0.2204792759220466 0.08838834764831564 2.100727344221632e-14 -0.1543033499620861 -1.670360089292913e-16 -0.08838834764831566 2.102008820367533e-14 0.1543033499620862 -1.757869710051715e-16 0.00390624999999847 6.028191184073717e-15 -0.006819309069869646 6.534939656196916e-16 0.003906250000000055 -1.673079806207428e-15 -0.006819309069875201 1.081406963759565e-16 -0.003906250000000056 -1.672987479616177e-15 0.006819309069875195 1.009881384111044e-16 -0.003906249999998457 6.024667527013139e-15 0.006819309069869637 6.418985080882539e-16 0.0001726334915002475 1.117270338746312e-15 -0.0003013737303929447 6.714870630017411e-16 0.0001726334915005753 1.832301671500502e-16 -0.0003013737303948644 -1.714089753381692e-16 0.0001726334915006786 -3.407105327035698e-17 -0.0003013737303948025 -6.622950614581374e-17 0.0001726334915005677 -2.63352707696729e-16 -0.0003013737303944682 7.295325368111838e-17 -0.0001726334915005838 -2.618890347638736e-16 0.0003013737303944757 6.960577947356938e-17 -0.0001726334915006757 -4.572622662457615e-17 0.0003013737303947995 -6.656831932471546e-17 -0.0001726334915005726 1.933674574627897e-16 0.0003013737303948615 -1.74122868901172e-16 -0.0001726334915002559 1.119438743091283e-15 0.0003013737303929551 6.717174559633943e-16
