# Created from matlab git hash 00e16b208fbf08652b67ace82ddc532522841f31
# name: foo
# type: matrix
# rows: 24
# columns: 24
0.140844890839236 -0.193371352602016 0.2478930445335733 -0.2149970052506127 0.1802367757507268 0.09832427749880245 -0.3159575623305536 0.2490882677545116 0.1413982502977826 0.01458836536322923 0.01146699936541121 -0.006444902995954502 3.851050035058795 0.3643657703608669 4.078364658821675 -0.002205383249948345 0.002040457392865352 0.00211293556117964 -5.575169365474333e-05 7.602167468900059e-05 0.0001744964912897222 0.02078859618435133 0.01612289962665232 -0.009251340689826098
-0.2060147304305396 0.3554790675429573 -0.3883913954929182 0.4072311487407859 -0.2842516558125537 -0.1847213189438621 0.5500434414016813 -0.434026225271319 -0.2447698411899091 0.02562855327555479 0.01960455003255465 -0.01156317610041622 -6.65056574106378 -0.6341972203822026 -7.051829919937537 0.003558499657109593 -0.003257309025582431 -0.003258955443433139 8.397291380008009e-05 -0.0001086690558712787 -0.0002266558166353538 0.03600390199244842 0.02786178994016485 -0.01614925208200167
0.2294746110522394 -0.4036185707166916 0.534781593123148 -0.476143050510813 0.4028033739130769 0.2132436005490942 -0.7173014025183871 0.5670331577510421 0.3155822007884575 0.03269340079630348 0.02553367821443037 -0.01458255670440393 8.533047216158916 0.826734715657012 9.070763183444887 -0.003908316653210834 0.003478832561034259 0.00315623000313388 -7.538752387646895e-05 7.997299187015697e-05 9.446110464806149e-05 0.04646048204575649 0.03600127901846716 -0.02079773004904607
-0.1924950335642532 0.3477507901939959 -0.4804405695064409 0.4754202346257304 -0.4070416365154484 -0.2612863052814159 0.7280951957236332 -0.5771148437082579 -0.3148780646852338 0.1028287451073903 -0.02912046410291656 -0.04451346975620071 -8.450757138073708 -0.8387082107283703 -9.018314895843035 0.002863407383876828 -0.002372127331986352 -0.001555162336254326 0.1015033567220429 -0.07797966576225397 -0.04268261333078086 0.0464110452392956 0.03634431789410673 -0.02015923146314717
0.1400043108584639 -0.2556303607505959 0.3589528154349025 -0.3563990094719485 0.32822769374976 0.2168818046568422 -0.5667670589199973 0.4496343158271634 0.2437216929622978 0.02457094943104553 0.02002348696822813 -0.009477122384104576 6.524681124921653 0.6527521296294849 6.972014590862798 -0.001948191409002237 0.001551691868955608 0.0007912296717930793 0.001347197665033134 -0.0003834733701251446 0.002181808905114387 0.035937076528224 0.02824075984222551 -0.01545041391912517
0.100035470021618 -0.176795084749414 0.2356599187645123 -0.27751275131416 0.1144675071633815 0.08273157918345581 -0.3207880622166365 0.2535789384782352 0.1411573005059261 0.04862614084023659 -0.06047183864975361 -0.02141163012115514 3.817017692481827 0.3697302669991962 4.057398390022827 -0.001752735704931092 0.001560909942533018 0.001418805285271088 0.09002554919193087 -0.06959225851387256 -0.03963398813824869 -0.02078339515142285 -0.01601223651169794 0.009468643729939231
-0.1986496632733599 0.3773563907205394 -0.5627696295277481 0.7336992070189621 -0.5370315159319667 -0.1909826441293768 0.9511853270752012 -0.9526599321212561 -0.5342499820341353 -0.05163878510292659 0.03999923094547034 0.02309356675314194 -11.70091181238624 -1.219916787206523 -12.58973324373258 0.193564068620891 -0.1412390908434884 -0.05916538306744599 -0.07302827023800229 0.05656745488682402 0.03265923530627349 9.823253321883385e-13 7.620570841027074e-13 -4.39648317751562e-13
0.1354232727092244 -0.2634677097788878 0.4063175247117238 -0.4357788322481382 0.4041592836884253 0.2365880446678639 -0.8085080865481754 0.7055574543548738 0.487714849258084 -0.04039424750695749 0.03128924957460253 0.01806485666508966 8.998869547602922 0.9536717027087587 9.70959758355313 0.01305810325146146 -0.001190898688514699 0.02235763498853272 -0.05712609266545898 0.04424968110544351 0.02554756529778703 -7.434053372890048e-13 -5.764277943853813e-13 3.304023721284466e-13
0.1157369647746057 -0.21163674784395 0.2976917677821768 -0.3589168669730591 0.2617104893857136 0.1072805004914106 -0.5726573839751172 0.2381345887084943 0.1406869791075676 0.02198666037737507 -0.01703079389659511 -0.009832733440409795 5.349949188094234 0.530464101911325 5.708377049433406 0.16444028257488 -0.1253907280509826 -0.0669639915762341 0.0310938332974658 -0.02408517970616929 -0.01390558498683429 -4.947153797729698e-13 -3.836930773104541e-13 2.211564265053312e-13
-3.943581337229121e-05 5.810030585389561e-05 -6.325462771785538e-05 -0.0009676050231801879 -0.0009830058961474862 -0.0001795043084188426 -8.470329472543003e-22 -1.613597764519442e-19 2.231931816015081e-19 -0.08591640559133808 -0.001134533504538358 -0.08695480581096353 -4.16104935338675e-20 -8.046812998915853e-21 -1.079967007749233e-19 -3.487265249528619e-19 -3.066137259920216e-19 -5.757710594864169e-19 -0.07528259647765538 0.05593509446222288 0.02389318697656379 0.2050251439064662 -0.05412313908327476 -0.08597068505438145
7.766706707161286e-06 -1.093276098255882e-05 1.073915130700607e-05 0.0001797420601306632 0.0001828639645221252 3.446951090313534e-05 2.901087844345979e-20 5.35748339138345e-20 -8.692675621197257e-20 0.07406145676990879 0.01159197381643285 0.1009554558348829 1.209668927797548e-20 2.117582368135751e-21 3.224019155486681e-20 9.885521763287008e-20 8.36239274236249e-20 1.590814108522435e-19 0.05898492640101487 -0.04346830425982445 -0.01727403852913357 0.05315592701814902 0.04054947900041332 -0.01808291875940775
3.432692742910916e-05 -5.069898074791477e-05 5.544792851883579e-05 0.0008447763598586976 0.0008581646792183201 0.0001564670654055821 8.936197593532869e-20 1.609362599783171e-19 -2.473336205982557e-19 -0.08334706674922165 -0.1313525412304934 -0.06354256944844591 3.594596069910437e-20 5.293955920339377e-21 9.571472303973594e-20 3.083812041658942e-19 2.611941691349239e-19 4.778010285065552e-19 0.03225530682857181 -0.02472470259966051 -0.01328709014372495 0.09080870320313059 -0.1155897110434108 -0.04005417319142907
-0.1600613946558981 0.3350480606069316 -0.5680823954374812 0.7507829410044631 -0.6287270434453691 -0.2601974746360895 1.759872352958523 -1.23576027716506 -0.2431291199525907 3.703704010149522e-13 9.912071163853398e-13 -1.467714838554457e-13 -16.18482735069892 -2.265323425996455 -17.57241392527364 -0.2106547152087708 0.1631724407607167 0.09420765259753527 -6.519229600598919e-13 5.089262344881718e-13 2.859934511434403e-13 1.186606368719367e-12 9.130474154517287e-13 -5.258016244624741e-13
0.09431894999675772 -0.2100443322870323 0.3816532851671364 -0.5323274901215832 0.4512430132254713 0.1751695553689721 -0.8331166353352439 0.9353166552800255 0.5952497286894949 -2.615685446016869e-13 -7.167599846980011e-13 1.068034549689401e-13 11.98628241008054 1.536785293636025 13.74998952437912 -0.1843469882992057 0.142794563121265 0.08244247945687588 4.733990977001667e-13 -3.681499549657019e-13 -2.080557948147543e-13 -8.482103908136196e-13 -6.581402089977928e-13 3.770317391627032e-13
0.1051175073945873 -0.2079253093640175 0.3279079259537454 -0.4061988594512016 0.3348549156860715 0.1499021852084027 -0.7855114954051317 0.6098411759284614 0.2293352702798157 -1.940669847044774e-13 -5.100364575127969e-13 7.938094626069869e-14 7.014070434113759 0.3096975680532639 7.777980531804903 0.03636107954897438 -0.02816517110865457 -0.01626116912135589 3.312905505481467e-13 -2.589040093425865e-13 -1.447730824111204e-13 -6.092903959142859e-13 -4.742872761198669e-13 2.731148640577885e-13
-5.650718782525751e-05 6.783704172771213e-05 -3.304759719821275e-05 0.1207256331479173 2.321025901502575e-05 0.1079885171174741 -0.08624573219727626 -0.06703541963701462 0.03792887224640774 -0.08537596279494682 0.06613193641424941 0.03818129129079866 -1.086743271327267e-18 -7.047314121155779e-19 -8.097634975751111e-19 -0.3886877794260609 -0.09239716725315222 -0.198544488717087 -0.1207398444852749 0.09352468138302694 0.05399649997236534 1.767249541151372e-17 1.31188462870746e-17 -7.480994990149981e-18
