# Created from matlab git hash 44e5d814ece930399b58c9298dbb19a28bd9b520
# name: foo
# type: matrix
# rows: 24
# columns: 24
0.8461742744243598 -1.119206673846914 1.22128280517487 -1.063850085122903 0.7884464381727452 0.5234331466488036 -1.285318834282885 0.9452459551658848 0.6422204406392686 -0.0004483195894047588 8.881920431913014e-05 0.0003901184092275562 -1.507730484588429 1.096666422801948 0.7696074210728018 -0.0006340196435269749 0.0001256093232307648 0.0005517107453592965 -7.510027208524937e-05 8.885986288971466e-06 6.652651632004802e-05 -1.908789562417781e-05 1.611276326167751e-06 1.698941638993112e-05
-1.119291296274099 1.938669393616294 -2.115513090472376 1.842831620568762 -1.365775860305068 -0.9066974267883002 2.226505124513888 -1.637421301763491 -1.112478107030587 0.0007765123068962831 -0.0001538393745686397 -0.0006757049057593693 2.611844246426247 -1.89977510393428 -1.333168400034281 0.001098154235592536 -0.0002175617297550535 -0.0009555910420368883 0.0001300774869159349 -1.539097972923399e-05 -0.0001152273063184947 3.306120503171041e-05 -2.790812462096501e-06 -2.942653237894415e-05
1.221610546425281 -2.115891533470435 2.731604223838624 -2.379573959919735 1.763587496869924 1.170759838833862 -2.875096695053106 2.114437010040004 1.436512057931084 -0.001002473077574366 0.0001986057785656117 0.0008723312823336174 -3.37285355871956 2.453355999023673 1.72154999200873 -0.001417711022016105 0.0002808709854100567 0.00123366273052285 -0.0001679293135173922 1.986966939466325e-05 0.0001487578128017699 -4.268183216582024e-05 3.602923396444845e-06 3.798948994834409e-05
-1.064505567623826 1.843777728064481 -2.380306811634842 2.456700242589935 -1.776150188443553 -1.054744373073446 2.876133103888897 -2.115239808872055 -1.436975554053006 -0.01303215000710822 0.002581875119701632 0.01134030667197155 3.374319262150467 -2.454491328020554 -1.72220547451034 0.00141771102208233 -0.0002808709854686306 -0.001233662730549686 -0.002183081076765666 0.0002583057018238979 0.001933851568595663 -0.0005548638190165774 4.683800263165885e-05 0.0004938633691665288
0.7890387951617576 -1.366655282363036 1.764344382866582 -1.776339409942723 1.527465216055514 0.8122497097887905 -2.228110722178066 1.638664992366468 1.113196152134962 -0.01320070921592765 0.002615269366208036 0.01148698339948712 -2.614114904417836 1.901533948053336 1.334183869159438 -0.001098154235646717 0.0002175617298456912 0.0009555910420390336 -0.002211317278528671 0.0002616466551670327 0.001958864209359993 -0.0005620404863153508 4.744381051073101e-05 0.0005002510503153607
0.5235797169914854 -0.9068666716417927 1.170759838833593 -1.054416631822114 0.8119112200803671 0.7098740781117895 -1.285782330404788 0.9456049777182037 0.6424277224064265 -0.002241597946852322 0.0004440960213843139 0.001950592046362404 -1.508385967089712 1.097174157364723 0.7699005617591197 -0.0006340196435392888 0.0001256093232567855 0.0005517107453537362 -0.000375501360566666 4.442993141272716e-05 0.0003326325818832219 -9.543947823322343e-05 8.056381436360059e-06 8.494708193118304e-05
-1.287172818769601 2.229448720230612 -2.878205921560212 2.878205921561262 -2.229448720232448 -1.287172818770824 4.223184711482804 -3.017661537521787 -1.800814868320492 1.5746292602672e-13 -1.616497193145775e-13 1.53118377706682e-13 4.776153699650894 -3.474386120143969 -2.437420323733329 -0.02606430001311322 0.005163750238248396 0.02268061334341418 -1.037983109344525e-13 -2.643138461567105e-14 2.138658861150598e-13 -8.326729580142804e-14 -1.495237895552765e-13 -1.80959346139349e-14
0.9469213937424934 -1.640115964736216 2.117380605757961 -2.117380605759196 1.640115964737456 0.9469213937433967 -3.018418423520014 2.641094108577564 1.385570906785391 -1.299030049365573e-13 1.245432877683098e-13 -1.125565172916582e-13 -3.7006631459774 2.692077043391399 1.888496361041712 -0.02640141843051176 0.00523053873088884 0.02297396679905326 7.905629651016487e-14 2.036691558603427e-14 -1.634582497567878e-13 6.407181911523166e-14 1.152400535095849e-13 1.418703089178645e-14
0.6426350041731282 -1.11307647795027 1.436975554052278 -1.436975554053167 1.113076477950935 0.6426350041738251 -1.799503903316875 1.384216947951532 1.281411860797752 -8.544182668122684e-14 7.340623008150128e-14 -5.860093492065604e-14 -2.134106884194834 1.552356618735225 1.089218379652738 -0.004483195893419836 0.0008881920423581379 0.003901184092875476 4.602209883951251e-14 1.199887257226744e-14 -9.551162669470462e-14 3.7188805418881e-14 6.784753081000284e-14 9.207704213719065e-15
-0.0004483195893677603 0.0007765123068133981 -0.001002473077471107 -0.01303215000712495 -0.01320070921582797 -0.002241597946838902 -1.265461209370507e-17 1.029874837752774e-17 8.20549311966877e-18 0.1394970956175542 -0.01999630980460687 -0.003022636745615485 -1.424300818841522e-17 1.036168354540983e-17 7.330972837480736e-18 3.755382364954581e-19 1.111353313075272e-18 -1.543725977630782e-19 0.008787052773624642 -0.001039698368563532 -0.007783886713909709 -0.004406369498147141 0.0003719571173488006 0.003921943388373549
8.881920426660682e-05 -0.0001538393744776035 0.0001986057784475506 0.00258187511981879 0.002615269366119513 0.0004440960213330797 4.2278973024118e-17 -3.179789024101221e-17 -2.147870670170703e-17 -0.01999630980460768 0.1374531326916265 0.007021447230676381 5.011521673254035e-17 -3.648671509728426e-17 -2.556990873238496e-17 -1.411649790501207e-19 -3.197447694157195e-19 9.04992802480209e-20 -0.00827808058082369 0.0009794759513191262 0.00733302087853085 -0.004348271228961741 0.0003670528384996602 0.003870232309036544
0.0003901184092890489 -0.0006757049058565617 0.0008723312824443768 0.01134030667177994 0.01148698339956432 0.001950592046445613 2.47983598292963e-16 -1.839847914378271e-16 -1.256853423439883e-16 -0.003022636745614593 0.007021447230674521 0.1354642127931089 2.915486842462495e-16 -2.120996537584667e-16 -1.488146826388788e-16 -1.11620913034751e-19 -9.912346813476381e-19 -4.510101321515746e-20 -0.0007434547635970445 8.79667761959931e-05 0.0006585789121630574 -0.0002969379700000655 2.506557640951476e-05 0.000264293293762664
-1.512974344600145 2.620548435396008 -3.383113482740327 3.383113482743984 -2.620548435397883 -1.512974344601908 4.784444970339822 -3.706015138193604 -2.139668837657747 4.058358938535935e-13 -2.22005501943837e-13 6.431920187446078e-14 7.071800689253678 -4.970586712343752 -2.986903911001725 9.356967477383797e-15 -6.160464747738163e-14 -2.218391337014396e-14 -1.272056909332419e-13 -3.631623360492866e-14 2.791097936095538e-13 -9.741215021247574e-14 -2.055754816265279e-13 -3.979944512646769e-14
1.101405278718781 -1.90768990246573 2.462817073993548 -2.462817073994623 1.907689902467839 1.101405278720107 -3.482949307686144 2.697880932870116 1.557622282834756 -1.210236547374174e-13 1.702759658399828e-13 -2.225875329255654e-13 -4.973614256335081 4.458619539654999 2.295654215937454 -4.820602965509402e-16 4.726260655548028e-14 2.824509692362818e-14 1.150848965868845e-13 2.785789194859291e-14 -2.299118491325154e-13 9.384982640392818e-14 1.577259356734909e-13 1.489965983006327e-14
0.7707799838179188 -1.335030093429459 1.723516439513757 -1.723516439514091 1.33503009343079 0.7707799838187812 -2.437420323733396 1.888017664304944 1.09004750672171 -7.618556728691377e-14 1.020573527872035e-13 -1.183470876071743e-13 -2.981660050991816 2.290238380600977 2.286737412114274 -1.526627500672801e-14 2.830535014245788e-14 2.431891543389631e-14 6.79328223477822e-14 1.669003252652385e-14 -1.372247677970865e-13 5.454688294732978e-14 9.443797938631052e-14 9.216245331282039e-15
