# Created from matlab git hash e3d28e3d9936e8692f581d15f2e77c245ebc3f89
# name: foo
# type: matrix
# rows: 24
# columns: 24
138.8585272908502 -238.8213391912563 304.0289511124772 -297.7047016876093 228.9681890506741 135.9337880491208 -403.734697951761 308.2696514400048 188.1060971055849 -6.620942602210216e-06 2.417281391660912e-06 5.412930398904581e-06 -525.3949888445917 395.2129976980277 254.3790527358414 -0.0001266488247928769 4.541687965548261e-05 0.0001039169626049018 -1.782997413616431e-06 4.033554607677511e-07 1.543670067817686e-06 -1.174278876897403e-07 1.924355079016392e-08 1.032777241365803e-07
-238.8213391912563 410.7902880170336 -523.0586329474614 512.329084155562 -394.0780514196657 -233.8669069261983 695.1789571890549 -530.9022331046656 -323.7330571125627 2.802408201143655e-06 -1.371339816125009e-06 -2.154570653096844e-06 905.5252349322293 -681.3932615305794 -438.0744344041143 0.0001376143896769832 -5.277060723531579e-05 -0.0001116007250835352 1.003072335747523e-06 -2.847789116074008e-07 -8.551780167552059e-07 7.020913394543086e-09 -5.138368415567613e-09 -5.523214465004066e-09
304.0289511124772 -523.0586329474614 666.2705740628968 -652.9758391604245 502.3601812997529 297.9061165193838 -886.9692380839784 677.6247581712612 412.6421756951183 7.622483509587425e-06 -2.364822979601095e-06 -6.420418054626657e-06 -1157.522237822064 871.6183872815318 559.0957267214203 -1.773563607517611e-05 1.511038624028237e-05 1.106904332257876e-05 1.718937309588161e-06 -2.987297896554724e-07 -1.510884176402372e-06 1.785674226663507e-07 -2.690948397689135e-08 -1.575715990056671e-07
-297.7047016876093 512.3290841555619 -652.9758391604245 640.4832327948752 -492.8905000409771 -291.9705368941503 871.3785931682658 -666.0837061876998 -404.7972854837279 -3.563205974725854e-05 1.73786771587795e-05 2.731860128511312e-05 1140.377372644846 -859.5934262071244 -549.4994911009795 -0.0001454277900122036 4.365213031537317e-05 0.0001230831488565015 -1.285472592608839e-05 3.716759493508525e-06 1.093589734767788e-05 -1.278442886244682e-07 6.125335777859708e-08 1.05304274450918e-07
228.9681890506741 -394.0780514196657 502.360181299753 -492.8905000409769 379.346394580763 224.6269229841392 -670.941468708776 512.9663334403358 311.5290871109141 -3.876874984387829e-05 1.855921525846646e-05 2.987227489846363e-05 -878.9057293754125 662.7333732432352 423.1627381737507 0.0001547764972217074 -4.898521128100293e-05 -0.0001299777442217862 -1.372013155336094e-05 3.915784398747937e-06 1.168465483112108e-05 -1.781429238108795e-07 7.021019477338111e-08 1.494425989143801e-07
135.9337880491208 -233.8669069261984 297.9061165193838 -291.9705368941502 224.6269229841392 133.201975122616 -396.6158783006694 303.0103387090458 184.5099087973851 -1.809579859234898e-05 7.209793019292504e-06 1.455768663746977e-05 -517.6257367491799 389.7817535099744 250.0090724132419 1.494253481263707e-05 5.676135668634609e-07 -1.453579920359448e-05 -5.303367076414366e-06 1.299962465363693e-06 4.568551910171381e-06 -2.470163540943704e-07 4.738701674409542e-08 2.16121936347649e-07
-403.7346979517609 695.1789571890546 -886.9692380839781 871.3785931682655 -670.9414687087766 -396.6158783006695 1189.146057617166 -909.9594444747274 -550.8302666864598 0 0 0 1564.888207858072 -1181.975433640712 -750.4633088825514 -0.0009908201586234942 0.0004783499875799344 0.0007629430807634908 0 0 0 0 0 0
308.2696514400049 -530.9022331046656 677.6247581712609 -666.0837061877003 512.966333440336 303.0103387090459 -909.9594444747274 696.5859422290351 421.0861408234124 0 0 0 -1199.802650678786 906.8598388199226 574.4263281887334 -0.001076417380301311 0.0005099772471194205 0.0008329078369586321 0 0 0 0 0 0
188.106097105585 -323.7330571125626 412.6421756951182 -404.7972854837279 311.529087110914 184.5099087973849 -550.8302666864598 421.0861408234124 255.8558631016591 0 0 0 -721.045955461236 543.5537029880738 347.3861354836043 -0.0004950615862655765 0.000194292955117242 0.0003997688848821008 0 0 0 0 0 0
-6.620942602210222e-06 2.802408201143657e-06 7.622483509587412e-06 -3.563205974725855e-05 -3.876874984387829e-05 -1.809579859234899e-05 0 0 0 8.223402971733979e-05 -4.724513264123885e-05 -1.927839931006855e-05 0 0 0 0 0 0 3.382609850946874e-05 -1.09594074955508e-05 -2.848222565445842e-05 -4.219073286296177e-06 1.006758385739101e-06 3.656034056985546e-06
2.417281391660907e-06 -1.371339816125009e-06 -2.364822979601093e-06 1.73786771587795e-05 1.855921525846647e-05 7.209793019292501e-06 0 0 0 -4.724513264123883e-05 6.846043223613475e-05 1.826525401759179e-05 0 0 0 0 0 0 -3.024156207831471e-05 9.961658713607574e-06 2.542309105678081e-05 -4.310758019315769e-06 1.017409025913737e-06 3.737484053220252e-06
5.412930398904584e-06 -2.154570653096844e-06 -6.420418054626662e-06 2.731860128511311e-05 2.987227489846363e-05 1.455768663746976e-05 0 0 0 -1.927839931006855e-05 1.826525401759179e-05 5.621048919106555e-05 0 0 0 0 0 0 -7.435569919378783e-06 1.965556808961577e-06 6.372578706328263e-06 -8.647358675480845e-07 1.612452140354667e-07 7.57341905183338e-07
-525.3949888445916 905.525234932229 -1157.522237822064 1140.377372644846 -878.9057293754125 -517.6257367491799 1564.888207858071 -1199.802650678786 -721.0459554612362 0 0 0 2081.420458690498 -1578.194928258094 -988.5950335310441 0 0 0 0 0 0 0 0 0
395.2129976980276 -681.3932615305793 871.6183872815317 -859.5934262071245 662.733373243236 389.7817535099747 -1181.975433640711 906.8598388199223 543.5537029880736 0 0 0 -1578.194928258094 1198.436388889445 747.0376263120654 0 0 0 0 0 0 0 0 0
254.3790527358413 -438.0744344041144 559.0957267214201 -549.4994911009795 423.1627381737507 250.0090724132421 -750.4633088825512 574.4263281887336 347.3861354836043 0 0 0 -988.5950335310434 747.0376263120652 473.9275293120484 0 0 0 0 0 0 0 0 0
-0.0001266488247928769 0.0001376143896769832 -1.773563607517615e-05 -0.0001454277900122037 0.0001547764972217074 1.494253481263708e-05 -0.0009908201586234944 -0.001076417380301311 -0.0004950615862655765 0 0 0 0 0 0 0.002311259626053111 -0.001320516887198154 -0.0005320090989485322 0 0 0 0 0 0
4.541687965548257e-05 -5.277060723531581e-05 1.511038624028236e-05 4.365213031537318e-05 -4.89852112810029e-05 5.676135668634541e-07 0.0004783499875799344 0.0005099772471194206 0.0001942929551172419 0 0 0 0 0 0 -0.001320516887198154 0.001932141601800262 0.0005088355878093767 0 0 0 0 0 0
0.0001039169626049018 -0.0001116007250835352 1.106904332257876e-05 0.0001230831488565014 -0.0001299777442217862 -1.453579920359445e-05 0.0007629430807634909 0.0008329078369586323 0.0003997688848821008 0 0 0 0 0 0 -0.000532009098948532 0.0005088355878093768 0.001593471673215026 0 0 0 0 0 0
-1.782997413616433e-06 1.003072335747524e-06 1.718937309588162e-06 -1.285472592608839e-05 -1.372013155336094e-05 -5.303367076414365e-06 0 0 0 3.382609850946875e-05 -3.024156207831472e-05 -7.435569919378781e-06 0 0 0 0 0 0 0.0001304466936675754 -5.001348867173454e-05 -1.271785471894109e-05 0 0 0
4.033554607677537e-07 -2.847789116074006e-07 -2.987297896554703e-07 3.716759493508527e-06 3.915784398747938e-06 1.299962465363683e-06 0 0 0 -1.095940749555079e-05 9.961658713607577e-06 1.965556808961583e-06 0 0 0 0 0 0 -5.001348867173452e-05 0.000121767735760338 1.800327449272901e-05 0 0 0
1.543670067817686e-06 -8.551780167552059e-07 -1.510884176402371e-06 1.093589734767788e-05 1.168465483112108e-05 4.568551910171379e-06 0 0 0 -2.848222565445842e-05 2.542309105678081e-05 6.372578706328259e-06 0 0 0 0 0 0 -1.27178547189411e-05 1.800327449272899e-05 0.0001134423449670872 0 0 0
-1.174278876897409e-07 7.020913394543393e-09 1.785674226663505e-07 -1.278442886244684e-07 -1.781429238108804e-07 -2.47016354094371e-07 0 0 0 -4.219073286296181e-06 -4.310758019315768e-06 -8.647358675480849e-07 0 0 0 0 0 0 0 0 0 2.296579155766449e-05 -6.444112953446548e-06 -1.182964706088021e-06
