# Created from matlab git hash 44e5d814ece930399b58c9298dbb19a28bd9b520
# name: foo
# type: matrix
# rows: 64
# columns: 64
0.2297225936176552 -0.2758623900999702 0.2185504469878492 -0.1308318973594557 0.0220387298324384 -0.005331132048698223 -0.05038878322423454 0.008403809121057485 -0.01380198083133704 0.01506784259087594 0.009650133838223452 -0.009672004703675253 4.264219022482171e-05 -1.400330714495855e-05 -6.897230669070314e-05 9.720784367646106e-06 -0.004964769182815893 0.001189653513046596 0.009584739815554246 -0.0009937823313005991 0.0001436741632751698 -4.100631480601398e-05 -0.0002385824597646807 2.892973268030063e-05 5.030265354089224e-06 -1.017083392098382e-06 -8.543554069112859e-06 7.20115869418865e-07 5.40666421406612e-07 -7.648488412296569e-08 -9.311935761488731e-07 5.444332083158582e-08 -0.0001243484177128936 -0.000147501983877708 0.0002600615699466058 0.0001080149623607298 -5.12069088561392e-06 1.932214789148361e-05 1.589130334455596e-06 -1.362376226970073e-05 1.43612849865131e-05 -2.099645064449625e-06 -2.480919089917955e-05 1.502472250830695e-06 2.106856098388888e-06 -2.937020730347455e-07 -3.632905087298856e-06 2.094590691432997e-07 4.096381310898767e-07 -4.630207050343922e-08 -7.091555632054061e-07 3.308963400625995e-08 1.092846000687618e-07 -1.006539047643915e-08 -1.897134899721585e-07 7.212931998463953e-09 3.689335927326513e-08 -2.832822023023838e-09 -6.415538290021581e-08 2.034356313919467e-09 1.479567497914399e-08 -9.630192861880442e-10 -2.575758072483908e-08 6.985067801678789e-10
-0.3368767969442679 0.4515038657688233 -0.3700951365832236 0.2327973359954972 -0.04866753992451381 0.01836001617990961 0.09528312851015351 -0.01961899767952952 0.01923448263543781 -0.0237853895414287 -0.008508302077404137 0.01477543929310155 -6.09493413377206e-05 2.036568146367999e-05 9.830212313678839e-05 -1.412170174556287e-05 0.008685658928929864 -0.002655759347598164 -0.01633469840204596 0.002143713008348341 -0.0002314650524583211 6.855591630303786e-05 0.0003825185039901669 -4.825667371676477e-05 -7.311164844087912e-06 1.509460657088475e-06 1.240296178375954e-05 -1.068259490482369e-06 -7.518094932251501e-07 1.079721242235016e-07 1.294279897905145e-06 -7.684157312579617e-08 0.0003537232127891199 0.0002285879861224638 -0.0007021367669260738 -0.0001670580861663383 -1.815068984571182e-05 -2.757596309175555e-05 4.39914728633916e-05 1.933902424614517e-05 -2.392279662786631e-05 3.714461316753003e-06 4.123997107254055e-05 -2.654589865642875e-06 -3.236702986225128e-06 4.642014243370279e-07 5.576889003423436e-06 -3.309226428736008e-07 -6.027292309400713e-07 6.970834386533195e-08 1.043026310176048e-06 -4.979974333238168e-08 -1.56158202649143e-07 1.467875944363403e-08 2.710221991272676e-07 -1.051306126263751e-08 -5.163505018310388e-08 4.036398432336723e-09 8.977807990602893e-08 -2.894791137703604e-09 -2.041641442467143e-08 1.347898678645404e-09 3.554010535104446e-08 -9.766572453134372e-10
0.2773675536955061 -0.5149728394723629 0.4559849885435378 -0.3165221731103277 0.08992837554196127 -0.0472664895861753 -0.1436844807105079 0.03840107435388958 -0.01277049619346812 0.02473497696415568 -0.01020419825834081 -0.01397051032395016 4.53541124750257e-05 -1.62512511831715e-05 -7.226895358464932e-05 1.122044682013919e-05 -0.01143628961213755 0.004965419475524505 0.02039975532787692 -0.003858235083979675 0.0002539299007455047 -8.213010505909783e-05 -0.0004145145971505566 5.751959516443869e-05 5.819989825287326e-06 -1.297581319179022e-06 -9.828530053753183e-06 9.168949312441038e-07 4.938119045018054e-07 -7.612345339274669e-08 -8.483002185662254e-07 5.412819606038652e-08 -0.0008138610813777231 -0.0002256685364011059 0.001556333306904368 0.0001639555911151711 9.319774534527012e-05 2.038997342779983e-05 -0.0001774850492898599 -1.39724013684209e-05 2.842697109269962e-05 -4.996146263530083e-06 -4.877164469279124e-05 3.561921426482673e-06 3.113549853977912e-06 -4.843687920488435e-07 -5.35235277505445e-06 3.449284486762336e-07 5.024040158019146e-07 -6.291277144130831e-08 -8.681832799533207e-07 4.489333422918582e-08 1.160625298518297e-07 -1.183680918767909e-08 -2.012399454147469e-07 8.459695296200693e-09 3.4989572914389e-08 -2.964157086794946e-09 -6.079741721563266e-08 2.113555929650628e-09 1.290416242495354e-08 -9.136559827428777e-10 -2.245483539884927e-08 6.587540463919873e-10
-0.2528792764213758 0.3409568501164766 -0.5274154423169681 0.3974882137113576 -0.1540941904515553 0.09802969988746103 0.2047186474853474 -0.06849145415152529 -0.007262968658520523 -0.01777634435722632 0.05076802933937978 0.006815961246472678 6.263765605162357e-06 1.085925508759557e-06 -1.265000439456419e-05 -6.138625440545096e-07 0.01381239383346795 -0.008704607643687214 -0.02256548405858119 0.006567245884933228 -0.0002119185184324581 8.290991180483182e-05 0.000335192876930512 -5.749524191949962e-05 -3.468907091508725e-07 3.486699897053143e-07 4.596547506301299e-07 -2.427005825008873e-07 2.678073883366116e-07 -2.330672840090103e-08 -4.663511259816727e-07 1.672445237775451e-08 0.001628896485448901 0.0001325209369932856 -0.003053118107580173 -9.385213187628784e-05 -0.0002377658585769539 5.034869597545904e-06 0.0004300731179240966 -4.52890069094081e-06 -2.829093306299539e-05 6.110333690908169e-06 4.807734038375334e-05 -4.340951765591041e-06 -1.696439869063936e-06 3.519020993016786e-07 2.887499023211747e-06 -2.497973101071968e-07 -9.376356611635818e-08 2.467214539005467e-08 1.587339816246701e-07 -1.747919278901584e-08 1.641971631025301e-08 1.143053213588576e-09 -2.905754211036084e-08 -7.663771659769532e-10 1.526630458322875e-08 -5.267154374038538e-10 -2.665713961881556e-08 4.138248898673756e-10 8.746474508752269e-09 -3.975344791559269e-10 -1.524941756294079e-08 2.975503938911008e-10
0.04864832334083558 -0.2023755395143851 0.1946938597393933 -0.4186524169756203 0.271443600433078 -0.1319273602681238 -0.2043638153437422 0.3562494327276057 0.05684376331995464 -0.00966225687583791 -0.1335997209850487 0.01588528324843208 -0.004498632000099595 0.001547423337279573 0.007220131019957715 -0.001071052435032888 -0.01379766930231166 0.01487253519020353 0.01767026996181126 -0.01090296782301697 -9.468243992253396e-06 -3.961003938153637e-05 4.783113864339161e-05 2.596909326260869e-05 -0.000554931434397996 0.0001184354210928586 0.0009396091911905425 -8.376055626100235e-05 -5.283985615313284e-05 7.799374720160574e-06 9.089360027373852e-05 -5.548400432732332e-06 -0.003120465819131502 0.0001927400178058924 0.005767495225694798 -0.0001482177698566341 0.0005111097906719274 -7.417987960512422e-05 -0.0008995250221707314 5.439419535014373e-05 1.268645333307511e-05 -5.72012609733944e-06 -2.03248139990475e-05 4.029185831663018e-06 -2.765417057411576e-06 1.768246525566988e-07 4.837061348695801e-06 -1.282366002227061e-07 -4.665961888097783e-05 5.591104016535315e-06 8.069301557916001e-05 -3.991645126040456e-06 -1.152067821278876e-05 1.120485363599697e-06 1.998692403632088e-05 -8.016557298908684e-07 -3.672507889081425e-06 2.959602878528953e-07 6.38357122466877e-06 -2.120845381977583e-07 -1.414723258200845e-06 9.618311788174168e-08 2.462083633413776e-06 -6.897264639739431e-08
