# Created from matlab git hash 00e16b208fbf08652b67ace82ddc532522841f31
# name: foo
# type: matrix
# rows: 64
# columns: 64
0.1121536380588129 -0.1324808613508874 0.1431127996207104 -0.09270803284754099 0.05605235491563635 -0.0186013225836011 -0.06276973201145609 0.01492043039057273 0.0006561914000971023 0.006654041109558149 -0.01716445639299254 -0.002040377102297972 0.01739902080601109 0.01469581567307078 -0.01139887540837602 -0.006571291434080239 0.03966319752565507 -0.03883698636033676 0.02071964644053053 -0.001054473140714499 1.006971953747217e-05 1.241411199325757e-05 -3.341388351544238e-05 3.911177719902852e-06 4.281507382202903e-07 9.712404233840141e-07 -1.280366525092172e-06 3.183078970179077e-07 0.02459427898652442 0.02078613797805437 -0.01610087167728292 -0.009295673602616373 0.4651291964166775 3.931632310085755 -0.04407300243878476 4.018573749052336 -0.001605816258086747 0.001740719243000039 0.0009636399834501439 -0.0003820777871784267 -1.927125455921413e-05 4.26152532807793e-05 9.25442716063239e-06 5.973734727062268e-06 -2.131325196683978e-06 7.257290488763039e-06 1.013254037708267e-06 1.729277876242292e-06 -4.864600299861974e-07 2.20889922282464e-06 2.386278251507158e-07 6.041329926327875e-07 -1.584195952788767e-07 8.94757745474833e-07 7.981509656145942e-08 2.593725327186543e-07 -6.385844952217501e-08 4.306344170662291e-07 3.278318611589899e-08 1.286803532826585e-07 0.0347814585109485 0.02939595551928946 -0.02276981348601645 -0.01314609605327305
-0.156447143442293 0.2502296049134381 -0.2071707387556787 0.2016817814833635 -0.05633949183236613 0.07019041291092008 0.08096845503359311 -0.04265645168184576 -0.004514764034647573 -0.008653172568400603 0.03244046547932687 0.001946134524905563 0.03010871458388122 0.0254608049957471 -0.01969741797906008 -0.01138771609511616 -0.0705433687908413 0.06851348204798766 -0.03337630901015176 0.001281414621825595 -1.600808975038905e-05 -1.908805086977126e-05 5.320622424791048e-05 -5.942863638516387e-06 -7.263837375196496e-07 -1.291856804483305e-06 2.038756023987195e-06 -4.362134684812709e-07 0.04259843496072276 0.03600207688259707 -0.02788700719202774 -0.01610081696199519 -0.8083924193413199 -6.827711582394805 0.07675719231632749 -6.979311232002434 0.002704543491435578 -0.002913591412323121 -0.001623519417908895 0.0006533138204248821 3.096456639506478e-05 -6.684486045758646e-05 -1.486886125785005e-05 -8.920890390278766e-06 3.263067006332284e-06 -1.070353963396441e-05 -1.533625087038651e-06 -2.493550071323844e-06 7.084864190968878e-07 -3.059118557703435e-06 -3.388591418253726e-07 -8.233107688414826e-07 2.190398792638469e-07 -1.159929279530506e-06 -1.060328524194997e-07 -3.318618132399914e-07 8.361612510627465e-08 -5.204170495588076e-07 -4.05929282709138e-08 -1.537419508160912e-07 0.06024346505068206 0.05091472883487015 -0.03943859923104288 -0.02276995419436606
0.1658260236857225 -0.26832874526363 0.3015542847438816 -0.2014269535416803 0.132565371458247 -0.04928632416774516 -0.1408661477102421 0.03614355294771294 0.01467754022711465 0.003645796640192214 -0.04897618260837929 0.001648197159523554 0.03890022063953032 0.03286180359709538 -0.02547966290570168 -0.01469514997148862 0.09588571383943829 -0.09169693767560588 0.03650445547840467 -0.0002281246154287756 1.690671308873573e-05 1.831194406054849e-05 -5.644235847835923e-05 5.491602836043318e-06 8.977873010247312e-07 6.442962690420051e-07 -2.162697441302095e-06 2.613427964701696e-07 0.05499460014058542 0.04647878170326881 -0.03600263600698682 -0.02078593705357744 1.050709898005572 8.860192794869766 -0.1001740717025776 9.058520093504473 -0.003289689382947661 0.003495020340092911 0.00197623501449771 -0.0008211108236804835 -3.364107823498185e-05 6.802220361498897e-05 1.615149713871563e-05 7.777578990754887e-06 -3.088827064533304e-06 8.92393153018497e-06 1.399334139074331e-06 1.903799932795868e-06 -5.630566444293085e-07 1.938821708648524e-06 2.42240748322639e-07 4.780161464911741e-07 -1.376556618234938e-07 4.754311863146073e-07 5.24386744709784e-08 1.20689044357424e-07 -3.718798838841078e-08 8.078896291679349e-08 9.963607347043232e-09 1.722919112132624e-08 0.07777387682459515 0.06573089435721373 -0.05091496043942767 -0.02939577987013466
-0.1551829789304304 0.2554405823573 -0.2962493113686492 0.2954505429308618 -0.1001872955566817 0.1223948492049714 0.1242538572248411 -0.0705696328215016 -0.03338628928788372 0.009370161922732085 0.07064083994484269 -0.009489708236617884 0.04600224275825636 0.03889008466442744 -0.03010642902646909 -0.01739241366239967 -0.122226626080516 0.1144214379471857 -0.03113806807953016 -0.002369464218113158 -1.309254681630192e-05 -1.01635869703242e-05 4.437515896618694e-05 -2.50936632259899e-06 -9.884195563540904e-07 1.100382180516502e-06 1.702659310997498e-06 2.402558658022537e-07 0.06506994198640857 0.05499495773549966 -0.04259812263023008 -0.0245940440106458 -1.255617501441261 -10.56267061000092 0.1204682355647959 -10.80196136310158 0.003524251360746605 -0.003649193950462228 -0.002120650074022085 0.0009307336751379497 2.827186539447187e-05 -4.720048965655926e-05 -1.35790946461197e-05 -2.392454696479119e-06 1.608742125205379e-06 -1.648110370132929e-06 -5.993743092323903e-07 1.420846504401146e-07 2.617341276182844e-08 1.365621600810753e-06 6.865758816680507e-08 4.990141481695691e-07 -1.012767333394452e-07 1.297631647973501e-06 9.16393007940411e-08 4.173038798946636e-07 -8.478466953939947e-08 9.801060958584617e-07 6.544626422749741e-08 3.094740357728098e-07 0.09202306835422609 0.07777445943987948 -0.06024323480210638 -0.03478124603380874
0.09726700120041848 -0.1657260109246616 0.2055080536277694 -0.2251893697846464 0.1886544427264625 -0.06448222453224699 -0.1431250400226017 0.1462719936107268 0.0661729899308227 -0.03766036208164208 -0.09588410047616856 0.02494936646167357 0.0448617876512078 0.03921825147178494 -0.02823832628344551 -0.01763987997648577 0.140576968799848 -0.126888564450418 0.005837811015637251 0.008065302076734834 -1.540925853580118e-06 -1.354267243255257e-05 2.549398853612382e-06 -5.839171194605791e-06 -0.000130928554674796 -2.9091444750496e-05 0.0002178421536698278 -5.321096286267357e-05 0.06506038502997069 0.05498440921549744 -0.04257375834019082 -0.02459855736109587 1.27998329886476 10.71564147547297 -0.124491590496973 10.96414228251772 -0.002761458467906283 0.002639688017440062 0.001673080281123566 -0.0008460102337233342 -4.405049729186174e-06 -2.176513855669657e-05 2.18599148649324e-06 -1.172141132306522e-05 2.627560731589872e-06 -1.680648015189488e-05 -1.584670959666376e-06 -5.101382060764715e-06 -3.498571650554905e-05 -0.0001364678311285087 3.348459027778097e-05 -8.859189320487632e-05 1.508797513396566e-05 -6.943378327710429e-05 -6.717919429053202e-06 -1.923243546377787e-05 5.125658483123288e-06 -2.568263824750301e-05 -2.154470396244183e-06 -7.313216003376179e-06 0.0920266319267142 0.07776533975082121 -0.06024503392481275 -0.03478485231202694
