# Created from matlab git hash 00e16b208fbf08652b67ace82ddc532522841f31
# name: foo
# type: matrix
# rows: 64
# columns: 64
-7.57712694585786e-16 0.01496574209443609 -0.05335621739010166 0.1169140244491292 -0.20602124639187 0.1867347164156489 0.08975899303717624 -0.06938940970390886 -0.4708262691035507 0.4220645967111181 0.2238879822734274 -0.1643565759277296 0.0002659374892593047 0.0002223152696781957 -0.0001748195183543822 -9.974881206637326e-05 -0.9669022343823392 0.8545579350088559 0.4974042910343334 -0.344769688699166 2.755983494879921e-05 -2.97157525020916e-05 -2.506469183796226e-05 4.302721692428024e-06 9.391561605055125e-07 -1.985401241984598e-06 -8.613595424445612e-07 -2.587861760461809e-07 0.0003742092770343134 0.000315690116777985 -0.0002450262137269902 -0.000141479057564698 -2.053693620156746 1.904751494912398 0.9489534621842431 -0.5813050173072722 0.001773890668539739 -0.001820283294245677 -0.001244869816769384 0.0004701531159196567 2.75012638334898e-05 -5.629281128328921e-05 -2.536713895334551e-05 -4.508999255763371e-06 3.627268469668825e-06 -1.129926933951124e-05 -4.247334096292724e-06 -1.961992213260003e-06 9.009359197626186e-07 -3.761887664929302e-06 -1.28961437288371e-06 -8.100959053536277e-07 3.096868844138869e-07 -1.615811351287035e-06 -5.238235549930221e-07 -3.853591763988018e-07 1.298191400117761e-07 -8.107289710187248e-07 -2.530232930363072e-07 -2.052548801178059e-07 0.0005290815018857546 0.0004466520821238343 -0.0003464566311769982 -0.000200068372784907
1.32262633469751e-15 -0.02500115647669797 0.09085383007871994 -0.1990008341461952 0.353135843100967 -0.3196584091086613 -0.153281720672719 0.1185022754270776 0.8107720889774955 -0.7272266717349025 -0.3836964707885122 0.2825144403484299 -4.454467619400685e-06 -2.966590413256099e-07 4.000386073796795e-06 5.11310871757821e-07 1.674041324514156 -1.480631261815835 -0.8579117800686725 0.5962481868572467 -4.354713660269067e-05 4.593437936726173e-05 3.941909045040465e-05 -7.282094542669874e-06 -1.359843182832393e-06 2.672390415787789e-06 1.227869218684309e-06 3.017560388844922e-07 -3.510721055363083e-06 -2.280742907994357e-06 2.355301999229134e-06 1.357398408528888e-06 3.565814579931899 -3.313544453333055 -1.645477425088668 1.004959450518813 -0.002946611201489263 0.003005763735509043 0.002064089311348606 -0.0007888671942405748 -4.372677155086188e-05 8.712404773973214e-05 3.97217687819033e-05 6.336809514689882e-06 -5.525038354560317e-06 1.644014533083083e-05 6.275237003766901e-06 2.731204982462737e-06 -1.313435720245307e-06 5.136616103035533e-06 1.792918054889401e-06 1.066948687148738e-06 -4.313638519019837e-07 2.063596010492466e-06 6.828537601230298e-07 4.759197176930663e-07 -1.724044188768685e-07 9.642826383942904e-07 3.079566985860753e-07 2.362068016050082e-07 -4.788645974007688e-06 -3.484005776467633e-06 3.232746933394206e-06 1.905729354746242e-06
-1.734057053102855e-15 0.02985933814037946 -0.1131802419526842 0.2476956516520347 -0.4461202642075526 0.4027184283820416 0.1921276558650855 -0.1485494193663782 -1.034164363004098 0.9287152115303863 0.4845575372133571 -0.359009030231998 -0.001189902513235187 -0.001008127229348016 0.000778012919934744 0.0004508488204152128 -2.159061782084728 1.912490645976018 1.09790908926906 -0.7672501344596216 4.5233657418889e-05 -4.478469411382732e-05 -4.041280640915482e-05 8.95298254702861e-06 1.055911844782918e-06 -1.440633964688588e-06 -8.928302579128544e-07 -5.580028722951116e-09 -0.001685136789438878 -0.001424277573058911 0.001103179283791287 0.0006369898901144547 -4.625586778766487 4.314910745140737 2.128807962117 -1.292245624858898 0.003473595959212774 -0.003494377621085484 -0.00242295021893834 0.0009515304783836466 4.620227941918605e-05 -8.525785267513918e-05 -4.022377832491131e-05 -4.318636457612966e-06 5.146026737042646e-06 -1.3014849066158e-05 -5.265702537490011e-06 -1.776985638886379e-06 1.04788596353998e-06 -3.01539781664772e-06 -1.159017723998017e-06 -4.960554552350638e-07 2.815100261574605e-07 -7.369852708054878e-07 -2.931576028083627e-07 -1.122642914087166e-07 8.506507101408597e-08 -9.15612849087777e-08 -5.599931500961036e-08 7.816142664655948e-09 -0.002383241130712868 -0.002014123944600834 0.001560230131498573 0.0009008341435909566
2.097282354510593e-15 -0.03330425889933267 0.1223154212411355 -0.2814027769344311 0.5049476137580325 -0.4625212310233064 -0.213586635613048 0.1695731352696559 1.200349380390779 -1.079989315982079 -0.5535380572779651 0.4142228869904229 -0.003519668634169174 -0.002975358694432697 0.002304516897170462 0.001329728114858283 2.549745477745905 -2.263792704217951 -1.28093717569575 0.9028801650789195 -3.355537827667606e-05 2.656006826128921e-05 2.88135199550901e-05 -9.784247944973311e-06 2.27318244272088e-08 -1.952868738202826e-06 -2.010083501781091e-07 -6.92491872401114e-07 -0.004977006701295406 -0.004207719475500236 0.003258087095339968 0.001880855705673231 5.511284872414607 -5.171164250928303 -2.52605421180482 1.519040165718434 -0.003508000225919938 0.003431625226968393 0.002426151755824102 -0.001003851392202419 -3.599616456941949e-05 5.129164775581822e-05 2.745933430424115e-05 -1.926230242573185e-06 -2.470399310188879e-06 4.507745199231143e-07 1.068186302226664e-06 -1.081858853212297e-06 -6.050856870338849e-08 -3.01466714559396e-06 -7.321296291100761e-07 -1.017427105769752e-06 1.682054384624462e-07 -2.635579511238243e-06 -7.240440641663115e-07 -7.811080057514653e-07 1.49637773173031e-07 -1.990663026163553e-06 -5.55367996119991e-07 -5.784416751470125e-07 -0.00703867052302102 -0.005950332955900115 0.004607563808744629 0.00265998119336893
-2.190956011108245e-15 0.0280563785374475 -0.1088740580017716 0.2435394261928733 -0.4855994756117709 0.4063369880826715 0.1861502887453106 -0.1611956154486079 -1.150779399301174 1.039642554048257 0.5122293460721815 -0.3919299359690065 0.01105743014819601 -0.02245090215998144 -0.007152441194613241 0.01005657264690031 -2.536594075539212 2.262965772118781 1.24170310634818 -0.8914854636292003 2.989956787626952e-05 5.826820820443836e-05 -2.051442982140911e-05 -7.439296830125969e-06 0.0267107898804952 -0.02248671386248853 -0.01746348231424884 0.01014746470097101 -0.01095785561933195 -0.009228423207598219 0.007176119667573562 0.004140179099626331 -5.584650617103341 5.301948900514646 2.538198011944333 -1.496756852190384 0.00226226030544196 -0.001977867299784719 -0.001512735459296753 0.00075084882848563 -2.702797624628645e-06 5.152007533022321e-05 1.423610789218498e-05 1.652275666758401e-05 1.618338752264095e-05 4.396653618390249e-05 -2.162286536176948e-05 -4.347021827436286e-06 0.03781934493141535 -0.03170236785562672 -0.0246989794742183 0.01439832492654576 -3.014305865698694e-05 0.0001190336844814602 4.142383058960715e-05 2.507050968465626e-05 -1.091451733190372e-05 4.518747563386861e-05 1.553592519969977e-05 9.820574078814509e-06 -0.01548513911715901 -0.01306655135100856 0.01014026019850121 0.005854730880358011
