# Created from matlab git hash 00e16b208fbf08652b67ace82ddc532522841f31
# name: foo
# type: matrix
# rows: 12
# columns: 12
0.212388898813497 -0.1626749835365633 0.3094559406178278 -0.4384592163318822 0.4718389967559871 0.0515672564044938 3.971756990612334 2.084811789462226 5.577837655470455 0.06140313983796442 0.0514539796658303 -0.02629611856041167
-0.2323051667553917 0.4064082145120991 -0.3832642206022156 0.9158412144427975 -0.6954938685883485 -0.1594893610824089 -6.826604438476344 -3.595828742061387 -9.600852882345976 0.1134323695495794 0.08206007950316167 -0.05223048362064169
0.2169201894249922 -0.3794928374049874 0.703472692353362 -0.9830220965016827 1.050396792809889 0.1173973275381255 8.673713445270421 4.601709546757417 12.23485063163633 0.1388836972025305 0.112618420286755 -0.06152039384533652
-0.1621566595313998 0.2836863225724072 -0.5739747393158118 1.209928069825778 -1.050080130256797 -0.1695210843466867 -8.596711751629933 -4.645249196267045 -11.9274518198526 0.2984923370157166 -0.002427089124602835 -0.1116846708521265
0.113449573456846 -0.1984753039707797 0.415772277855512 -0.7457099864926048 0.8726610545118849 0.3259939435289219 6.503718996264837 3.504568804327975 9.220139780501951 0.1267240759217545 0.0812724450908207 -0.0343048673964343
0.08824539048407851 -0.1543816355291053 0.2944440705255962 -0.5275185058531652 0.2005128813804214 0.1653176587754097 3.754656295661954 1.961047282377527 5.529773947252102 0.06587397497376715 -0.147310187536607 -0.02452982073730334
-0.1604290659909493 0.28066396962185 -0.6428643277199543 1.707143628143817 -1.355976251385784 0.0435908423571405 -11.26841013745636 -6.511108824450311 -16.19741199726957 -0.1651159291299233 0.127898248747095 0.07384208834051575
0.1088745729370207 -0.1904715310947049 0.4605156679592922 -0.8922865907454511 1.014102431834826 0.2952847362863551 8.605759115605474 4.914350669620973 12.79723218197032 -0.1447750107609638 0.1121422411215476 0.06474535310095009
0.09125358365672478 -0.1596443442035607 0.3372248349883827 -0.7635264485347628 0.66113478927467 0.05905141968318794 5.291411909708879 2.427918397319434 7.754965992686413 0.02763319042408874 -0.02140457726518763 -0.01235793844469057
-0.0001751420076539946 0.0003064036483166761 -0.0004426503407380805 -0.1196613772946686 -0.005379026007591577 -0.1031520274712621 0.08085235371456874 0.06262796388763808 -0.03615827180932649 0.04652426842040654 -0.07141006476020498 -0.1195124920694456
3.446402590289308e-05 -6.029337800605108e-05 0.0001574193370321595 0.08557443548578998 0.001330803270334675 0.07552575172542432 -0.05957129684458178 -0.04614372811820789 0.02664109385046058 0.2714939263015881 0.1027192268642797 0.4725919587897475
0.0001524627133257857 -0.0002667271674059673 0.0003609169319652127 0.06474644173845989 0.004587935269074269 0.0546239164703809 -0.04257770175939855 -0.03298054596678676 0.01904132709194541 -0.03907573503836144 -0.5210673477767871 0.07742737890803536
