# Created from matlab git hash e3d28e3d9936e8692f581d15f2e77c245ebc3f89
# name: foo
# type: matrix
# rows: 64
# columns: 64
0.180145525744514 -0.2408210127092728 0.2030555294137554 -0.1141143839386789 0.008112766615832254 0.01244722949002874 -0.04458591618974873 0.001502675457968323 -0.04424081424232496 0.04166658598675601 0.02904448513939948 -0.02210440470566006 0.004477235536198628 0.003747154429040937 -0.002960917072762006 -0.001673015051336236 -0.0312047552901727 0.02773868976683384 0.04093847611052137 -0.01077844620107642 0.0001122924832142417 -8.480120460289371e-06 -0.0002213992670378815 2.524049392796626e-05 3.429559343706123e-06 -8.137711294807577e-08 -6.28278186484051e-06 6.363157360096248e-07 0.006288119122992097 0.005314181568187506 -0.00411692338420888 -0.002376508141243681 0.2101532220586554 2.009074351093817 0.04621297665715506 1.985025763440588 -0.004557247645112819 0.004767247396899759 0.002989320361184964 -0.001051240843770077 -3.487475631011403e-05 7.80331820098784e-05 4.826682099109566e-06 6.216613262255883e-06 -1.640025552218258e-06 7.490881332223664e-06 -9.125942471071062e-07 1.58372223513611e-06 -1.982069301399471e-07 1.479082940722703e-06 -2.200696343209233e-07 3.828034785236298e-07 -3.917355334591016e-08 4.236696553776514e-07 -6.168831952902022e-08 1.191204066807494e-07 -1.06832604939078e-08 1.5331206402416e-07 -2.049853739599198e-08 4.496235503899164e-08 0.008892279751561951 0.007515416398200434 -0.005821373792017859 -0.003360947611475318
-0.2776978737577901 0.3975998478932076 -0.3329879644806882 0.2136786852661181 -0.01364496059273561 -0.003087289153513269 0.0775866311292135 -0.01175521657975548 0.07189343735365344 -0.06981640699211411 -0.04165949448763437 0.03619734445823428 0.007658471368010759 0.006523422830716475 -0.004973201679455356 -0.002921248458955546 0.05396372482401579 -0.04816658945920732 -0.07091475111908598 0.01937854624638208 -0.0001756561625901078 1.478276644130147e-05 0.0003463175696549417 -4.030636951259559e-05 -4.828953381267906e-06 1.705218695767728e-07 8.84901861017478e-06 -9.0840090265504e-07 0.01089038907829229 0.009204382573897654 -0.007128948438244937 -0.004116404963417131 -0.368154190090788 -3.510371747872683 -0.08059325260418305 -3.470002440054223 0.007704113852609521 -0.008042017188426084 -0.005017628735796049 0.001810043834084638 5.621932559852598e-05 -0.0001235695476333298 -7.738436792772037e-06 -9.148714831931008e-06 2.568697995807596e-06 -1.117355515471658e-05 1.320989431019925e-06 -2.296223441619839e-06 2.975292448565864e-07 -2.071885576654626e-06 3.088037828242889e-07 -5.262767099974147e-07 5.619837052475818e-08 -5.55727548208742e-07 8.268312535501842e-08 -1.53998238184958e-07 1.459713154432229e-08 -1.875749554487764e-07 2.610269705443435e-08 -5.43431561853408e-08 0.01540192250860595 0.01301692223371392 -0.01008291258026439 -0.005821399754533552
0.2832076756371584 -0.4328650129028863 0.4161718585294344 -0.2752730763450258 0.05953130154233242 -0.008775592755674671 -0.1292206570571537 0.02324511998500118 -0.08019888451137103 0.08385075909320648 0.03076464771217849 -0.04115875570707967 0.009966454693075295 0.008391951441695848 -0.006546672089979192 -0.003750380315268232 -0.06945408246249238 0.06251500173572544 0.09154956093020075 -0.02691156479130937 0.0001764983349901118 -1.932496311023271e-05 -0.0003479442302153088 4.292550736120763e-05 3.273361670506343e-06 -2.987012278623386e-07 -6.006974285373941e-06 6.565021630226193e-07 0.01406008112631877 0.01188280548599433 -0.009204633263273351 -0.005314140991785655 0.4859815613105642 4.610463405046795 0.1054960374559045 4.56170105509488 -0.009436226338957878 0.00980346467504711 0.006047932668374864 -0.002306696841765617 -6.139663659375836e-05 0.0001285943223787172 8.330014123929651e-06 7.496114336658169e-06 -2.590587545714486e-06 9.623582666532481e-06 -1.013358151971952e-06 1.773482502906017e-06 -2.620646738665797e-07 1.369358123194166e-06 -2.058470621071292e-07 3.150874334331133e-07 -4.150057925954751e-08 2.431011677050836e-07 -4.237671582198636e-08 5.945292941573784e-08 -8.437152330397099e-09 3.453193587964455e-08 -8.659387242132177e-09 7.489482564088475e-09 0.0198837764444482 0.01680485193073973 -0.0130169896638197 -0.007515365121335549
-0.2299167598405966 0.3779138555294755 -0.4221377633722131 0.360746592975019 -0.1041482926469066 0.06971708065035057 0.1758479259571237 -0.05796207190466822 0.07033569844713919 -0.086276779402846 0.007059907615950124 0.03748762546526513 0.01179087904357067 0.009937847225686431 -0.007749045897549206 -0.004442947958074504 0.08157395946531705 -0.07468416570040365 -0.1076490737858588 0.03543314487446284 -0.000111267668614453 2.117732247139587e-05 0.0002215082602808229 -3.233001188507536e-05 1.658428378552414e-06 4.994996344926368e-07 -3.012953110172852e-06 1.878377571791908e-07 0.01663653697498453 0.01406006159100699 -0.01089188215760791 -0.0062876921545717 -0.59385064978768 -5.593734201477884 -0.1275412781264047 -5.542083767128155 0.01019537803109568 -0.01049833032507985 -0.00634169408803044 0.002666533950031156 5.24774903589566e-05 -9.447753412764132e-05 -8.072200129140781e-06 -6.021812814107116e-07 1.707567435624402e-06 -2.409300469685073e-06 -9.600316865446822e-08 1.277795012257183e-07 8.184003791738012e-08 8.185098077436877e-07 -1.166571466425414e-07 3.076932659659245e-07 -8.920476664424641e-09 5.980409238934326e-07 -7.006095838521795e-08 1.898402570988962e-07 -9.455695774861461e-09 3.466889155169223e-07 -3.649916136577599e-08 1.081053943616783e-07 0.0235267545111205 0.0198839441531311 -0.01540189898329558 -0.008892216328330704
0.08725017993797309 -0.1708988687123117 0.2542895586232517 -0.3163702450730204 0.2320576361003142 -0.1339393898722157 -0.2234004223152362 0.1754150667782134 -0.01293842446086246 0.05282120135442132 -0.1025307381635009 -0.009613306034258558 0.008904031573809788 0.01104130803376397 -0.003194714251091486 -0.005211405078671595 -0.07919068916008286 0.07662828828786707 0.1030689878745628 -0.04336257183516066 -0.0001149881174951829 -7.252466963114948e-06 0.00020902681379877 -1.408766475177614e-05 -0.0003914756208813486 6.231175442953431e-05 0.0006583262333340794 -8.49179294607752e-05 0.01661351388948508 0.0140601991607528 -0.01084933515083463 -0.006291762764419523 0.6309931963891453 5.868128180279808 0.1334872925747496 5.828781651181974 -0.008067848644125178 0.008077084420187518 0.004563670963532749 -0.00250862419487062 -1.297558697023616e-05 -2.81626949818136e-05 1.067706204143166e-05 -1.809930544720683e-05 1.20402421604134e-06 -1.684092959641137e-05 2.879655258019698e-06 -4.901037042953559e-06 -4.779694637761626e-05 -8.457529294725071e-05 6.835965289094271e-05 -6.238918588961144e-05 4.111063726465001e-06 -3.367197458547926e-05 5.268873367260463e-06 -9.000652271232134e-06 9.700712185397667e-07 -9.382156300076136e-06 1.466440264679134e-06 -2.61319467621168e-06 0.023527441849807 0.01988127515957496 -0.01540169459717156 -0.00889322518819391
