# Created from matlab git hash 00e16b208fbf08652b67ace82ddc532522841f31
# name: foo
# type: matrix
# rows: 24
# columns: 24
-2.449140618168104e-16 0.02002993752188096 -0.07242227933224073 0.1376345689286658 -0.1230828501053033 -0.0340536882191813 0.3510194853425944 -0.3120609185192653 -0.09445759490321304 0.0002114721887721413 0.0001867095354474806 -8.754999246516924e-05 0.5839515469874514 -0.7105732622029894 -0.4618854161104481 -0.0001159998626884248 0.0001983704215029581 7.461403402495336e-05 -1.304905210396186e-05 4.08099327807564e-05 1.87263185611519e-05 0.0003083669355962426 0.0002556800588301531 -0.0001330534751608566
4.230452990992354e-16 -0.03376479663311039 0.1238504092713333 -0.235282519330841 0.2109616488306748 0.05792135705294944 -0.6029011732942505 0.5363654613070395 0.1614362319880303 1.453982333615974e-05 -1.792271440820671e-05 -1.372117805512565e-05 -1.011617631161597 1.227497282665945 0.7909751403997525 0.0001702201682168896 -0.000275530070878218 -9.67822839735625e-05 1.789980289060569e-05 -4.877990039961572e-05 -2.089019699155251e-05 5.570452604405952e-06 -1.295545060058475e-05 -6.407068126015574e-06
-5.430303558481254e-16 0.04115098061544736 -0.1557019196142388 0.2955571859286172 -0.2664794420929802 -0.07198287783000033 0.7649025904783414 -0.6814887787275131 -0.20269619844611 -0.001016939743874521 -0.000777529470897582 0.000451143658443893 1.306276849764877 -1.575928992832235 -0.9973110491900541 -0.0001392585374480823 0.000177267571459792 3.98635753745435e-05 -1.078106682607088e-05 5.549708913554579e-06 -3.294974415718931e-06 -0.001421744260581354 -0.00111007980593101 0.0006291125173297924
5.25130994478613e-16 -0.03933806869045287 0.1455791840573328 -0.3400601023355796 0.2485801832594815 0.02004472815022185 -0.7174007016838571 0.683731615773489 0.1789265131695092 0.03984578698361012 -0.03472248714428305 -0.01773113042048711 -1.306416986512488 1.562233256607828 0.9607986694118162 0.01901488841849023 0.009905107544090491 -0.01690283559848689 0.05998689547075518 -0.04600044935367852 -0.02667314002116684 -0.003661537293472291 -0.002624812759464312 0.001673529160732717
-4.177956417715548e-16 0.02944487214326867 -0.1123945957267784 0.2118757763098003 -0.2021983095424111 -0.05336191841850094 0.5709496603449832 -0.5106559734750483 -0.1478418287526137 0.004160769920509453 -0.006803374259638432 -0.001768463662230264 1.011982429545698 -1.206564453259264 -0.7348039932172581 -0.0001440877774271473 -0.0002274219630942742 4.27157019436227e-05 0.009271369319098549 -0.006700391936553364 -0.003985327119129789 -0.003414526666070117 -0.002424273587636422 0.001565977331485089
-2.523931346433702e-16 0.01857919565052301 -0.06847961566031556 0.08455898147841427 -0.124692220781022 -0.07832018284521347 0.3663727983930677 -0.2877382827663428 -0.1042043511898787 0.03865348670900315 -0.02922829585052558 -0.01725981500009194 0.5842700410294561 -0.7049411353241699 -0.4462382984753984 0.01701825681219903 0.008901126671333966 -0.01525938495917857 0.05404466513800484 -0.04174093908494914 -0.02412141004898478 0.0006070855641516187 0.0005337996162458717 -0.0002550095827447634
7.237453597823708e-16 -0.04944079157556201 0.1872565105086038 -0.3370150308944785 0.3297150140643218 0.1116119624291911 -1.150949339253298 0.8434214177564452 0.123710113292214 -0.02053741183226554 0.01590821080003349 0.00918460978777067 -1.808133989612667 2.187202235326791 1.217025896411662 0.109799840973122 -0.1008992760881409 -0.04340308896839843 -0.02904428634916012 0.02249760746655459 0.01298899972693781 -6.895453135161494e-14 -5.682259564742289e-14 3.488107866307454e-14
-5.777482884008969e-16 0.03680883877411102 -0.1398715715793454 0.29504946848342 -0.2472495571418366 -0.04525514339918747 0.7190199330739321 -0.7132152798374056 -0.1839585595837004 -0.01462524603560951 0.01132866686608016 0.006540608864656481 1.428122023534947 -1.669004562037223 -0.9398474093523672 0.02157318805901554 -0.02852467748461468 -0.005288565560321297 -0.02068322129665612 0.01602115432557433 0.00924981776259921 5.201008366026882e-14 4.27780118737176e-14 -2.625822537422295e-14
-3.644296787390383e-16 0.02451762137193786 -0.09223404219824424 0.1628187041288977 -0.1610799384117299 -0.05695976724479507 0.3488256656764184 -0.448878123195356 -0.2600563754130307 0.01145851416721696 -0.008875726908342178 -0.005124403319808249 0.8617830295346091 -0.9708725445322668 -0.6402975562018823 0.1220871952968721 -0.08615714633980054 -0.05725306203777333 0.01620478613988648 -0.01255217336972618 -0.007247000673926262 3.492072213012923e-14 2.871900478065924e-14 -1.7633727564751e-14
-6.917602507465956e-18 -0.0003967611696155515 -0.001529867830685661 0.03595612982384586 0.003962504168289115 0.03557193023044201 -0.01838586164523153 -0.01305482492556976 0.01027800911591074 -0.1338728249216838 0.00420236382921346 -0.0625583908215981 -6.328552596191065e-17 4.631704942413656e-17 2.706538115022159e-17 -0.01300076744730133 -0.006713567441507834 0.01162823990873211 -0.0297432052439369 0.05301344277602074 0.001906870526271812 0.06452675697838708 -0.06661028397201631 -0.02842947572052208
-1.912980887053308e-17 -0.0003078753668207703 -0.001193637114866486 -0.03235176030040515 -0.007317371208256826 -0.02626557545569806 0.01412422422135005 0.0100288622843541 -0.007895681372096766 0.006078987439926605 -0.04965419633359223 -0.02279672823060969 1.347123985902906e-16 -1.035826506651484e-16 -5.934870300691714e-17 0.009987334725916211 0.005157437475529174 -0.008932943744476578 0.04314573620269514 -0.03225029328573586 -0.01877135186382312 0.01420379597615106 -0.02618152769533563 -0.005923494439419795
-1.655392078355382e-17 0.0001741305459243803 0.0006684748114039772 -0.01664256770043555 -0.001896872040441589 -0.01637236441252716 0.008470034991055921 0.006014122484727986 -0.004734893502950616 -0.06323201839045239 -0.02897814930181552 -0.08983907288441317 3.063311866639934e-17 -2.25659401074141e-17 -1.326941975869201e-17 0.005989219179063188 0.003092819484972742 -0.005356920486611965 0.04417292264920455 -0.005305343146208898 -0.02961409824148242 0.07131337675515859 -0.05169984770197648 -0.03183881605466473
9.237225872537226e-16 -0.05683929052446589 0.2177249354322743 -0.4306244905060456 0.3885307247876546 0.09844853905477 -1.145463123699363 1.072501144078646 0.3189098111143773 -2.227568464221046e-13 7.759220832291045e-14 9.951653740648971e-14 -3.115027114269396 2.659507132293093 0.9105141761186417 -0.03198271721242327 0.0247737062258752 0.0143031059584834 -2.298938875581155e-13 1.77657273276065e-13 1.023047040399653e-13 -8.235575229826525e-14 -6.770879457225795e-14 4.154031440100203e-14
-8.013221988015587e-16 0.04064460617788609 -0.156402355677082 0.310777657028067 -0.2805868694219296 -0.07039852295389147 0.8904261886068391 -0.7825168785243432 -0.1786517170984428 1.619600404484745e-13 -5.693899546041812e-14 -7.231901074708889e-14 1.893873520859783 -2.406519047489137 -0.9968421331066382 -0.01617929935729607 0.01253243139293776 0.007235602638204545 1.675396471556135e-13 -1.29540498470908e-13 -7.460711086244749e-14 5.92941324887258e-14 4.882602271280127e-14 -2.993761563207637e-14
-5.62445347833921e-16 0.03030150347391116 -0.115378298207911 0.2267987561926141 -0.2044461996817543 -0.05248374356265332 0.5758165656330206 -0.5565831930390749 -0.1871556990678525 1.12847475597006e-13 -3.83830115557361e-14 -5.042868897757698e-14 0.6551955174058051 -1.678714977616235 -1.42402321186541 0.03060235321438655 -0.02370448087073382 -0.01368578841179485 1.156895459668097e-13 -8.94109673035857e-14 -5.145837832321325e-14 4.248945701677828e-14 3.497804670620749e-14 -2.147215969614274e-14
