# Created from matlab git hash 00e16b208fbf08652b67ace82ddc532522841f31
# name: foo
# type: matrix
# rows: 40
# columns: 40
0 0 0 0 0 0 0 0 0 0 0 0 0 0 0 0 0 0 0 0 0 0 0 0 0 0 0 0 0 0 0 0 0 0 0 0 0 0 0 0
2.309401076758482 -2.541369892306022e-16 -1.032795558988636 -1.671146678893247e-16 6.221847232633049e-15 -1.501451918308067e-14 1.83694802642183e-14 -1.520243422831856e-14 3.650160160305711e-14 -1.358898784376886e-14 1.459523596778828e-14 2.57718800499247e-14 -2.15231553012884e-14 -1.8787161602392e-15 2.162445121985049e-15 -6.841343143015016e-15 6.135429828384513e-15 -8.030119520952176e-15 1.05748419570749e-14 -7.266289188158503e-15 7.693453047550459e-15 9.436177437487861e-15 -8.811125373290979e-15 -4.610432275600689e-15 2.722183455715431e-15 2.606353481415054e-14 2.848393624998673e-14 -2.653159397067613e-14 -1.392106612659473e-14 6.556254708232118e-15 5.809342097129937e-15 1.037330705638354e-14 -1.147132382370141e-14 -2.115783975368105e-15 -4.419521644662648e-16 -1.107569441893522e-15 6.439045248395487e-16 -2.302678930828021e-15 1.831436465255425e-15 -1.498495596735031e-15
-3.33066907387547e-16 3.0983866769659 -2.102810113535636e-16 -2.028370211348421 -2.660728310042454e-16 9.099595605231466e-15 -2.728979787834779e-16 -1.098506161861389e-13 -2.974836926047054e-16 4.706545347682098e-15 1.346915200900467e-14 -1.446743201303643e-14 4.408813266722211e-15 -3.570354600216438e-14 1.366074069727823e-14 -1.333800212873045e-14 1.439181676481105e-14 -2.332231358991715e-14 3.60497656260827e-14 -1.117340811887524e-14 -1.420933675108809e-14 -1.934520223340509e-14 1.754759532124339e-14 1.657930500765438e-15 -2.881822926993627e-15 2.35513868802565e-15 -1.330838028095115e-15 2.904143939219672e-15 -4.259621016821737e-15 4.811987397088102e-15 1.515139222629835e-14 1.899073240242638e-14 -1.752276709149347e-14 -6.467942989669097e-15 3.892651717456175e-15 -3.666057607740511e-15 2.182063313678796e-15 -6.564952574616978e-15 9.672382344197903e-15 -5.552511033422858e-15
-5.88418203051333e-15 -8.014422459012849e-16 4.056740422696827 7.81760588338884e-17 -3.023715784073798 -1.919984870486021e-14 4.30327205305149e-13 -1.857249163489394e-14 -9.654106191329763e-15 -1.643351490857644e-14 1.421097160574872e-14 5.457201869758267e-14 2.405747042549811e-14 2.023887395158743e-14 -7.824033169392605e-15 -9.973790931062758e-15 3.022229480022752e-14 -6.622957390844952e-14 3.373209281360155e-14 -2.731566058414292e-15 6.417772129702071e-15 1.885175500947189e-14 -1.077003070060201e-14 1.444177283728247e-14 -1.752287551171072e-15 4.268688267444753e-14 3.394000033275779e-14 -2.362129589150719e-14 -2.913445377420061e-14 1.37617510703042e-14 1.639766339205095e-14 1.549896821127772e-14 -9.663277122928804e-15 -1.71417377905006e-14 1.073506518053935e-14 -6.950278026718326e-15 5.724831416212273e-15 -1.61485408378681e-14 2.412170601608608e-14 -6.407851679823828e-15
-8.881784197001252e-16 -1.361757928641794e-14 -1.5183167223487e-15 5.039526306789631 -6.593694625978803e-16 -1.24999999999997 -1.213374696941785e-16 3.105649968749897 6.111736055364658e-16 -2.222222222222144 -0.02762135864008191 -1.307524797662012e-13 0.06862581727786352 2.011765061958289e-14 -0.04910463758237603 -0.02762135864010322 1.317607318824382e-13 0.06862581727784242 -1.864517553209783e-14 -0.04910463758239365 -0.0006103515625055741 -2.774299887042808e-14 0.00151643064879373 -2.440894166476359e-14 -0.001085069444438901 -0.0006103515625065717 1.281255917334745e-15 0.001516430648799531 2.384710809898161e-14 -0.001085069444452797 -0.0006103515624753624 1.064480534967993e-14 0.001516430648804305 -3.191956247927674e-14 -0.0010850694444339 -0.0006103515625088352 1.572526830972976e-14 0.001516430648766449 3.365230728628876e-14 -0.001085069444448124
1.243449787580175e-14 -1.610517275096868e-14 -2.750577543508825e-14 -2.061914007589483e-14 1.874999999999957 -17.99999999999935 9.606597022316583 -17.88854381999855 -3.247595264191671 -15.99999999999958 25.89778586095654 22.44994432063703 -20.07167903745627 -14.69693845669958 9.270955575556806 -0.4419417382416373 8.108017295754832e-13 1.098013076448158 3.377742557224631e-13 -0.7856742013183168 0.009765624999988582 9.127767985894764e-14 -0.02426289038077651 -1.76590513045749e-14 0.0173611111110922 36.0097656249992 31.74901573276483 -26.85707862037559 -20.78460969082764 12.01736111111105 -0.009765624999998921 -2.447477984168778e-14 0.02426289038104293 2.472900898810304e-13 -0.01736111111105999 -0.009765625000007997 9.110767695830191e-14 0.02426289038075541 -1.55053921091497e-14 -0.01736111111111169
-1.02695629777827e-15 -2.051137037994977e-14 -6.002143226879753e-16 -7.024200286091103e-13 -1.06377978461073e-15 -7.74827169668816 -1.837004398423658e-15 -21.24154360217855 -3.312830560006294e-15 -17.63834207376728 -0.4384754750126091 -7.860991046472476e-13 1.089401076217039 -3.569720948416559e-13 -0.7795119555778137 -0.4384754750126034 7.854370365906194e-13 1.089401076217045 3.560531996191565e-13 -0.7795119555778079 -0.009689030680153348 -8.255549022173625e-14 0.02407259026318383 1.68211798656781e-14 -0.01722494343139114 -0.009689030680221889 1.957895651161223e-14 0.02407259026340008 -2.531555694240684e-13 -0.01722494343140139 -0.009689030680175102 -2.464044593364356e-14 0.02407259026345213 2.60145475040191e-13 -0.01722494343135728 -0.009689030680174791 8.843967225224958e-14 0.02407259026316896 -2.065535242845584e-14 -0.01722494343140892
1.054711873393899e-14 -1.448450734353735e-14 2.177871598341152e-13 -1.752849303421691e-14 -4.658474953124546 -17.88854381999854 20.48090477292348 -17.77777777777888 6.003124186622298 -15.90092783999887 25.29822128134753 22.31093404090224 -18.85618083164027 -14.60593486680581 8.432740427116025 5.638217215157837e-15 -1.5812855582234e-13 2.794786971294094e-13 1.839215594873125e-13 3.497603682373063e-14 -3.487574812277572e-14 -4.636135225721816e-14 -7.126244039312724e-15 -3.252199941641831e-15 -3.338475329517365e-15 35.7770876399976 31.55242550985599 -26.66666666666512 -20.6559111797752 11.92569587999941 -3.619045167713164e-14 -4.570172365547798e-14 5.9537444419e-14 8.275124292397851e-14 2.197114018498425e-14 6.877311220510052e-15 -1.345278055620014e-14 4.383299279098196e-14 -2.549547487191994e-14 -5.074066167232161e-16
1.110223024625157e-16 -8.363448822379382e-14 2.303279095228206e-15 -8.966910330573952e-14 9.592669303478633e-17 2.165063509461195 -4.186426460486489e-16 -4.690613163740839 1.329206452478811e-18 -17.70540825514811 0.04784159653869598 2.248984317190523e-13 -0.1188634022362671 -1.403668767353263e-13 0.08505172717995986 0.0478415965387465 -2.261243221748227e-13 -0.1188634022362206 1.420478894286013e-13 0.08505172718000356 0.001057159916761531 5.221864607385385e-14 -0.002626534929868717 -7.225285907769274e-15 0.001879395407521846 0.001057159916699399 1.568591177086853e-14 -0.002626534929903827 -2.721962060045144e-14 0.001879395407515284 0.001057159916700148 -4.054048763357798e-14 -0.002626534929844249 4.298780298742089e-14 0.001879395407538545 0.001057159916734881 -2.104609889141962e-14 -0.002626534929836499 -1.258108200952179e-14 0.001879395407516889
1.154631945610163e-14 -1.400268789808479e-14 -5.286136112170325e-15 -1.690964568075524e-14 3.33333333333325 -15.99999999999958 17.63834207376707 -15.90092783999887 17.32050807568837 -14.22222222222199 22.62741699796905 19.95550606278797 -16.86548085422955 -13.0639452948445 7.542472332656509 6.691233328591333e-15 1.148441828831628e-14 -4.095270129955697e-14 7.366552262767334e-15 1.569316237289703e-14 -9.9627337629693e-15 -5.052029758076393e-15 1.024440948738103e-14 2.041177624601161e-14 -6.208358480086495e-15 31.99999999999959 28.22134731801348 -23.85139175999543 -18.47520861406945 10.66666666666674 4.13129816814739e-15 -1.343499964057138e-14 1.825406145683495e-14 -1.15499074876662e-14 1.142152778604855e-14 -2.977625741459877e-15 2.930056371142076e-15 -8.420347752391422e-15 1.612157469695931e-14 -5.449200118912145e-16
