# Created from matlab git hash 00e16b208fbf08652b67ace82ddc532522841f31
# name: foo
# type: matrix
# rows: 64
# columns: 64
0.0001262842437989982 0.0001370852524682437 0.0001384506098132712 0.0001609566154812703 0.0001617834897080424 0.0001367488473404246 -0.0001061342667415524 -6.110966057686781e-05 -4.821811320908421e-07 4.73942046251916e-07 1.304914291289011e-07 -1.609969197500455e-07 0.0002287397966637963 0.000193321693164983 -0.0001497460620068463 -8.645497839522154e-05 -3.546494764916063e-07 2.341947106180657e-07 8.325888829936009e-07 -5.655618406716431e-07 -1.881975610242939e-09 7.577034932291326e-09 6.752074549830574e-10 1.845653269116045e-09 -4.739036312046924e-10 2.855786716061366e-09 2.437203432815327e-10 8.283768029588401e-10 0.0003234864874754924 0.0002733976605591912 -0.0002117716304491114 -0.0001222660123537023 2.401005981604328e-05 -2.439440804338483e-05 4.582867212554369e-06 -3.726675180777386e-07 -8.482507332091804e-09 3.194185680290108e-08 7.164121957021053e-09 8.74635579042442e-09 -2.297293001054179e-09 1.339569058683696e-08 1.574181825747858e-09 4.022028219012116e-09 -9.326111234430528e-10 7.400973997491973e-09 6.180029740842468e-10 2.286419661639791e-09 -4.72459173771758e-10 4.719454928758435e-09 3.105093496083455e-10 1.47578678001447e-09 -2.730093043712655e-10 3.279756052871125e-09 1.78970476603506e-10 1.032180860446832e-09 -1.722072721081383e-10 2.41456252501573e-09 1.127868580597584e-10 7.628236747867223e-10 0.0004574791340234068 0.0003866423873683524 -0.0002994903943538402 -0.0001729103166306668
6.44978088873123e-05 0.0001894684589681402 0.0002488359153296905 0.0002817146997064692 0.0002800035710775715 0.0002367288792897329 -0.0001828772865041491 -0.0001059566825266119 8.148303834607133e-07 -8.113070219134482e-07 -1.920279175222718e-07 2.730993466673724e-07 0.0003961887432505081 0.0003348393193271792 -0.0002593651041421094 -0.000149746065307922 6.128420514295052e-07 -4.028358199077257e-07 -1.44052639800199e-06 9.837111002027317e-07 2.901797596629661e-09 -1.124766294173848e-08 -8.212670274320994e-10 -2.666259239649956e-09 7.113126690593505e-10 -3.730574098247651e-09 -3.421008907045329e-10 -1.058155373924354e-09 0.0005602964529539923 0.0004735349843430013 -0.0003668001040124168 -0.0002117725593165356 -4.17174336020459e-05 4.238965630611018e-05 -7.962390547811208e-06 6.515797115893447e-07 1.426380637047988e-08 -5.133513609168872e-08 -1.191985826669297e-08 -1.381490185376198e-08 3.762271306174954e-09 -2.032450120471937e-08 -2.556760477846236e-09 -6.040188761293741e-09 1.489742562337553e-09 -1.057511994402457e-08 -9.814759481789654e-10 -3.241575523589518e-09 7.352319955336543e-10 -6.329906376971366e-09 -4.811447503383766e-10 -1.96640282752703e-09 4.134006570463105e-10 -4.112620777260715e-09 -2.700938114127039e-10 -1.286762744955737e-09 2.534632974919814e-10 -2.817415381621184e-09 -1.655450649450623e-10 -8.853308673184085e-10 0.0007923786191389071 0.0006696800205643215 -0.0005187335713623827 -0.0002994915352818267
2.826430688713901e-06 7.138706705066098e-05 0.0002505029402647432 0.0003591127576110064 0.0003620525236772709 0.0003055904462140315 -0.0002376852577044353 -0.0001365288649811661 -9.985538927635901e-07 1.022165534446203e-06 1.58819988663149e-07 -3.374546215859968e-07 0.0005114790297912309 0.0004322778814164293 -0.0003348435088599809 -0.0001933202328946858 -7.874007408836815e-07 5.127136240195952e-07 1.855400282602053e-06 -1.280630453258015e-06 -2.807595250672749e-09 9.60088587628308e-09 1.473507375191712e-10 2.051090342923017e-09 -6.311173835912571e-10 1.628693292556725e-09 2.318026493891722e-10 3.78663488955951e-10 0.0007233388051777884 0.000611332860487571 -0.000473536440561094 -0.0002733965418648981 5.419150291908422e-05 -5.507629573109796e-05 1.034249033744983e-05 -8.570969474198885e-07 -1.728901231419143e-08 5.580567918148215e-08 1.410503312876175e-08 1.433509522718989e-08 -4.288192040669589e-09 1.869256112475651e-08 2.855192824968558e-09 5.369080245986136e-09 -1.593780076654501e-09 7.76925765875488e-09 1.033775445523139e-09 2.300641941705644e-09 -7.312452696767626e-10 3.336185593774399e-09 4.725144076594445e-10 9.92471197777339e-10 -3.777519899997124e-10 1.198448869481737e-09 2.440751190609043e-10 3.477056628017105e-10 -2.097223099114068e-10 5.96115757579914e-11 1.355566688739123e-10 1.942133545935615e-13 0.001022955713999722 0.0008645548921084085 -0.0006696817141405792 -0.0003866411610447368
-1.625255183156411e-06 3.420686697855736e-06 8.482960361678257e-05 0.0003113510080827713 0.0004196544639963787 0.0003619922928357227 -0.0002655861522001429 -0.0001620876189807477 7.548560595976892e-07 -1.164377830718192e-06 5.504343190217972e-07 3.722959369138371e-07 0.0006048558847260731 0.0005114806757432321 -0.0003956086939371382 -0.000228738834559919 9.108999979850283e-07 -5.937608805746904e-07 -2.162460988189555e-06 1.534527830817524e-06 -1.29795855438714e-08 -2.398502609418232e-09 2.696036450217425e-08 1.028516828379521e-10 -1.435264427745999e-08 3.874586208860128e-09 2.555446647410331e-08 1.348928368511324e-09 0.0008558503223866636 0.0007233424586637456 -0.0005602696023658768 -0.0003234850566683965 -6.470490964734834e-05 6.578180268849835e-05 -1.234697246082967e-05 1.042876553850423e-06 1.775248898324336e-08 -4.695560188586388e-08 -1.321547830811648e-08 -1.058569397788964e-08 3.391070270390551e-09 -8.375637326365606e-09 -1.439147793688515e-09 -1.930468222008453e-09 6.410104354294551e-10 1.517362887303227e-09 3.269456653590591e-10 7.078620517939552e-10 -1.759511110304074e-10 4.854371097982516e-09 8.362945893510878e-10 1.63990277050509e-09 -4.811779619972542e-10 6.063835573989646e-09 1.026255976770249e-09 1.979131193134591e-09 -6.099277166827488e-10 6.440343544492693e-09 1.106433077272547e-09 2.079443611821478e-09 0.001210375130115649 0.001022960712205962 -0.0007923758166268012 -0.0004574769752910556
5.090367249214399e-07 -1.164971029027735e-06 2.272135209199816e-06 4.808768752079521e-05 0.0003100620860806298 0.0003871572323470519 -2.807291237036911e-06 0.0001825607204324593 1.685426070324833e-06 1.019551264594657e-06 -4.876047363944195e-06 -2.939774991742397e-07 0.0006024885489986757 0.0005114035270416971 -0.0003914084412449844 -0.0002287783297228952 -7.996007930443041e-07 5.694427318235872e-07 1.972419158747616e-06 -1.574723743241581e-06 2.434814330736147e-08 -9.58942752201071e-08 -1.469666131660577e-07 3.032065746693861e-08 -6.001689763875828e-08 -2.274230516085667e-07 1.793156044292035e-07 -6.107047320314572e-08 0.0008557767351886224 0.0007232786401058856 -0.0005601075472324627 -0.0003235076174801055 6.584951647527844e-05 -6.698494464647482e-05 1.255745060606748e-05 -1.101862216913448e-06 -8.93833242373989e-09 7.406284338510472e-09 4.277077884048981e-10 -2.629553947215893e-09 3.280164087548408e-09 -2.009143664427086e-08 -8.134454379065051e-09 -7.229055697554263e-09 -1.282714850789295e-07 -1.364272843924835e-07 7.823826196250793e-08 4.260510089636595e-08 5.660096696677344e-08 -4.095233382559592e-07 -3.116726683734467e-08 -1.254066642472605e-07 2.819079904658721e-08 -2.260725683745528e-07 -1.267625178878298e-08 -6.960850319364261e-08 1.43874310550349e-08 -1.234477240086797e-07 -3.707837583299919e-09 -3.802647305042345e-08 0.001210394380680613 0.001022902279688735 -0.0007923834499108917 -0.0004575023582928752
