# Created from matlab git hash 44e5d814ece930399b58c9298dbb19a28bd9b520
# name: foo
# type: matrix
# rows: 64
# columns: 64
1 -7.401111608017746e-33 -3.503246160812043e-46 -3.26317949447327e-33 -3.180309897297749e-33 -8.146692165827048e-34 3.625151843412764e-33 -5.618534326785203e-33 5.726818400120398e-33 1.895254175153556e-33 8.758115402030107e-47 -3.874537233818015e-33 -4.36157421915078e-34 -1.186233735823413e-33 1.532670195355269e-46 -7.930493228017874e-34 -8.186521292015379e-35 -2.073210130324314e-46 4.379057701015053e-47 -6.34724009431546e-34 -8.18652129216897e-35 3.075603807197291e-46 -1.532670195355269e-46 -6.347240094398353e-34 -8.186521292126755e-35 -7.629139588487163e-47 -8.758115402030107e-47 -6.347240094319633e-34 -8.18652129194723e-35 2.641119175924704e-46 -1.040026203991075e-46 -6.347240094388591e-34 -3.513770793161064e-47 -1.711925657939047e-34 -1.395814008970836e-33 4.511744479283057e-33 -6.767662369735585e-47 -1.711925657854408e-34 1.449299465450837e-34 4.511744479282514e-33 -1.680028259120854e-47 -1.711925657886484e-34 1.449299465467258e-34 4.511744479283154e-33 -7.903501893199683e-47 -1.711925657781832e-34 1.44929946538734e-34 -1.651231342757647e-33 5.422660184852466e-47 -1.71192565793802e-34 -1.395814008970113e-33 1.067472030132223e-32 -1.232833806315947e-47 -1.711925657850412e-34 1.449299465453245e-34 4.511744479282311e-33 3.988558936346225e-48 -1.711925657884322e-34 1.449299465459376e-34 4.511744479283015e-33 -4.75234048976896e-47 -1.711925657791199e-34 1.449299465375298e-34 4.511744479282515e-33
3.438266832063283e-33 1 7.819703576060751e-33 4.926076140242016e-31 -1.034198214392791e-32 2.726974030261925e-31 -5.39814884369791e-33 5.599225212812177e-31 -2.110634336334052e-33 -2.404048772163151e-31 -9.713815324255617e-35 -2.872552885780927e-32 1.094872925517184e-34 7.300567341896071e-32 -4.685591740086107e-45 -1.149141610517232e-31 2.200601823474567e-33 2.746557288173053e-32 -5.142710662584388e-33 -6.028639619421064e-32 1.93936061611247e-33 4.017220691173744e-33 3.864518421145785e-45 5.164861684564454e-32 -2.192801312144706e-34 1.34395923352996e-32 -1.62025134937557e-45 5.021557179967623e-32 -9.022744305405624e-35 -4.382623290906885e-32 1.80636130166871e-45 6.11521007345088e-32 5.734442376268557e-34 -1.412787099903999e-33 -1.871369224557494e-34 -1.049021902268683e-32 1.764595100941164e-33 -2.680489000541031e-33 6.328105973885715e-34 4.331698921908404e-34 8.187177251135894e-34 5.554570887114057e-33 -1.069006736682561e-33 -2.719103950809195e-32 -2.445621344129e-34 3.889241714190761e-32 -1.478571577918916e-33 -1.68367272715632e-32 3.685604149861478e-34 1.344636709582185e-32 -2.811249174003621e-34 -1.618647984227074e-32 -8.08014442670037e-34 -7.864458998347735e-33 9.874913129477201e-34 -2.431969715996205e-32 1.052654152057757e-34 6.32638081238989e-33 -1.443093463077516e-33 8.512308711142916e-34 -2.948337965157838e-33 -1.172423096432383e-32 3.406254172008898e-33 1.832059580786713e-33
-7.006492321624085e-46 1.071088393532925e-33 1 1.23013260813264e-32 -2.96978957242705e-31 -2.146115031642965e-33 -2.097656870996574e-30 -3.732508489512874e-33 4.007417261459989e-32 1.484863354601855e-31 -1.370910643846891e-31 -3.211985038325418e-31 -9.603230868797578e-32 2.518560257193843e-32 -7.006634058888132e-31 3.093300921601228e-31 1.290414533852495e-32 2.49371127085694e-33 2.211495038148938e-34 -2.844493672955543e-33 -1.952877648180306e-34 -4.106606026835009e-34 -2.940033828285748e-33 2.401881452678893e-32 -1.080235949971087e-32 9.004648051727225e-33 -9.747049847866444e-33 -1.069189823929837e-32 7.459098617189544e-33 -1.218660282276926e-32 -5.117681577442975e-32 1.821583436722596e-31 6.599069166209359e-33 -6.923902872859466e-32 1.033927390680378e-32 -1.585056485639182e-33 4.51866346605208e-33 -5.926810279436229e-32 8.646238412971104e-33 -3.140988023275656e-32 -3.229586496539763e-33 4.626901034828786e-33 -2.375465213950044e-32 4.913753781072077e-33 -2.8655694987565e-34 -3.106488134661933e-33 -2.208256456841016e-32 6.955113080174172e-33 -7.831740100533117e-34 1.056008014817191e-32 -6.542605998167727e-33 -8.500858623357239e-33 1.277034388044004e-33 1.589250609332613e-32 -1.830413612182429e-33 2.197383712739771e-32 2.230887166755447e-33 6.115192960398892e-33 1.020022084240859e-33 -4.141987545452161e-32 -4.358158028748384e-33 -5.300748574032842e-33 -3.968844395920885e-33 -1.55036466861339e-32
-1.321878257425784e-33 -1.887252226133879e-31 -4.945466565231604e-32 1 -1.920130865371494e-32 -6.041089533760803e-30 5.880430321627665e-34 -2.776331009715334e-32 7.690436742253938e-32 -5.188218433714418e-32 1.864150619945172e-30 7.711065288309646e-32 -1.259866258486138e-31 -1.61670867228575e-30 -1.005273244228005e-30 -9.781810150905806e-32 7.846218363563929e-34 1.113498135935981e-32 1.114206564416103e-31 -3.02731618139678e-32 5.285133018880359e-32 -4.451092999800774e-33 6.27741402890269e-32 -2.322991515983163e-31 -1.248125961433972e-32 1.632760105601269e-32 -1.522151734983857e-31 3.250849318756269e-32 3.72560463969655e-32 1.839938990940822e-31 8.163643718584638e-31 -3.408131402388182e-31 -4.582664100238661e-33 9.21464247302551e-32 5.364144199455102e-32 2.40405420618769e-32 1.00051318928648e-32 1.283345873924547e-32 1.619826259706025e-31 6.428754157273224e-32 -5.923138160417522e-33 -1.772333353357812e-33 1.133195976859644e-32 -1.787809873334212e-32 -3.20149021517416e-34 4.945803754759292e-33 4.625921394523869e-33 -1.506154236930493e-32 2.297941593652758e-33 -2.315751551628657e-32 -4.594637933478971e-33 1.69975229804711e-32 9.9853200051092e-33 1.935267835104356e-33 -1.369969597616687e-32 -4.836737468487036e-33 2.913911472906614e-33 1.342364438876968e-32 3.86698236814527e-32 -5.932712822364403e-32 1.414993838569546e-32 3.559537926863332e-32 -1.576844835656491e-31 9.849803348541822e-32
-3.778476415858879e-32 1.091009185825126e-32 3.729187403880585e-31 -5.135028012695773e-32 1 2.526131015340891e-33 2.492544753164598e-31 -7.838216533495388e-33 -6.749056768318415e-33 1.066513608384386e-30 -6.489110773253013e-33 -2.123038390708189e-33 5.860809463181464e-34 -7.377400850152344e-30 -5.836840870828274e-33 2.123038390726406e-33 -9.874056642991956e-32 5.168705716199307e-31 -6.854012438698558e-32 4.725599255244227e-32 -5.674418338398985e-32 8.54270716806904e-31 -1.003275747378775e-30 9.794919419427697e-32 -2.956898861805866e-31 -5.168705716199532e-31 6.85401243869517e-32 5.135162060018351e-32 2.539594096892227e-31 -8.542707168069018e-31 -5.744460630632293e-31 6.584189583498956e-34 4.540906551162415e-32 -9.555988170649569e-32 -2.222070424847955e-31 -1.383867761749361e-31 7.750986577366971e-33 -3.246403279178484e-32 -1.550404207781292e-31 -6.836747192862186e-32 -3.19078769312889e-33 -1.840113628119334e-32 4.594061033073782e-32 -1.72933690298391e-32 -3.287862800324945e-32 -9.440286989671135e-32 -1.322010573438689e-32 1.807149578396246e-31 3.894741064687732e-33 2.927751080117499e-31 2.222070424847968e-31 1.383867761749354e-31 -7.750986577366364e-33 7.812129503622537e-33 1.550404207781264e-31 1.906366535231121e-32 1.551673933720613e-32 1.840113628118904e-32 5.266700282188807e-32 -8.131424412278613e-32 3.287862800324536e-32 9.440286989670237e-32 -1.839951205708602e-31 -1.807149578396242e-31
