# Created from matlab git hash 88d5ed852c06746169389081f8981de2355f335e
# name: foo
# type: matrix
# rows: 152
# columns: 1
8
9
260
65540
10
11
261
65541
12
13
262
65542
14
15
263
65543
260
261
514
770
65794
262
263
515
771
65795
514
515
1025
1281
66049
770
771
1537
1793
66305
65540
65541
65794
131074
196610
65542
65543
65795
131075
196611
65794
65795
66049
66305
131329
196865
66049
66560
66816
131584
197120
66305
67072
67328
131840
197376
131074
131075
131329
262145
327681
196610
196611
196865
393217
458753
131329
131584
131840
262400
327936
196865
197120
197376
393472
459008
262145
262400
524288
589824
327681
327936
655360
720896
393217
393472
786432
851968
458753
459008
917504
983040
4
5
258
65538
6
7
259
65539
258
259
513
769
65793
513
1024
1280
66048
769
1536
1792
66304
65538
65539
65793
131073
196609
65793
66048
66304
131328
196864
131073
131328
262144
327680
196609
196864
393216
458752
2
3
257
65537
257
512
768
65792
65537
65792
131072
196608
1
256
65536
