# Created from matlab git hash 88d5ed852c06746169389081f8981de2355f335e
# name: foo
# type: matrix
# rows: 220
# columns: 1
32
33
272
34
35
273
36
37
274
38
39
275
40
41
276
42
43
277
44
45
278
46
47
279
48
49
280
50
51
281
52
53
282
54
55
283
56
57
284
58
59
285
60
61
286
62
63
287
272
273
520
776
274
275
521
777
276
277
522
778
278
279
523
779
280
281
524
780
282
283
525
781
284
285
526
782
286
287
527
783
520
521
1028
1284
522
523
1029
1285
524
525
1030
1286
526
527
1031
1287
776
777
1540
1796
778
779
1541
1797
780
781
1542
1798
782
783
1543
1799
16
17
264
18
19
265
20
21
266
22
23
267
24
25
268
26
27
269
28
29
270
30
31
271
264
265
516
772
266
267
517
773
268
269
518
774
270
271
519
775
516
517
1026
1282
518
519
1027
1283
772
773
1538
1794
774
775
1539
1795
8
9
260
10
11
261
12
13
262
14
15
263
260
261
514
770
262
263
515
771
514
515
1025
1281
770
771
1537
1793
4
5
258
6
7
259
258
259
513
769
513
1024
1280
769
1536
1792
2
3
257
257
512
768
1
256
