# Created from matlab git hash 88d5ed852c06746169389081f8981de2355f335e
# name: foo
# type: matrix
# rows: 1408
# columns: 1
1
256
65536
2
3
257
65537
4
5
258
65538
6
7
259
65539
8
9
260
65540
10
11
261
65541
12
13
262
65542
14
15
263
65543
257
512
768
65792
258
259
513
769
65793
260
261
514
770
65794
262
263
515
771
65795
264
265
516
772
65796
266
267
517
773
65797
268
269
518
774
65798
270
271
519
775
65799
513
1024
1280
66048
769
1536
1792
66304
514
515
1025
1281
66049
770
771
1537
1793
66305
516
517
1026
1282
66050
518
519
1027
1283
66051
772
773
1538
1794
66306
774
775
1539
1795
66307
520
521
1028
1284
66052
522
523
1029
1285
66053
524
525
1030
1286
66054
526
527
1031
1287
66055
776
777
1540
1796
66308
778
779
1541
1797
66309
780
781
1542
1798
66310
782
783
1543
1799
66311
65537
65792
131072
196608
65538
65539
65793
131073
196609
65540
65541
65794
131074
196610
65542
65543
65795
131075
196611
65544
65545
65796
131076
196612
65546
65547
65797
131077
196613
65548
65549
65798
131078
196614
65550
65551
65799
131079
196615
65793
66048
66304
131328
196864
65794
65795
66049
66305
131329
196865
65796
65797
66050
66306
131330
196866
65798
65799
66051
66307
131331
196867
65800
65801
66052
66308
131332
196868
65802
65803
66053
66309
131333
196869
65804
65805
66054
66310
131334
196870
65806
65807
66055
66311
131335
196871
66049
66560
66816
131584
197120
66305
67072
67328
131840
197376
66050
66051
66561
66817
131585
197121
66306
66307
67073
67329
131841
197377
66052
66053
66562
66818
131586
197122
66054
66055
66563
66819
131587
197123
66308
66309
67074
67330
131842
197378
66310
66311
67075
67331
131843
197379
66056
66057
66564
66820
131588
197124
66058
66059
66565
66821
131589
197125
66060
66061
66566
66822
131590
197126
66062
66063
66567
66823
131591
197127
66312
66313
67076
67332
131844
197380
66314
66315
67077
67333
131845
197381
66316
66317
67078
67334
131846
197382
66318
66319
67079
67335
131847
197383
131073
131328
262144
327680
196609
196864
393216
458752
131074
131075
131329
262145
327681
196610
196611
196865
393217
458753
131076
131077
131330
262146
327682
131078
131079
131331
262147
327683
196612
196613
196866
393218
458754
196614
196615
196867
393219
458755
131080
131081
131332
262148
327684
131082
131083
131333
262149
327685
131084
131085
131334
262150
327686
131086
131087
131335
262151
327687
196616
196617
196868
393220
458756
196618
196619
196869
393221
458757
196620
196621
196870
393222
458758
196622
196623
196871
393223
458759
131329
131584
131840
262400
327936
196865
197120
197376
393472
459008
131330
131331
131585
131841
262401
327937
196866
196867
197121
197377
393473
459009
131332
131333
131586
131842
262402
327938
131334
131335
131587
131843
262403
327939
196868
196869
197122
197378
393474
459010
196870
196871
197123
197379
393475
459011
131336
131337
131588
131844
262404
327940
131338
131339
131589
131845
262405
327941
131340
131341
131590
131846
262406
327942
131342
131343
131591
131847
262407
327943
196872
196873
197124
197380
393476
459012
196874
196875
197125
197381
393477
459013
196876
196877
197126
197382
393478
459014
196878
196879
197127
197383
393479
459015
131585
132096
132352
262656
328192
131841
132608
132864
262912
328448
197121
197632
197888
393728
459264
197377
198144
198400
393984
459520
131586
131587
132097
132353
262657
328193
131842
131843
132609
132865
262913
328449
197122
197123
197633
197889
393729
459265
197378
197379
198145
198401
393985
459521
131588
131589
132098
132354
262658
328194
131590
131591
132099
132355
262659
328195
131844
131845
132610
132866
262914
328450
131846
131847
132611
132867
262915
328451
197124
197125
197634
197890
393730
459266
197126
197127
197635
197891
393731
459267
197380
197381
198146
198402
393986
459522
197382
197383
198147
198403
393987
459523
131592
131593
132100
132356
262660
328196
131594
131595
132101
132357
262661
328197
131596
131597
132102
132358
262662
328198
131598
131599
132103
132359
262663
328199
131848
131849
132612
132868
262916
328452
131850
131851
132613
132869
262917
328453
131852
131853
132614
132870
262918
328454
131854
131855
132615
132871
262919
328455
197128
197129
197636
197892
393732
459268
197130
197131
197637
197893
393733
459269
197132
197133
197638
197894
393734
459270
197134
197135
197639
197895
393735
459271
197384
197385
198148
198404
393988
459524
197386
197387
198149
198405
393989
459525
197388
197389
198150
198406
393990
459526
197390
197391
198151
198407
393991
459527
262145
262400
524288
589824
327681
327936
655360
720896
393217
393472
786432
851968
458753
459008
917504
983040
262146
262147
262401
524289
589825
327682
327683
327937
655361
720897
393218
393219
393473
786433
851969
458754
458755
459009
917505
983041
262148
262149
262402
524290
589826
262150
262151
262403
524291
589827
327684
327685
327938
655362
720898
327686
327687
327939
655363
720899
393220
393221
393474
786434
851970
393222
393223
393475
786435
851971
458756
458757
459010
917506
983042
458758
458759
459011
917507
983043
262152
262153
262404
524292
589828
262154
262155
262405
524293
589829
262156
262157
262406
524294
589830
262158
262159
262407
524295
589831
327688
327689
327940
655364
720900
327690
327691
327941
655365
720901
327692
327693
327942
655366
720902
327694
327695
327943
655367
720903
393224
393225
393476
786436
851972
393226
393227
393477
786437
851973
393228
393229
393478
786438
851974
393230
393231
393479
786439
851975
458760
458761
459012
917508
983044
458762
458763
459013
917509
983045
458764
458765
459014
917510
983046
458766
458767
459015
917511
983047
262401
262656
262912
524544
590080
327937
328192
328448
655616
721152
393473
393728
393984
786688
852224
459009
459264
459520
917760
983296
262402
262403
262657
262913
524545
590081
327938
327939
328193
328449
655617
721153
393474
393475
393729
393985
786689
852225
459010
459011
459265
459521
917761
983297
262404
262405
262658
262914
524546
590082
262406
262407
262659
262915
524547
590083
327940
327941
328194
328450
655618
721154
327942
327943
328195
328451
655619
721155
393476
393477
393730
393986
786690
852226
393478
393479
393731
393987
786691
852227
459012
459013
459266
459522
917762
983298
459014
459015
459267
459523
917763
983299
262408
262409
262660
262916
524548
590084
262410
262411
262661
262917
524549
590085
262412
262413
262662
262918
524550
590086
262414
262415
262663
262919
524551
590087
327944
327945
328196
328452
655620
721156
327946
327947
328197
328453
655621
721157
327948
327949
328198
328454
655622
721158
327950
327951
328199
328455
655623
721159
393480
393481
393732
393988
786692
852228
393482
393483
393733
393989
786693
852229
393484
393485
393734
393990
786694
852230
393486
393487
393735
393991
786695
852231
459016
459017
459268
459524
917764
983300
459018
459019
459269
459525
917765
983301
459020
459021
459270
459526
917766
983302
459022
459023
459271
459527
917767
983303
262657
263168
263424
524800
590336
262913
263680
263936
525056
590592
328193
328704
328960
655872
721408
328449
329216
329472
656128
721664
393729
394240
394496
786944
852480
393985
394752
395008
787200
852736
459265
459776
460032
918016
983552
459521
460288
460544
918272
983808
262658
262659
263169
263425
524801
590337
262914
262915
263681
263937
525057
590593
328194
328195
328705
328961
655873
721409
328450
328451
329217
329473
656129
721665
393730
393731
394241
394497
786945
852481
393986
393987
394753
395009
787201
852737
459266
459267
459777
460033
918017
983553
459522
459523
460289
460545
918273
983809
262660
262661
263170
263426
524802
590338
262662
262663
263171
263427
524803
590339
262916
262917
263682
263938
525058
590594
262918
262919
263683
263939
525059
590595
328196
328197
328706
328962
655874
721410
328198
328199
328707
328963
655875
721411
328452
328453
329218
329474
656130
721666
328454
328455
329219
329475
656131
721667
393732
393733
394242
394498
786946
852482
393734
393735
394243
394499
786947
852483
393988
393989
394754
395010
787202
852738
393990
393991
394755
395011
787203
852739
459268
459269
