# Created from matlab git hash 88d5ed852c06746169389081f8981de2355f335e
# name: foo
# type: matrix
# rows: 476
# columns: 1
1
256
2
3
257
4
5
258
6
7
259
8
9
260
10
11
261
12
13
262
14
15
263
16
17
264
18
19
265
20
21
266
22
23
267
24
25
268
26
27
269
28
29
270
30
31
271
32
33
272
34
35
273
36
37
274
38
39
275
40
41
276
42
43
277
44
45
278
46
47
279
48
49
280
50
51
281
52
53
282
54
55
283
56
57
284
58
59
285
60
61
286
62
63
287
257
512
768
258
259
513
769
260
261
514
770
262
263
515
771
264
265
516
772
266
267
517
773
268
269
518
774
270
271
519
775
272
273
520
776
274
275
521
777
276
277
522
778
278
279
523
779
280
281
524
780
282
283
525
781
284
285
526
782
286
287
527
783
288
289
528
784
290
291
529
785
292
293
530
786
294
295
531
787
296
297
532
788
298
299
533
789
300
301
534
790
302
303
535
791
304
305
536
792
306
307
537
793
308
309
538
794
310
311
539
795
312
313
540
796
314
315
541
797
316
317
542
798
318
319
543
799
513
1024
1280
769
1536
1792
514
515
1025
1281
770
771
1537
1793
516
517
1026
1282
518
519
1027
1283
772
773
1538
1794
774
775
1539
1795
520
521
1028
1284
522
523
1029
1285
524
525
1030
1286
526
527
1031
1287
776
777
1540
1796
778
779
1541
1797
780
781
1542
1798
782
783
1543
1799
528
529
1032
1288
530
531
1033
1289
532
533
1034
1290
534
535
1035
1291
536
537
1036
1292
538
539
1037
1293
540
541
1038
1294
542
543
1039
1295
784
785
1544
1800
786
787
1545
1801
788
789
1546
1802
790
791
1547
1803
792
793
1548
1804
794
795
1549
1805
796
797
1550
1806
798
799
1551
1807
544
545
1040
1296
546
547
1041
1297
548
549
1042
1298
550
551
1043
1299
552
553
1044
1300
554
555
1045
1301
556
557
1046
1302
558
559
1047
1303
560
561
1048
1304
562
563
1049
1305
564
565
1050
1306
566
567
1051
1307
568
569
1052
1308
570
571
1053
1309
572
573
1054
1310
574
575
1055
1311
800
801
1552
1808
802
803
1553
1809
804
805
1554
1810
806
807
1555
1811
808
809
1556
1812
810
811
1557
1813
812
813
1558
1814
814
815
1559
1815
816
817
1560
1816
818
819
1561
1817
820
821
1562
1818
822
823
1563
1819
824
825
1564
1820
826
827
1565
1821
828
829
1566
1822
830
831
1567
1823
