# Created from matlab git hash 23998a2ad3b03124e7bddb615f9834a5ccd2ca3a
# name: foo
# type: matrix
# rows: 20
# columns: 4
0 0 0 0
1 0 0 0
2 0 0 0
2 0 1 0
3 0 0 0
3 0 1 0
3 0 2 0
3 0 3 0
0 1 0 0
1 1 0 0
2 1 0 0
2 1 1 0
0 2 0 0
0 2 0 1
1 2 0 0
1 2 0 1
0 3 0 0
0 3 0 1
0 3 0 2
0 3 0 3
