# Created from matlab git hash 88d5ed852c06746169389081f8981de2355f335e
# name: foo
# type: matrix
# rows: 256
# columns: 1
0
1
2
3
4
5
6
7
256
257
258
259
260
261
262
263
512
768
513
769
514
515
770
771
516
517
518
519
772
773
774
775
65536
65537
65538
65539
65540
65541
65542
65543
65792
65793
65794
65795
65796
65797
65798
65799
66048
66304
66049
66305
66050
66051
66306
66307
66052
66053
66054
66055
66308
66309
66310
66311
131072
196608
131073
196609
131074
131075
196610
196611
131076
131077
131078
131079
196612
196613
196614
196615
131328
196864
131329
196865
131330
131331
196866
196867
131332
131333
131334
131335
196868
196869
196870
196871
131584
131840
197120
197376
131585
131841
197121
197377
131586
131587
131842
131843
197122
197123
197378
197379
131588
131589
131590
131591
131844
131845
131846
131847
197124
197125
197126
197127
197380
197381
197382
197383
262144
327680
393216
458752
262145
327681
393217
458753
262146
262147
327682
327683
393218
393219
458754
458755
262148
262149
262150
262151
327684
327685
327686
327687
393220
393221
393222
393223
458756
458757
458758
458759
262400
327936
393472
459008
262401
327937
393473
459009
262402
262403
327938
327939
393474
393475
459010
459011
262404
262405
262406
262407
327940
327941
327942
327943
393476
393477
393478
393479
459012
459013
459014
459015
262656
262912
328192
328448
393728
393984
459264
459520
262657
262913
328193
328449
393729
393985
459265
459521
262658
262659
262914
262915
328194
328195
328450
328451
393730
393731
393986
393987
459266
459267
459522
459523
262660
262661
262662
262663
262916
262917
262918
262919
328196
328197
328198
328199
328452
328453
328454
328455
393732
393733
393734
393735
393988
393989
393990
393991
459268
459269
459270
459271
459524
459525
459526
459527
