# Created from matlab git hash 78dc986b69a3e9573c0f04a335fe44be873f857e
# name: foo
# type: matrix
# rows: 34
# columns: 1
5
6
7
8
11
12
18
26
67
68
74
81
89
130
194
137
201
257
321
385
449
3
4
10
17
25
66
73
129
193
2
9
65
1
