# Created from matlab git hash 88d5ed852c06746169389081f8981de2355f335e
# name: foo
# type: matrix
# rows: 34
# columns: 1
4
5
6
7
258
259
513
769
65538
65539
65793
66048
66304
131073
196609
131328
196864
262144
327680
393216
458752
2
3
257
512
768
65537
65792
131072
196608
1
256
65536
0
