# Created from matlab git hash 88d5ed852c06746169389081f8981de2355f335e
# name: foo
# type: matrix
# rows: 64
# columns: 1
16
17
18
19
20
21
22
23
24
25
26
27
28
29
30
31
264
265
266
267
268
269
270
271
516
517
518
519
772
773
774
775
8
9
10
11
12
13
14
15
260
261
262
263
514
515
770
771
4
5
6
7
258
259
513
769
2
3
257
512
768
1
256
0
