# Created from matlab git hash 88d5ed852c06746169389081f8981de2355f335e
# name: foo
# type: matrix
# rows: 128
# columns: 1
0
1
2
3
4
5
6
7
8
9
10
11
12
13
14
15
16
17
18
19
20
21
22
23
24
25
26
27
28
29
30
31
256
257
258
259
260
261
262
263
264
265
266
267
268
269
270
271
272
273
274
275
276
277
278
279
280
281
282
283
284
285
286
287
512
768
513
769
514
515
770
771
516
517
518
519
772
773
774
775
520
521
522
523
524
525
526
527
776
777
778
779
780
781
782
783
528
529
530
531
532
533
534
535
536
537
538
539
540
541
542
543
784
785
786
787
788
789
790
791
792
793
794
795
796
797
798
799
